#!ascii label, projected from MNI152 2 mm to fsaverage6
795
10 -53.472206 -22.486868 -4.517102 1.000000
28 -48.424660 -9.043317 -10.748770 1.000000
85 -58.855431 -18.945744 -15.983027 1.000000
151 -49.480522 -0.013010 -26.388992 1.000000
205 -49.305817 -21.261433 -13.041982 1.000000
331 -52.158314 -3.330011 -14.868353 1.000000
332 -55.094238 7.274890 -11.911158 1.000000
433 -48.844109 3.120617 -17.216045 1.000000
532 -58.094513 -14.403717 -5.379898 1.000000
607 -50.240856 -12.691022 -14.782237 1.000000
608 -53.900349 -9.409205 -23.429409 1.000000
610 -48.584785 11.737009 -23.995331 1.000000
685 -49.402081 -21.494043 -8.190364 1.000000
812 -52.156483 1.939112 -9.795033 1.000000
1169 -60.954601 -20.750132 1.077507 1.000000
1350 -59.116890 -10.951665 -4.903697 1.000000
1351 -53.163963 -13.721716 -9.682347 1.000000
1352 -54.634987 -9.605979 -9.407933 1.000000
1353 -49.154289 -1.966974 -20.735836 1.000000
1354 -48.963146 -6.924265 -21.008823 1.000000
1355 -52.011585 -4.162341 -25.390793 1.000000
1358 -46.874969 8.359873 -21.063122 1.000000
1359 -49.630360 12.823090 -18.145350 1.000000
1360 -46.604530 15.725062 -24.205563 1.000000
1521 -53.587109 -20.885616 -15.784500 1.000000
1747 -55.780201 -4.432353 -8.207088 1.000000
1749 -54.967018 2.319058 -13.392555 1.000000
1750 -51.720734 3.423522 -19.816435 1.000000
1752 -41.874256 17.685726 -30.269474 1.000000
1968 -45.153664 -11.848955 -14.077733 1.000000
1969 -49.024651 -2.880163 -13.628786 1.000000
1970 -46.048222 -6.734203 -16.702108 1.000000
1971 -46.132069 -1.344112 -19.768604 1.000000
2235 -60.553802 -21.220732 -2.692545 1.000000
2236 -55.679047 -18.423820 -4.283276 1.000000
2237 -61.934761 -17.323135 -2.094305 1.000000
2245 -47.689735 -14.379906 -7.948666 1.000000
2455 -51.059826 -17.574095 -9.053028 1.000000
2456 -49.291344 -16.964224 -14.171656 1.000000
2457 -52.409058 -16.414494 -17.647953 1.000000
2458 -50.878864 -8.339205 -14.714597 1.000000
2459 -50.101357 -11.562040 -19.962772 1.000000
2460 -56.188515 -14.372137 -19.580114 1.000000
2461 -59.594402 -10.665502 -21.235037 1.000000
2464 -51.756012 8.394386 -13.236888 1.000000
2465 -52.771828 10.222577 -17.333017 1.000000
2466 -47.720631 4.965311 -25.101994 1.000000
2467 -43.822304 13.260646 -30.397085 1.000000
2605 -51.047096 -21.934996 -6.076162 1.000000
2730 -49.975056 -6.928340 -8.918904 1.000000
2732 -50.413963 -3.544671 -10.040201 1.000000
2891 -58.619896 -21.097731 -15.546771 1.000000
2893 -61.527885 -19.846355 -15.068334 1.000000
2895 -61.135071 -17.662102 -16.021687 1.000000
3089 -57.509186 -21.966053 0.535803 1.000000
3090 -59.347645 -19.716375 0.829890 1.000000
3091 -55.796551 -20.815649 0.385484 1.000000
3133 -60.087677 -22.944431 1.623253 1.000000
3270 -58.905174 -9.409635 -3.082577 1.000000
3271 -56.556927 -10.153959 -7.100659 1.000000
3272 -56.740143 -8.241410 -5.430878 1.000000
3273 -48.536438 -0.950111 -23.680267 1.000000
3274 -49.021194 -3.582927 -23.892466 1.000000
3275 -50.843945 -1.966879 -26.028784 1.000000
3276 -54.275330 -2.071555 -26.412273 1.000000
3277 -53.022289 -0.075131 -27.484921 1.000000
3279 -46.607319 13.499580 -22.039711 1.000000
3280 -44.937088 15.099016 -24.746527 1.000000
3494 -52.539387 -22.934179 -14.865613 1.000000
3495 -51.108589 -21.401373 -14.774155 1.000000
3873 -55.795494 5.512167 -9.740213 1.000000
3874 -56.733471 4.019822 -9.894508 1.000000
3875 -55.747688 5.175781 -12.452834 1.000000
3876 -53.381966 2.849647 -16.572697 1.000000
3877 -54.494133 5.706433 -15.713072 1.000000
4321 -45.707027 -9.395784 -15.401220 1.000000
4322 -43.418915 -10.228664 -16.244747 1.000000
4949 -63.206841 -20.452206 -1.627190 1.000000
4950 -61.162575 -19.364901 -2.460379 1.000000
4951 -63.236553 -18.433134 -1.214456 1.000000
4970 -49.444622 -12.611188 -6.049666 1.000000
5083 -61.857262 -22.502951 -2.408893 1.000000
5490 -56.721642 -16.330841 -4.658277 1.000000
5491 -53.120808 -17.780354 -6.679166 1.000000
5492 -54.268440 -15.995316 -6.864580 1.000000
5493 -51.445671 -13.279851 -12.379857 1.000000
5494 -50.381134 -15.181760 -11.754400 1.000000
5495 -49.589218 -14.772726 -14.443422 1.000000
5496 -50.358089 -16.741425 -16.340801 1.000000
5497 -49.997032 -14.479790 -16.900745 1.000000
5498 -53.935783 -3.762373 -11.537729 1.000000
5499 -53.111958 -6.345866 -11.623384 1.000000
5500 -51.450935 -5.766744 -14.747108 1.000000
5501 -50.678959 -8.335416 -23.109432 1.000000
5502 -49.281174 -9.229609 -20.777168 1.000000
5503 -51.891899 -10.830762 -21.891418 1.000000
5504 -52.864124 -13.041318 -20.438145 1.000000
5505 -55.011688 -11.809783 -21.640751 1.000000
5506 -57.926270 -12.715360 -20.453991 1.000000
5507 -56.982624 -10.177641 -22.627258 1.000000
5513 -49.052124 0.064758 -15.275642 1.000000
5514 -50.531372 2.790572 -13.423941 1.000000
5515 -50.309628 5.964242 -15.377907 1.000000
5516 -49.796082 13.594725 -20.403000 1.000000
5517 -51.379333 12.217684 -17.374483 1.000000
5518 -50.565674 11.065145 -20.743845 1.000000
5519 -50.347874 7.812515 -21.185085 1.000000
5520 -48.151752 8.318924 -24.349827 1.000000
5522 -43.476833 16.296017 -30.269756 1.000000
5523 -41.460590 13.790667 -33.493019 1.000000
5841 -48.662010 -21.227173 -10.651797 1.000000
6069 -54.382454 3.420360 -8.643333 1.000000
6070 -54.153084 6.158522 -10.132498 1.000000
7038 -59.057365 -12.326032 -5.772913 1.000000
7039 -55.474525 -14.086950 -7.398934 1.000000
7040 -56.495811 -11.920677 -8.031711 1.000000
7041 -54.341492 -11.600515 -10.274969 1.000000
7042 -52.539909 -11.117198 -12.606845 1.000000
7043 -50.526020 -2.648107 -17.793066 1.000000
7044 -49.880527 -5.159695 -17.966406 1.000000
7045 -48.815060 -4.551431 -21.061150 1.000000
7046 -49.971294 -5.875750 -23.631544 1.000000
7047 -52.900734 -6.710157 -24.852718 1.000000
7048 -55.942558 -7.618904 -24.636951 1.000000
7049 -55.102486 -4.789507 -25.996658 1.000000
7053 -49.202309 8.926821 -17.418341 1.000000
7054 -48.083496 11.438248 -19.544653 1.000000
7055 -48.247955 14.461576 -20.919584 1.000000
7056 -48.172363 14.581703 -23.656672 1.000000
7388 -55.341835 -22.112335 -15.490331 1.000000
7389 -56.397572 -20.007967 -16.023499 1.000000
7915 -57.745094 -5.523440 -5.254668 1.000000
7917 -56.855446 -2.304862 -8.441446 1.000000
7918 -55.026009 -1.381142 -11.407068 1.000000
7920 -56.420128 1.421264 -10.793922 1.000000
7921 -53.311119 -0.601500 -14.259977 1.000000
7922 -51.814964 0.080868 -17.188940 1.000000
7923 -50.420696 0.687908 -20.446701 1.000000
7924 -49.211262 1.551135 -23.100245 1.000000
7926 -42.843910 16.285986 -27.567982 1.000000
8496 -46.891010 -10.650446 -12.510097 1.000000
8497 -48.806057 -6.081754 -12.176379 1.000000
8498 -47.322437 -7.947815 -13.858350 1.000000
8499 -47.592072 -4.955525 -15.228918 1.000000
8500 -47.601837 -2.129934 -16.710751 1.000000
8501 -43.911659 -8.048002 -17.661219 1.000000
8502 -46.155384 -4.090853 -18.130276 1.000000
8503 -47.511230 0.823605 -18.543125 1.000000
8504 -46.954033 3.507679 -20.470089 1.000000
9267 -57.009075 -21.768290 -3.556151 1.000000
9268 -54.605476 -20.291636 -4.614467 1.000000
9269 -58.061138 -19.897968 -3.306032 1.000000
9270 -58.936333 -17.974152 -2.878649 1.000000
9271 -60.154602 -15.816739 -3.130771 1.000000
9274 -61.073353 -13.560898 -3.434081 1.000000
9275 -61.241882 -11.868409 -3.029818 1.000000
9294 -49.754662 -9.790248 -7.478738 1.000000
9295 -48.138172 -11.700535 -9.331983 1.000000
9321 -45.533882 -15.841833 -10.101293 1.000000
9322 -46.073936 -13.467100 -11.501711 1.000000
9323 -44.029640 -14.223989 -12.856554 1.000000
9919 -52.066628 -19.861628 -6.298598 1.000000
9920 -50.208496 -19.510345 -8.582641 1.000000
9921 -49.204372 -19.253452 -11.045319 1.000000
9922 -52.027729 -15.619438 -9.248899 1.000000
9923 -49.623016 -17.172043 -11.503252 1.000000
9924 -49.419445 -19.265179 -13.530174 1.000000
9925 -51.026558 -19.106710 -15.348001 1.000000
9926 -53.311668 -18.701138 -16.257061 1.000000
9927 -55.753895 -17.984705 -16.712620 1.000000
9928 -54.971424 -7.055912 -8.537722 1.000000
9929 -52.620808 -8.994604 -11.916858 1.000000
9930 -50.593773 -10.451451 -14.992678 1.000000
9931 -49.441490 -7.613024 -17.876425 1.000000
9932 -49.258373 -9.835646 -17.750784 1.000000
9933 -49.598282 -12.038822 -17.421307 1.000000
9934 -51.168903 -13.986438 -18.940311 1.000000
9935 -54.443878 -15.665808 -18.626621 1.000000
9936 -57.848145 -16.934771 -17.320904 1.000000
9937 -59.586040 -15.298968 -17.976507 1.000000
9938 -61.278545 -13.451256 -18.871775 1.000000
9946 -50.523693 -0.389105 -11.615179 1.000000
9947 -51.934654 5.148553 -11.422940 1.000000
9948 -53.582466 8.688290 -12.102565 1.000000
9949 -50.815186 10.942239 -15.517534 1.000000
9950 -52.746803 10.804712 -14.458548 1.000000
9951 -54.101124 8.881478 -14.392584 1.000000
9952 -52.747395 6.785328 -18.561863 1.000000
9953 -49.720592 4.454693 -22.057270 1.000000
9954 -48.251045 2.112850 -26.011505 1.000000
9955 -44.566551 16.656973 -27.231121 1.000000
9956 -46.081348 15.525416 -27.135227 1.000000
9957 -46.108276 12.372820 -27.221294 1.000000
9959 -43.738808 9.548905 -30.783207 1.000000
9960 -45.615398 8.786969 -27.421133 1.000000
9961 -46.266663 5.582070 -28.588543 1.000000
9962 -48.606758 3.393837 -28.892975 1.000000
9963 -51.301292 1.616942 -28.869770 1.000000
10285 -52.192558 -22.179108 -5.262888 1.000000
10410 -49.218689 -8.035116 -9.858457 1.000000
10411 -50.203365 -5.275523 -9.470191 1.000000
10412 -49.508087 -6.323287 -10.427908 1.000000
10571 -58.895790 -19.955898 -15.635126 1.000000
10572 -60.207470 -20.499660 -15.330360 1.000000
10573 -60.188282 -19.366810 -15.501680 1.000000
10574 -61.395813 -18.667412 -15.455585 1.000000
10575 -60.033192 -18.357809 -15.926145 1.000000
10769 -55.583961 -22.564320 0.414000 1.000000
10770 -56.709084 -21.388086 0.426542 1.000000
10771 -54.737633 -21.903439 0.248803 1.000000
10813 -56.877003 -23.051754 0.834166 1.000000
10951 -57.783485 -8.904463 -4.022662 1.000000
10952 -58.064758 -7.478369 -3.770066 1.000000
10953 -48.874744 -0.522234 -25.054693 1.000000
10954 -49.228649 -1.648445 -25.160206 1.000000
10955 -50.215149 -0.932922 -26.316031 1.000000
10956 -52.068459 -0.959873 -26.813614 1.000000
10957 -51.175884 -0.119035 -27.202774 1.000000
10959 -45.177074 13.157648 -23.813313 1.000000
10960 -44.339153 13.829531 -25.021259 1.000000
11171 -48.747871 -22.291210 -12.380476 1.000000
11173 -49.552967 -22.341997 -13.401009 1.000000
11174 -50.481136 -22.317890 -14.207987 1.000000
11175 -50.074169 -21.397577 -13.990257 1.000000
11553 -55.449940 6.470018 -10.764268 1.000000
11554 -56.007862 5.661200 -10.737131 1.000000
11555 -55.506573 6.299126 -12.139679 1.000000
11556 -55.143250 5.457682 -14.055328 1.000000
11557 -55.066845 6.776847 -13.549362 1.000000
12630 -63.274738 -19.430174 -1.490821 1.000000
12651 -47.005478 -18.080980 -5.847046 1.000000
13170 -57.386772 -15.382690 -5.004233 1.000000
13171 -55.457130 -16.121586 -5.800838 1.000000
13172 -56.138256 -15.238625 -6.032760 1.000000
13173 -50.812851 -12.973157 -13.560137 1.000000
13174 -50.279675 -13.969244 -13.328212 1.000000
13175 -49.874912 -13.744458 -14.599075 1.000000
13176 -49.642899 -14.616814 -15.767407 1.000000
13177 -49.667034 -13.512945 -15.899925 1.000000
13178 -53.046303 -3.593786 -13.189890 1.000000
13179 -52.657116 -4.792099 -13.146626 1.000000
13180 -51.779999 -4.577264 -14.894879 1.000000
13181 -52.187073 -8.943249 -23.453903 1.000000
13182 -51.208233 -9.561430 -22.584843 1.000000
13183 -52.849243 -10.207629 -22.679981 1.000000
13184 -53.415997 -11.335556 -21.922600 1.000000
13185 -54.439148 -10.630819 -22.576712 1.000000
13186 -55.964424 -11.044806 -22.140635 1.000000
13187 -55.468605 -9.856662 -23.126209 1.000000
13193 -48.981148 1.565517 -16.225143 1.000000
13194 -49.815289 2.986502 -15.377829 1.000000
13195 -49.606060 4.463439 -16.364201 1.000000
13196 -49.484081 13.026151 -22.186447 1.000000
13197 -50.345116 12.512995 -20.513096 1.000000
13198 -49.583336 11.461541 -22.478077 1.000000
13199 -49.439911 9.739372 -22.523331 1.000000
13200 -48.403149 10.039310 -24.156212 1.000000
13202 -41.020535 15.457392 -33.273899 1.000000
13573 -48.479290 -22.486496 -8.729434 1.000000
13574 -48.229691 -22.309078 -9.937015 1.000000
13575 -48.888577 -21.353180 -9.354570 1.000000
13953 -52.129547 0.325080 -9.126374 1.000000
13954 -53.275200 1.300770 -8.525032 1.000000
13955 -53.227989 2.792940 -9.210337 1.000000
13956 -54.231476 4.859665 -9.371784 1.000000
13957 -53.219017 4.456346 -9.855581 1.000000
15032 -58.461651 -19.294987 0.872925 1.000000
15033 -59.976727 -18.702742 1.080870 1.000000
15034 -59.102978 -18.290630 1.107114 1.000000
15160 -60.637718 -21.838465 1.223699 1.000000
15161 -61.806377 -22.246511 1.851651 1.000000
15570 -59.157051 -11.635824 -5.658397 1.000000
15571 -57.774708 -12.134778 -7.000160 1.000000
15572 -57.843372 -11.313205 -6.814844 1.000000
15573 -55.484047 -9.908815 -8.208298 1.000000
15574 -55.442524 -10.783047 -8.765192 1.000000
15575 -54.566040 -10.577640 -9.925226 1.000000
15576 -53.516243 -11.356870 -11.476548 1.000000
15577 -53.592030 -10.300757 -11.132155 1.000000
15578 -49.826435 -2.332787 -19.288410 1.000000
15579 -49.483124 -3.594909 -19.457458 1.000000
15580 -48.879047 -3.244798 -20.917572 1.000000
15581 -50.278790 -3.983926 -24.992079 1.000000
15582 -49.437401 -4.777705 -23.813145 1.000000
15583 -50.852352 -5.070034 -24.586811 1.000000
15584 -51.385204 -6.292319 -24.381752 1.000000
15585 -52.499012 -5.356208 -25.136372 1.000000
15586 -53.996849 -5.695285 -25.561312 1.000000
15587 -53.582253 -4.336157 -25.701786 1.000000
15588 -55.288891 -1.157665 -26.864923 1.000000
15589 -55.649494 -2.421644 -26.600861 1.000000
15593 -47.464897 7.205121 -20.128933 1.000000
15594 -48.054314 8.760083 -19.330441 1.000000
15595 -47.447514 10.020335 -20.345741 1.000000
15596 -46.580078 14.957483 -22.954128 1.000000
15597 -47.403114 14.259624 -21.355129 1.000000
15598 -47.491199 15.052214 -22.501389 1.000000
15599 -48.327568 14.828566 -22.202044 1.000000
15600 -47.473461 15.335455 -23.907297 1.000000
16241 -53.027954 -21.927912 -15.430639 1.000000
16242 -53.892376 -22.549303 -15.250508 1.000000
16243 -54.410286 -21.537060 -15.690506 1.000000
16244 -55.920300 -21.057306 -15.834043 1.000000
16245 -54.981720 -20.479622 -15.968147 1.000000
17375 -57.295727 -1.186957 -8.242402 1.000000
17376 -55.989491 -1.819907 -9.984295 1.000000
17377 -56.595772 -0.503903 -9.735087 1.000000
17381 -56.201221 3.431385 -11.513063 1.000000
17382 -56.749428 2.834451 -10.264946 1.000000
17383 -55.675159 1.878532 -12.109726 1.000000
17384 -55.026386 0.397973 -12.488658 1.000000
17385 -54.201691 0.864354 -13.863925 1.000000
17386 -52.538475 -0.173215 -15.675171 1.000000
17387 -53.386150 1.268617 -15.298030 1.000000
17388 -52.616100 3.070855 -18.331074 1.000000
17389 -51.965111 1.679036 -18.609158 1.000000
17390 -51.141365 2.064188 -20.198807 1.000000
17391 -49.791878 1.222534 -21.858538 1.000000
17392 -50.317505 2.455210 -21.553209 1.000000
18720 -46.096127 -11.350053 -13.339389 1.000000
18721 -47.083900 -9.348059 -13.181949 1.000000
18722 -46.320175 -10.049083 -14.004164 1.000000
18723 -45.876999 -8.088837 -16.051880 1.000000
18724 -46.776913 -7.301949 -15.358772 1.000000
18725 -46.867352 -5.849019 -16.010048 1.000000
18726 -47.617195 -3.533242 -15.954348 1.000000
18727 -46.929531 -4.500541 -16.699467 1.000000
18733 -46.157242 -2.756767 -18.918196 1.000000
18734 -46.895855 -1.673363 -18.284307 1.000000
18735 -46.836864 -0.324520 -19.165882 1.000000
18737 -46.673470 1.068720 -20.112101 1.000000
18739 -46.046867 3.569091 -21.938051 1.000000
20609 -58.741676 -21.542194 -3.134095 1.000000
20610 -57.502235 -20.887245 -3.525204 1.000000
20611 -59.312305 -20.649290 -3.057085 1.000000
20612 -61.495064 -18.271496 -2.190116 1.000000
20613 -60.030273 -18.651056 -2.520914 1.000000
20614 -60.512329 -17.734779 -2.521697 1.000000
20615 -59.528625 -16.962687 -2.993338 1.000000
20616 -61.033997 -16.700642 -2.521878 1.000000
20623 -61.787220 -14.304588 -2.475174 1.000000
20625 -61.216015 -12.658171 -3.300364 1.000000
20633 -52.898682 -20.741199 0.574529 1.000000
20672 -48.619080 -13.535220 -7.008885 1.000000
20673 -49.657940 -11.161469 -6.754662 1.000000
20674 -48.770252 -12.271731 -7.704723 1.000000
20675 -48.957848 -10.850264 -8.407150 1.000000
20676 -47.849842 -13.124454 -8.636604 1.000000
20741 -43.953133 -17.347889 -10.222840 1.000000
20742 -44.281605 -16.251678 -11.002735 1.000000
20743 -45.825859 -14.660437 -10.751885 1.000000
20744 -44.657513 -15.119654 -11.718546 1.000000
20745 -45.188332 -13.897726 -12.271774 1.000000
21010 -61.185741 -21.869156 -2.560145 1.000000
21011 -60.174969 -22.872377 -2.785889 1.000000
21012 -59.412189 -22.197245 -2.912411 1.000000
21013 -57.683006 -22.579504 -3.248296 1.000000
22230 -55.162079 -19.357105 -4.391590 1.000000
22231 -53.218048 -20.100506 -5.324436 1.000000
22232 -53.806572 -19.100857 -5.364684 1.000000
22233 -52.001579 -17.660496 -7.858934 1.000000
22234 -51.493347 -18.641296 -7.638854 1.000000
22235 -50.602947 -18.532045 -8.865004 1.000000
22236 -49.585533 -19.328035 -9.856760 1.000000
22237 -49.893013 -18.431156 -10.048022 1.000000
22238 -54.216419 -13.907315 -8.515973 1.000000
22239 -53.651978 -14.858014 -8.226301 1.000000
22240 -52.592754 -14.704306 -9.361737 1.000000
22241 -49.485199 -16.019262 -12.950312 1.000000
22242 -49.941479 -16.173315 -11.616614 1.000000
22243 -49.293751 -17.060551 -12.822743 1.000000
22244 -49.175640 -18.129202 -12.599611 1.000000
22245 -49.360836 -18.099125 -13.831841 1.000000
22246 -50.088100 -19.230295 -14.514094 1.000000
22247 -49.827038 -18.011681 -14.989016 1.000000
22248 -51.305492 -16.640829 -17.094097 1.000000
22249 -51.743267 -17.747192 -16.571747 1.000000
22250 -52.885803 -17.545135 -17.013681 1.000000
22251 -54.583618 -18.361904 -16.526690 1.000000
22252 -54.077782 -17.184429 -17.274258 1.000000
22253 -56.845898 -4.899057 -6.662453 1.000000
22254 -56.350452 -6.182432 -6.719224 1.000000
22255 -55.299400 -5.681112 -8.302245 1.000000
22256 -51.983833 -7.428581 -13.174652 1.000000
22257 -52.851570 -7.753869 -11.660078 1.000000
22258 -51.707287 -8.649731 -13.272474 1.000000
22259 -51.568207 -9.756582 -13.546672 1.000000
22260 -50.703270 -9.465292 -14.766022 1.000000
22261 -49.120667 -6.062476 -19.428699 1.000000
22262 -49.710712 -6.335012 -17.830841 1.000000
22263 -49.009121 -7.233794 -19.469177 1.000000
22264 -49.650089 -10.409259 -20.441916 1.000000
22265 -49.042671 -9.543699 -19.267952 1.000000
22266 -49.280190 -10.657894 -19.025358 1.000000
22267 -49.426556 -10.896130 -17.662128 1.000000
22268 -49.680767 -11.814237 -18.745029 1.000000
22269 -50.063160 -13.092260 -18.437971 1.000000
22270 -50.626869 -12.751170 -19.437262 1.000000
22271 -54.605865 -13.729349 -20.153708 1.000000
22272 -53.616829 -14.390337 -19.591230 1.000000
22273 -55.343311 -15.098944 -19.057507 1.000000
22274 -56.120506 -16.335150 -17.982101 1.000000
22275 -57.002159 -15.704160 -18.433060 1.000000
22276 -58.737206 -16.166775 -17.668692 1.000000
22277 -57.854210 -14.926870 -18.823605 1.000000
22278 -58.782600 -11.808649 -20.834452 1.000000
22279 -59.643013 -13.124702 -19.484196 1.000000
22280 -60.379761 -12.154447 -19.916035 1.000000
22283 -56.971611 -6.652296 -25.061775 1.000000
22284 -57.476673 -8.024900 -24.061087 1.000000
22298 -48.938755 -4.496553 -12.930511 1.000000
22299 -49.805325 -3.169872 -11.891273 1.000000
22300 -49.838219 -1.645556 -12.654729 1.000000
22301 -51.109737 5.721416 -13.268521 1.000000
22302 -51.147884 4.053127 -12.350359 1.000000
22303 -51.918774 6.817121 -12.265684 1.000000
22304 -52.808594 7.345504 -11.555950 1.000000
22305 -52.700645 8.865698 -12.501998 1.000000
22306 -49.442062 11.474126 -17.497934 1.000000
22307 -49.952759 10.244456 -16.353848 1.000000
22308 -50.226006 11.968954 -16.812370 1.000000
22309 -52.195354 11.446607 -17.158813 1.000000
22310 -52.052753 11.588507 -15.838354 1.000000
22311 -52.953743 10.823997 -15.703267 1.000000
22312 -53.546551 10.019965 -14.251866 1.000000
22313 -53.523296 9.542677 -15.975313 1.000000
22314 -53.762970 7.961256 -16.457787 1.000000
22315 -52.833672 8.546572 -17.824112 1.000000
22316 -48.886024 6.444656 -23.091732 1.000000
22317 -50.025681 6.115399 -21.589102 1.000000
22318 -48.691341 4.774156 -23.433588 1.000000
22319 -48.491428 3.164619 -23.945652 1.000000
22320 -47.761444 3.414196 -25.530165 1.000000
22321 -42.394749 17.253544 -28.807032 1.000000
22322 -43.679096 16.594084 -27.393744 1.000000
22323 -43.266235 17.197311 -28.779917 1.000000
22324 -43.823086 14.913177 -30.269751 1.000000
22325 -44.808048 15.861445 -28.706869 1.000000
22326 -45.095547 14.450027 -28.776947 1.000000
22327 -46.359489 14.126391 -27.140589 1.000000
22328 -44.930748 12.773594 -28.761953 1.000000
22334 -44.515583 8.088251 -31.209461 1.000000
22335 -44.497356 9.115763 -28.987982 1.000000
22336 -45.003960 7.447053 -29.531536 1.000000
22337 -45.740837 7.095308 -27.949966 1.000000
22338 -46.130913 6.181582 -30.229532 1.000000
22342 -49.981102 2.561879 -28.796581 1.000000
23121 -50.146145 -21.743387 -7.038709 1.000000
23346 -50.679451 -5.815082 -8.004739 1.000000
23348 -50.926239 -4.139294 -8.555629 1.000000
23635 -58.088081 -22.356094 -15.229403 1.000000
23636 -59.233971 -23.030849 -14.724963 1.000000
23637 -59.819519 -21.820995 -15.115176 1.000000
23638 -61.433025 -21.199194 -14.948477 1.000000
23641 -62.634804 -19.271175 -14.977130 1.000000
23642 -62.444519 -18.059843 -15.560260 1.000000
23643 -62.035179 -16.731937 -16.339497 1.000000
23993 -59.325218 -21.298101 0.694787 1.000000
23994 -60.258698 -20.142941 0.864934 1.000000
23995 -58.553131 -20.745277 0.618029 1.000000
23996 -57.683250 -20.307720 0.574438 1.000000
23997 -56.735298 -19.806664 0.590899 1.000000
24073 -58.832428 -22.441185 0.983510 1.000000
24318 -59.051105 -10.290037 -3.935634 1.000000
24319 -57.875633 -10.687294 -6.000393 1.000000
24320 -57.793793 -9.969183 -4.954562 1.000000
24321 -56.633179 -9.434656 -6.125649 1.000000
24322 -55.616058 -8.830519 -7.618074 1.000000
24323 -48.669853 -1.446318 -22.232445 1.000000
24324 -48.579700 -2.845582 -22.398422 1.000000
24325 -48.633064 -2.313696 -23.785007 1.000000
24326 -49.726009 -2.852257 -25.087486 1.000000
24327 -51.433563 -3.049021 -25.743137 1.000000
24328 -53.146759 -3.126625 -25.956116 1.000000
24329 -52.702904 -1.970924 -26.307896 1.000000
24330 -53.757275 -1.036220 -26.827145 1.000000
24332 -46.240093 9.463987 -22.013750 1.000000
24333 -46.728477 11.092568 -21.377920 1.000000
24335 -45.802944 14.345288 -23.361012 1.000000
24336 -45.748390 15.677936 -24.424829 1.000000
24721 -51.222279 -23.178400 -14.317004 1.000000
24722 -51.734764 -22.169020 -14.926643 1.000000
24723 -52.202644 -21.169142 -15.385486 1.000000
25406 -56.282684 4.691657 -11.040886 1.000000
25407 -55.474785 3.816373 -12.883276 1.000000
25408 -54.166542 2.674249 -14.830015 1.000000
25409 -54.797066 4.073842 -14.420195 1.000000
25410 -54.085125 4.273839 -16.140554 1.000000
25411 -53.303028 4.554751 -17.899649 1.000000
26208 -44.054436 -12.175974 -14.606214 1.000000
26209 -45.439919 -10.647253 -14.738711 1.000000
26210 -44.359051 -11.069837 -15.252339 1.000000
26211 -44.603909 -9.946722 -15.939692 1.000000
26212 -44.870628 -8.731222 -16.598431 1.000000
26218 -45.984791 -0.133091 -20.660868 1.000000
27341 -62.042976 -20.851057 -2.268959 1.000000
27342 -60.841614 -20.295643 -2.642011 1.000000
27343 -62.157673 -19.915243 -2.152284 1.000000
27344 -62.314259 -18.859476 -1.947074 1.000000
27345 -62.600121 -17.812391 -1.553016 1.000000
27379 -49.226856 -13.973508 -5.293952 1.000000
27380 -48.428314 -14.854773 -6.286922 1.000000
27381 -47.506451 -15.654190 -7.254837 1.000000
27582 -63.321571 -22.176203 -1.586164 1.000000
27583 -62.665966 -21.512463 -1.985651 1.000000
28314 -56.215675 -17.386883 -4.435319 1.000000
28315 -54.332817 -18.050690 -5.438548 1.000000
28316 -54.860634 -17.014273 -5.627202 1.000000
28317 -53.630634 -16.853086 -6.778255 1.000000
28318 -52.465096 -16.723766 -7.996659 1.000000
28319 -52.238487 -13.547025 -11.030043 1.000000
28320 -51.663567 -14.477997 -10.681532 1.000000
28321 -50.891903 -14.220381 -12.075914 1.000000
28322 -49.849678 -14.999499 -13.075296 1.000000
28323 -49.334621 -15.877649 -14.253209 1.000000
28324 -49.639584 -16.864706 -15.318735 1.000000
28325 -49.654099 -15.728625 -15.531116 1.000000
28326 -50.191841 -15.630066 -16.605688 1.000000
28327 -50.945045 -15.480954 -17.448025 1.000000
28328 -54.859425 -4.029821 -9.920318 1.000000
28329 -54.318012 -5.313497 -9.874336 1.000000
28330 -53.451454 -5.000047 -11.497133 1.000000
28331 -52.280315 -6.062490 -13.135800 1.000000
28332 -51.188072 -7.087679 -14.671681 1.000000
28333 -49.550861 -7.689706 -22.211302 1.000000
28334 -49.097168 -8.065439 -20.962242 1.000000
28335 -49.805161 -8.849922 -22.005630 1.000000
28336 -50.339066 -10.034951 -21.629126 1.000000
28337 -50.916542 -11.259600 -21.010620 1.000000
28338 -51.472332 -12.391714 -20.385418 1.000000
28339 -52.465248 -11.918460 -21.217564 1.000000
28340 -53.963043 -12.459137 -21.048185 1.000000
28341 -55.525078 -13.052923 -20.665989 1.000000
28342 -57.037975 -13.575434 -20.014858 1.000000
28343 -56.376976 -12.252226 -21.149004 1.000000
28344 -57.305077 -11.368662 -21.582500 1.000000
28345 -58.204964 -10.348026 -21.920057 1.000000
28355 -49.073128 -1.343575 -14.418381 1.000000
28356 -49.877644 -0.067377 -13.523237 1.000000
28357 -49.901623 1.443825 -14.419287 1.000000
28358 -50.506725 4.420138 -14.384628 1.000000
28359 -50.932110 7.395781 -14.261546 1.000000
28360 -49.795319 13.513539 -19.131699 1.000000
28361 -50.477150 12.732419 -17.723463 1.000000
28362 -50.580307 12.921516 -18.938990 1.000000
28363 -51.302895 12.038091 -18.758503 1.000000
28364 -51.769295 10.722371 -18.890965 1.000000
28365 -51.758575 9.079657 -19.278879 1.000000
28366 -50.524559 9.417928 -20.884258 1.000000
28367 -49.183979 8.116179 -22.759953 1.000000
28368 -47.861462 6.659636 -24.655207 1.000000
28369 -41.264763 17.489923 -31.768326 1.000000
28370 -42.719307 17.156149 -30.280243 1.000000
28371 -41.986622 16.581219 -31.796543 1.000000
28372 -42.487148 15.251287 -31.832642 1.000000
28373 -42.753181 13.616778 -31.959661 1.000000
28988 -48.269257 -22.324545 -11.208722 1.000000
28989 -48.832390 -21.274715 -11.924347 1.000000
29522 -55.255180 4.813289 -9.008817 1.000000
29523 -55.050323 6.004742 -9.882635 1.000000
29524 -54.810791 7.075455 -10.833181 1.000000
31209 -61.313915 -23.348301 2.386769 1.000000
31782 -58.709534 -13.325628 -5.564325 1.000000
31783 -56.835167 -14.243187 -6.359693 1.000000
31784 -57.380230 -13.189524 -6.710155 1.000000
31785 -56.081215 -13.026494 -7.754987 1.000000
31786 -54.828857 -12.868937 -8.904973 1.000000
31787 -56.613533 -11.002909 -7.766774 1.000000
31788 -55.282959 -11.761451 -9.182296 1.000000
31789 -53.747570 -12.706573 -10.164454 1.000000
31790 -52.892708 -12.542542 -11.453299 1.000000
31791 -52.129322 -12.245374 -12.661203 1.000000
31792 -51.377064 -11.923060 -13.761653 1.000000
31793 -51.258247 -2.964158 -16.288403 1.000000
31794 -50.918316 -4.232488 -16.446293 1.000000
31795 -50.173981 -3.923384 -18.013210 1.000000
31796 -49.255688 -4.867980 -19.472517 1.000000
31797 -48.845222 -5.776599 -21.020142 1.000000
31798 -48.726555 -4.161387 -22.504755 1.000000
31799 -48.951965 -5.368470 -22.498779 1.000000
31800 -49.294872 -6.522644 -22.389223 1.000000
31801 -50.310745 -7.126841 -23.424471 1.000000
31802 -51.751350 -7.647820 -24.055378 1.000000
31803 -53.294563 -8.137702 -24.195850 1.000000
31804 -54.894024 -8.578374 -24.083712 1.000000
31805 -54.403271 -7.230281 -24.913708 1.000000
31806 -55.608971 -6.220193 -25.481264 1.000000
31808 -54.675732 -3.333974 -26.154068 1.000000
31814 -48.527809 4.557272 -18.238785 1.000000
31815 -49.205631 6.005207 -17.346180 1.000000
31816 -48.634731 7.430249 -18.343740 1.000000
31817 -48.662910 10.383260 -18.462473 1.000000
31818 -48.829578 12.472346 -18.757833 1.000000
31819 -47.339863 12.490084 -20.721123 1.000000
31820 -48.093204 13.459394 -20.089945 1.000000
31821 -48.910454 13.703346 -19.513742 1.000000
31822 -49.091316 14.223917 -20.601818 1.000000
31823 -49.044353 14.163280 -22.002239 1.000000
31824 -48.558372 13.402918 -23.826944 1.000000
32669 -54.874512 -23.243044 -14.932062 1.000000
32670 -56.403809 -22.847063 -15.137186 1.000000
32671 -56.956470 -21.640915 -15.615674 1.000000
32672 -57.408943 -20.546350 -15.788155 1.000000
32673 -57.694569 -19.517401 -16.037045 1.000000
33414 -52.630531 -22.402946 0.149064 1.000000
34101 -58.177296 -4.435439 -5.377826 1.000000
34102 -57.331776 -3.837491 -6.792791 1.000000
34104 -57.700661 -2.843925 -6.852167 1.000000
34105 -56.412285 -3.286252 -8.320692 1.000000
34106 -55.446159 -2.927739 -9.999995 1.000000
34107 -54.481823 -2.638668 -11.590086 1.000000
34108 -53.478344 -2.372005 -13.081652 1.000000
34114 -57.068169 0.855006 -9.369162 1.000000
34115 -55.808949 0.000443 -11.138609 1.000000
34116 -54.084129 -0.995322 -12.840436 1.000000
34117 -52.644829 -2.029293 -14.570185 1.000000
34118 -51.800556 -1.606199 -16.025618 1.000000
34119 -51.089115 -1.317373 -17.483042 1.000000
34120 -50.421768 -1.037347 -19.074984 1.000000
34121 -52.675392 1.468729 -16.957302 1.000000
34122 -51.102425 0.284622 -18.822790 1.000000
34123 -49.674034 -0.619204 -20.596056 1.000000
34124 -49.184216 -0.127357 -21.986126 1.000000
34125 -48.825172 0.314017 -23.387182 1.000000
34126 -48.711437 0.544715 -24.898632 1.000000
35760 -47.637600 -9.876189 -11.610179 1.000000
35761 -48.642982 -7.546308 -11.482499 1.000000
35762 -47.849121 -8.471766 -12.326079 1.000000
35763 -48.059948 -7.039182 -13.003454 1.000000
35764 -48.197708 -5.546537 -13.727404 1.000000
35765 -46.583973 -8.714941 -14.638171 1.000000
35766 -47.532555 -6.474163 -14.510536 1.000000
35767 -48.272118 -3.989351 -14.465170 1.000000
35768 -48.327808 -2.471853 -15.201975 1.000000
35769 -48.336845 -1.049026 -15.985880 1.000000
35770 -48.305904 0.510983 -16.929590 1.000000
35772 -43.667210 -9.170025 -16.923946 1.000000
35773 -45.060844 -7.477316 -17.280535 1.000000
35776 -46.146420 -5.379304 -17.392063 1.000000
35777 -46.919884 -3.097348 -17.470428 1.000000
35778 -47.602676 -0.659009 -17.609282 1.000000
35779 -48.175201 1.955332 -17.926355 1.000000
35782 -46.979015 5.947530 -20.751629 1.000000
35783 -46.423355 2.336023 -21.035723 1.000000
35784 -46.528004 4.755118 -21.384535 1.000000
35785 -46.428387 7.061148 -21.686594 1.000000
38043 -55.211082 -22.117514 -3.992072 1.000000
38044 -54.081635 -21.412983 -4.585971 1.000000
38045 -55.836700 -21.100348 -4.043075 1.000000
38046 -56.312889 -20.123251 -3.897399 1.000000
38047 -56.812195 -19.146358 -3.615800 1.000000
38048 -59.642639 -19.617546 -2.806664 1.000000
38049 -58.431732 -18.962135 -3.001004 1.000000
38050 -57.377552 -18.214668 -3.459475 1.000000
38051 -57.885193 -17.137083 -3.604234 1.000000
38052 -58.431694 -16.051764 -3.792432 1.000000
38053 -59.128059 -14.982900 -4.153848 1.000000
38060 -61.493736 -15.486896 -2.513402 1.000000
38061 -60.652027 -14.633446 -3.347814 1.000000
38062 -59.678272 -13.977778 -4.549524 1.000000
38063 -60.158623 -12.935460 -4.548197 1.000000
38064 -60.324696 -12.080417 -4.510760 1.000000
38065 -60.340332 -11.418715 -4.019449 1.000000
38068 -60.196800 -10.770260 -3.281017 1.000000
38069 -60.069080 -10.124674 -2.502218 1.000000
38072 -53.883717 -21.261011 0.292813 1.000000
38073 -54.881653 -20.243378 0.437074 1.000000
38074 -55.838673 -19.281958 0.650843 1.000000
38121 -50.489937 -8.667178 -6.558150 1.000000
38123 -49.851250 -8.318784 -8.176762 1.000000
38124 -49.102959 -9.415906 -9.112967 1.000000
38125 -48.258156 -10.457779 -10.035276 1.000000
38198 -45.847618 -18.813171 -6.955101 1.000000
38199 -46.099174 -17.667000 -7.650242 1.000000
38200 -46.368275 -16.471617 -8.367731 1.000000
38203 -46.631035 -15.229101 -9.040391 1.000000
38204 -46.817974 -14.030133 -9.738886 1.000000
38205 -47.080990 -12.690666 -10.405181 1.000000
38206 -47.326885 -11.349113 -11.091785 1.000000
38207 -46.541603 -12.005290 -12.017781 1.000000
38208 -45.638245 -12.632898 -12.818628 1.000000
38209 -44.625687 -13.044344 -13.491644 1.000000
38212 -43.437813 -13.251956 -13.901059 1.000000
39991 -52.777325 -21.130999 -5.289290 1.000000
39992 -51.623955 -20.980715 -6.101157 1.000000
39993 -50.629295 -20.685892 -7.208488 1.000000
39994 -52.619957 -18.836374 -6.417505 1.000000
39995 -51.089867 -19.659557 -7.317313 1.000000
39996 -49.833923 -20.489479 -8.381051 1.000000
39997 -49.306019 -20.283756 -9.642570 1.000000
39998 -49.049080 -20.202875 -10.863765 1.000000
39999 -49.052658 -20.203775 -12.047712 1.000000
40000 -54.923073 -15.078318 -7.109102 1.000000
40001 -53.125008 -15.787643 -8.061361 1.000000
40002 -51.524147 -16.573954 -9.140778 1.000000
40003 -51.080021 -15.386060 -10.483602 1.000000
40004 -50.600346 -16.386404 -10.352508 1.000000
40005 -50.291679 -17.365986 -10.256821 1.000000
40006 -49.413696 -18.265980 -11.298766 1.000000
40007 -49.142914 -19.218956 -12.317915 1.000000
40008 -49.447704 -20.317577 -13.246448 1.000000
40009 -50.129280 -20.382824 -14.218397 1.000000
40010 -51.136868 -20.322203 -14.953753 1.000000
40011 -52.249931 -20.116901 -15.527026 1.000000
40012 -50.664696 -17.875210 -15.954900 1.000000
40013 -52.085915 -18.915062 -15.909406 1.000000
40014 -53.552132 -19.839300 -15.906631 1.000000
40015 -54.853161 -19.454502 -16.189091 1.000000
40016 -56.138588 -19.090809 -16.336971 1.000000
40017 -57.343056 -18.613024 -16.452862 1.000000
40018 -57.200878 -6.737198 -5.147353 1.000000
40019 -55.870655 -7.618057 -6.897893 1.000000
40020 -54.730499 -8.455419 -8.923768 1.000000
40021 -54.054443 -6.645000 -10.091100 1.000000
40022 -53.778862 -8.013144 -10.335163 1.000000
40023 -53.632252 -9.270915 -10.692780 1.000000
40024 -52.555981 -10.086542 -12.306315 1.000000
40025 -51.530170 -10.804750 -13.743093 1.000000
40026 -50.559090 -11.555470 -14.905144 1.000000
40027 -50.634933 -5.478663 -16.396345 1.000000
40028 -50.420494 -6.657082 -16.253124 1.000000
40029 -50.138081 -7.933527 -16.192043 1.000000
40030 -49.014874 -8.429893 -19.420910 1.000000
40031 -49.274872 -8.767452 -17.804718 1.000000
40032 -49.846699 -9.104546 -16.258121 1.000000
40033 -49.830994 -10.146411 -16.288813 1.000000
40034 -49.830441 -11.180974 -16.249960 1.000000
40035 -49.784492 -12.388384 -16.052683 1.000000
40036 -49.746437 -13.324435 -17.215618 1.000000
40037 -50.525406 -14.265505 -17.962070 1.000000
40038 -51.810139 -15.190865 -18.275438 1.000000
40039 -51.964947 -13.597021 -19.734222 1.000000
40040 -52.682056 -14.887985 -19.035221 1.000000
40041 -53.489723 -16.085857 -18.181704 1.000000
40042 -55.221596 -16.829807 -17.573288 1.000000
40043 -56.813099 -17.511593 -17.048925 1.000000
40044 -58.460468 -18.057705 -16.522461 1.000000
40045 -59.537727 -17.340214 -16.609394 1.000000
40046 -60.530903 -16.556675 -16.807125 1.000000
40047 -61.363579 -15.578621 -17.197865 1.000000
40048 -58.779297 -14.021950 -19.178402 1.000000
40049 -60.453846 -14.274521 -18.364241 1.000000
40054 -56.504204 -8.922541 -23.603113 1.000000
40055 -57.999012 -9.247124 -23.051308 1.000000
40056 -59.096954 -9.368122 -22.403896 1.000000
40072 -49.665947 -4.721705 -11.162684 1.000000
40073 -50.498947 -1.981148 -10.818827 1.000000
40074 -51.178967 0.839588 -10.590508 1.000000
40075 -50.522907 1.201309 -12.483953 1.000000
40076 -51.112469 2.397228 -11.461966 1.000000
40077 -52.072975 3.516460 -10.566869 1.000000
40078 -52.983929 5.894771 -10.679995 1.000000
40079 -53.869423 7.444862 -11.080732 1.000000
40080 -54.431194 8.199205 -11.819013 1.000000
40081 -49.845543 7.451642 -16.363062 1.000000
40082 -50.505104 8.791307 -15.317144 1.000000
40083 -51.328362 9.755479 -14.378613 1.000000
40084 -51.177925 11.911790 -16.265148 1.000000
40085 -51.728992 11.067447 -14.901350 1.000000
40086 -52.309376 10.058686 -13.656607 1.000000
40087 -53.226208 9.833143 -13.209625 1.000000
40088 -53.994316 9.140242 -12.980476 1.000000
40089 -54.631889 8.134599 -13.102262 1.000000
40090 -54.484291 7.360778 -14.948804 1.000000
40091 -53.717690 6.245304 -17.242332 1.000000
40092 -52.445629 5.156241 -19.197636 1.000000
40093 -51.511883 7.315799 -19.766041 1.000000
40094 -51.308147 5.612900 -20.370291 1.000000
40095 -50.833122 3.983055 -20.934217 1.000000
40096 -49.454926 2.888574 -22.619059 1.000000
40097 -48.544350 1.809378 -24.528448 1.000000
40098 -48.833126 0.934604 -26.353170 1.000000
40099 -43.970222 15.644275 -26.113174 1.000000
40100 -44.811119 16.161671 -25.804647 1.000000
40101 -45.620354 16.265879 -25.687489 1.000000
40102 -44.115105 16.711178 -28.712574 1.000000
40103 -45.369148 16.259277 -27.146809 1.000000
40104 -46.497051 15.936584 -25.614029 1.000000
40105 -47.171490 15.079265 -25.491312 1.000000
40106 -47.508308 13.776495 -25.538059 1.000000
40107 -47.383862 12.067572 -25.615627 1.000000
40110 -42.887066 11.821093 -32.260799 1.000000
40113 -43.621418 11.352366 -30.424274 1.000000
40114 -44.533375 10.909843 -28.761013 1.000000
40115 -45.791424 10.563994 -27.166790 1.000000
40116 -47.091686 10.272680 -25.670750 1.000000
40117 -46.895775 8.537646 -25.941553 1.000000
40118 -46.759701 6.840398 -26.382004 1.000000
40119 -46.881027 5.225895 -26.847906 1.000000
40121 -47.387680 4.354858 -29.033533 1.000000
40122 -47.411587 3.808583 -27.283939 1.000000
40123 -48.236992 2.623698 -27.453785 1.000000
40124 -49.339256 1.649007 -27.615667 1.000000
40125 -50.315258 0.701306 -27.690638 1.000000
40126 -52.258583 0.731891 -28.277378 1.000000
