#!ascii label, projected from MNI152 2 mm to fsaverage6
293
120 -53.876148 21.509766 16.586203 1.000000
262 -37.152458 14.875310 22.522820 1.000000
263 -49.166176 14.207349 21.731754 1.000000
264 -43.093124 21.159397 19.149237 1.000000
743 -40.043999 18.083971 20.716032 1.000000
1150 -52.670399 18.124975 20.284166 1.000000
1151 -53.223320 14.857603 15.484915 1.000000
1152 -53.766785 17.598103 15.359781 1.000000
1153 -49.330372 15.591098 10.190863 1.000000
1154 -52.609489 20.868212 12.402176 1.000000
1625 -45.351799 11.344602 19.137762 1.000000
1626 -42.979374 13.790489 23.014977 1.000000
1627 -46.817623 17.158157 21.201614 1.000000
1628 -49.218742 21.487087 18.094257 1.000000
2211 -48.861042 12.429785 15.012319 1.000000
2218 -44.810936 24.978464 17.112274 1.000000
2219 -50.233173 25.112127 14.469302 1.000000
2221 -49.249416 28.433390 9.059601 1.000000
2222 -53.236622 24.531338 10.504066 1.000000
3070 -53.348633 20.098463 18.648098 1.000000
3071 -54.250896 17.970671 17.981709 1.000000
3072 -54.336243 19.688282 16.525045 1.000000
3073 -53.192444 19.484249 14.208865 1.000000
3074 -54.214882 21.129543 14.240644 1.000000
3667 -38.608829 12.287514 22.721107 1.000000
3668 -41.463661 11.854273 22.500721 1.000000
3669 -39.964375 14.244540 22.423260 1.000000
3670 -41.659054 19.486095 19.840736 1.000000
3671 -43.370838 17.430923 20.531479 1.000000
3672 -44.992645 19.312084 19.502552 1.000000
3673 -48.182331 19.193939 19.567745 1.000000
3674 -46.243965 21.235514 18.612448 1.000000
4890 -47.159523 12.811707 20.438126 1.000000
4891 -47.277340 12.152907 17.525337 1.000000
4892 -49.203758 13.790689 18.524044 1.000000
4893 -53.769203 14.610393 11.913003 1.000000
4894 -52.330833 13.450017 11.847079 1.000000
4911 -47.553722 24.747381 15.992683 1.000000
4912 -47.121147 25.771765 12.632722 1.000000
4917 -49.532097 31.030878 8.237696 1.000000
4918 -51.490582 28.033609 7.532430 1.000000
4919 -51.661537 26.287457 9.598765 1.000000
4920 -52.534832 25.492296 7.618672 1.000000
4921 -52.792042 23.389141 8.302029 1.000000
5945 -38.503075 16.641958 21.724855 1.000000
6678 -51.272591 16.054836 21.656216 1.000000
6679 -51.528015 15.161197 19.084675 1.000000
6680 -53.435467 16.424179 18.775833 1.000000
6681 -54.174633 16.004728 15.571043 1.000000
6682 -53.187580 15.705481 12.199829 1.000000
6683 -51.097698 14.974962 8.611349 1.000000
6684 -51.685261 16.834728 13.090172 1.000000
6685 -50.729130 18.798115 12.862762 1.000000
6686 -50.012131 20.438711 11.651286 1.000000
7632 -42.888130 10.330019 20.574636 1.000000
7633 -44.532726 11.852942 21.858112 1.000000
7634 -46.225208 13.375341 22.867147 1.000000
7635 -41.643124 15.841327 21.549595 1.000000
7636 -44.731804 15.386202 22.453444 1.000000
7637 -48.159630 15.443350 22.968060 1.000000
7638 -50.038677 17.507673 21.540827 1.000000
7639 -50.998020 19.702778 19.422964 1.000000
7640 -51.939598 21.700768 17.689693 1.000000
9198 -50.962414 13.900632 15.344978 1.000000
9219 -47.179008 23.712566 18.343931 1.000000
9220 -50.035519 23.802853 17.090830 1.000000
9221 -52.421570 23.633957 15.553752 1.000000
9228 -49.669456 26.365728 11.219546 1.000000
9229 -52.158234 25.134014 12.736708 1.000000
9230 -53.681976 23.244448 13.648193 1.000000
9231 -53.598896 22.530704 11.275786 1.000000
9232 -51.820808 21.871326 9.710925 1.000000
9233 -49.020477 21.385359 8.875692 1.000000
10750 -53.721203 20.880198 17.642685 1.000000
10751 -54.131001 19.931286 17.771477 1.000000
10752 -54.322029 20.644503 16.792675 1.000000
10753 -54.326885 20.428761 15.512095 1.000000
10754 -54.272545 21.288183 15.538892 1.000000
11347 -37.828259 13.540489 22.638891 1.000000
11348 -39.218544 13.325716 22.626583 1.000000
11349 -38.494690 14.512650 22.395710 1.000000
11350 -42.403221 20.281042 19.489635 1.000000
11351 -43.302479 19.395838 19.602936 1.000000
11352 -44.066048 20.272013 19.239002 1.000000
11353 -45.610268 20.265692 19.035254 1.000000
11354 -44.673580 21.152838 18.878927 1.000000
12570 -48.081593 13.410700 21.153376 1.000000
12571 -48.121727 13.397781 19.580513 1.000000
12572 -49.292240 14.013415 20.205297 1.000000
12573 -53.295692 14.582243 9.969675 1.000000
12574 -53.241180 13.949097 10.054149 1.000000
12591 -45.739990 25.533304 13.490438 1.000000
12599 -52.099934 26.752691 7.485794 1.000000
14970 -52.061329 17.055775 21.051647 1.000000
14971 -52.490639 16.432655 20.368679 1.000000
14972 -53.187538 17.277454 19.898775 1.000000
14973 -54.232780 17.780567 16.639889 1.000000
14974 -54.232868 16.935596 16.954830 1.000000
14975 -54.022072 16.719662 15.488523 1.000000
14976 -53.922741 15.816160 13.845865 1.000000
14977 -53.413872 16.470182 14.028845 1.000000
14978 -52.450661 16.184881 12.618609 1.000000
14979 -52.849998 17.339752 14.207922 1.000000
14980 -52.954418 20.191284 13.361277 1.000000
14981 -52.058002 19.205868 13.445386 1.000000
14982 -51.809074 20.054001 12.823753 1.000000
14983 -50.406654 19.718317 12.390068 1.000000
14984 -51.411999 20.725954 11.941713 1.000000
16764 -41.597248 10.077568 21.127544 1.000000
16765 -42.119057 12.823796 22.899494 1.000000
16766 -42.912243 11.781515 22.318068 1.000000
16767 -43.692638 12.556790 22.823391 1.000000
16768 -45.421131 12.608701 22.390467 1.000000
16769 -44.544750 13.519229 23.215298 1.000000
16770 -39.248108 17.412722 21.220488 1.000000
16771 -40.011581 16.180325 21.504587 1.000000
16772 -40.927769 16.984438 21.018808 1.000000
16773 -45.099739 17.200857 20.776073 1.000000
16774 -44.226856 16.351206 21.377565 1.000000
16775 -45.802406 16.297239 21.910048 1.000000
16776 -46.415585 15.317099 22.859262 1.000000
16777 -47.581367 16.318897 22.346783 1.000000
16778 -49.254402 16.445740 22.446386 1.000000
16779 -48.515659 17.244120 21.526211 1.000000
16780 -48.667549 20.301685 18.784019 1.000000
16781 -49.644745 19.392923 19.610489 1.000000
16782 -50.056065 20.535564 18.614706 1.000000
16783 -51.412178 20.777946 18.559111 1.000000
16784 -50.563541 21.705273 17.821476 1.000000
20430 -44.473743 10.399452 18.665428 1.000000
20432 -45.544147 10.793941 17.900505 1.000000
20433 -48.065762 12.436270 16.322895 1.000000
20434 -47.351017 11.405569 16.019321 1.000000
20435 -48.056103 11.516289 14.737375 1.000000
20438 -52.428364 15.123570 17.268288 1.000000
20439 -51.296700 14.654483 17.253206 1.000000
20440 -52.176353 14.346603 15.412352 1.000000
20442 -51.169174 12.900047 11.842898 1.000000
20460 -50.232109 15.203855 9.413336 1.000000
20491 -45.693176 23.600521 18.541494 1.000000
20492 -46.052391 24.437849 17.878666 1.000000
20493 -48.967865 24.880161 15.217146 1.000000
20494 -48.900185 24.397413 16.787582 1.000000
20495 -50.244904 24.496151 15.984591 1.000000
20496 -51.337036 23.786839 16.331085 1.000000
20497 -51.354675 24.565924 15.140454 1.000000
20509 -49.235760 29.836630 8.676134 1.000000
20510 -48.038033 31.110880 9.141907 1.000000
20511 -47.751934 29.729776 9.343615 1.000000
20513 -47.807373 28.304111 9.737162 1.000000
20514 -48.099266 27.026062 10.661354 1.000000
20515 -49.357086 27.282709 9.930185 1.000000
20516 -52.544670 25.377193 10.044585 1.000000
20517 -51.907574 25.728699 11.126090 1.000000
20518 -52.858757 24.895187 11.746900 1.000000
20519 -53.059959 24.306646 13.231595 1.000000
20520 -53.500954 23.952805 12.101793 1.000000
20521 -53.847290 22.914463 12.484836 1.000000
20522 -53.581581 23.495838 10.877849 1.000000
20524 -52.429577 22.550774 8.834486 1.000000
20525 -51.324684 22.182255 8.259181 1.000000
20526 -50.523926 21.628769 9.179556 1.000000
20527 -49.941139 21.941309 8.018501 1.000000
23958 -52.989960 19.101999 19.535601 1.000000
23959 -53.691113 18.124735 19.274269 1.000000
23960 -53.943584 19.029013 18.651180 1.000000
23961 -54.378792 18.857666 17.325588 1.000000
23962 -54.112976 18.680073 16.116018 1.000000
23963 -53.459831 18.547743 14.947977 1.000000
23964 -53.999626 19.579412 15.229322 1.000000
23965 -53.833973 20.346384 14.213446 1.000000
23966 -53.610863 21.007282 13.148712 1.000000
25033 -39.514385 10.894778 22.376656 1.000000
25034 -40.848824 10.876959 22.103231 1.000000
25035 -39.943001 12.033607 22.627838 1.000000
25036 -40.658287 13.064878 22.734156 1.000000
25037 -41.468235 13.968183 22.679115 1.000000
25038 -40.903847 18.800951 20.270611 1.000000
25039 -41.724583 17.745190 20.558475 1.000000
25040 -42.506950 18.547367 20.013386 1.000000
25041 -44.235394 18.333143 19.996698 1.000000
25042 -45.920967 18.243631 20.094349 1.000000
25043 -47.571587 18.178049 20.375305 1.000000
25044 -46.593941 19.207973 19.502016 1.000000
25045 -47.169868 20.209864 18.883478 1.000000
25046 -47.779194 21.340418 18.287674 1.000000
27234 -46.260246 12.162001 19.730322 1.000000
27235 -46.361031 11.784872 18.350748 1.000000
27236 -47.197968 12.672693 18.955875 1.000000
27237 -48.090740 13.149137 18.028408 1.000000
27238 -49.061836 13.313087 16.709087 1.000000
27239 -53.740379 14.648458 13.735266 1.000000
27240 -52.860863 14.132655 13.652603 1.000000
27241 -53.233105 13.984858 11.874960 1.000000
27252 -48.604992 16.326321 10.939761 1.000000
27271 -46.167412 24.822739 16.638729 1.000000
27272 -45.991386 25.020437 15.108256 1.000000
27273 -47.420525 25.092966 14.284123 1.000000
27274 -48.809715 25.454559 13.515680 1.000000
27281 -49.760628 31.788153 7.647706 1.000000
27282 -50.779438 30.510174 7.271119 1.000000
27283 -50.573399 29.495487 7.807458 1.000000
27284 -50.527897 28.295383 8.274145 1.000000
27285 -50.491829 27.211048 9.192344 1.000000
27286 -51.530323 27.052303 8.290161 1.000000
27287 -52.287182 25.956812 8.585548 1.000000
27288 -52.888123 24.932896 8.943151 1.000000
27289 -53.215748 23.963314 9.275610 1.000000
27290 -52.787498 24.383307 7.926586 1.000000
29231 -37.859947 15.830594 22.190186 1.000000
30942 -50.303402 15.108957 21.882818 1.000000
30943 -50.500313 14.761525 20.594181 1.000000
30944 -51.572254 15.578115 20.662170 1.000000
30945 -52.550434 15.773422 19.059040 1.000000
30946 -53.401203 15.643721 17.298061 1.000000
30947 -53.958241 17.134182 18.452526 1.000000
30948 -54.031616 16.182556 17.150154 1.000000
30949 -53.949310 15.390796 15.558207 1.000000
30950 -54.066456 15.216692 13.781192 1.000000
30951 -53.711205 15.211279 11.999913 1.000000
30952 -52.860027 15.048208 10.113045 1.000000
30954 -52.152790 15.370285 10.426995 1.000000
30955 -51.325531 15.680376 10.991086 1.000000
30956 -50.489899 16.246687 11.689596 1.000000
30957 -52.382133 18.273447 13.982984 1.000000
30958 -51.075375 17.773579 13.123339 1.000000
30959 -49.756786 17.097027 12.182882 1.000000
30960 -49.301033 18.191122 12.274594 1.000000
30961 -48.891479 19.226570 11.983472 1.000000
30962 -48.490849 19.994167 11.232496 1.000000
33331 -43.388435 9.881796 19.378019 1.000000
33332 -44.158424 10.829031 19.904831 1.000000
33333 -42.237221 10.951838 21.697245 1.000000
33334 -43.732548 11.159128 21.225477 1.000000
33335 -45.100536 11.549593 20.508753 1.000000
33336 -46.030804 12.228893 21.211185 1.000000
33337 -46.859417 12.871783 21.756241 1.000000
33338 -47.661720 13.601682 22.359455 1.000000
33339 -39.171425 15.397194 22.005079 1.000000
33340 -40.781822 15.084305 22.071665 1.000000
33341 -42.333450 14.781542 22.453121 1.000000
33342 -42.569595 16.606432 21.101803 1.000000
33343 -43.241318 15.522034 21.959581 1.000000
33344 -43.837833 14.646121 22.915354 1.000000
33345 -45.363487 14.414111 23.178978 1.000000
33346 -47.051292 14.345129 23.089922 1.000000
33347 -48.711010 14.542229 22.716150 1.000000
33348 -49.904610 15.648190 22.630856 1.000000
33349 -50.789726 16.741577 21.938829 1.000000
33350 -51.409821 17.807072 21.061401 1.000000
33351 -49.143578 18.349224 20.582518 1.000000
33352 -50.522827 18.621201 20.517504 1.000000
33353 -51.815685 18.938028 20.126907 1.000000
33354 -52.246510 20.053690 19.197542 1.000000
33355 -52.672169 20.935774 18.260166 1.000000
33356 -53.048786 21.687006 17.295971 1.000000
36155 -37.484474 12.198423 22.809742 1.000000
37830 -46.543526 11.137278 16.997892 1.000000
37836 -50.424316 14.476459 18.907232 1.000000
37837 -50.127544 14.019132 17.074102 1.000000
37838 -49.814354 13.265384 15.278076 1.000000
37839 -51.718590 13.619617 13.618970 1.000000
37840 -50.515797 13.026631 13.617338 1.000000
37841 -49.502239 12.336032 13.543439 1.000000
37898 -43.603065 22.302711 18.891258 1.000000
37899 -45.133308 22.343534 18.709637 1.000000
37900 -46.760792 22.457424 18.434666 1.000000
37901 -48.253910 22.690605 18.092134 1.000000
37902 -47.479462 24.462048 17.453278 1.000000
37903 -48.663689 23.832027 17.834436 1.000000
37904 -49.688103 22.810360 17.694935 1.000000
37905 -51.030354 22.822311 17.192631 1.000000
37906 -52.222145 22.731466 16.717857 1.000000
37907 -53.163250 22.589392 16.139093 1.000000
37926 -46.777840 26.611292 11.360665 1.000000
37927 -48.497383 26.101536 11.980074 1.000000
37928 -49.984028 25.739069 12.765401 1.000000
37929 -50.704517 26.430500 10.496819 1.000000
37930 -51.012402 25.782475 12.049783 1.000000
37931 -51.236229 25.198158 13.643572 1.000000
37932 -52.301197 24.451832 14.196875 1.000000
37933 -53.168663 23.424740 14.734289 1.000000
37934 -53.810364 22.316895 15.147693 1.000000
37935 -54.095844 22.077103 14.089338 1.000000
37936 -53.938072 21.887573 12.847578 1.000000
37937 -53.268879 21.719933 11.865748 1.000000
37938 -53.245190 22.986551 9.709004 1.000000
37939 -52.916176 22.227154 10.413408 1.000000
37940 -52.226837 21.491779 11.195097 1.000000
37941 -50.992805 21.278522 10.658953 1.000000
37942 -49.544746 21.013590 10.255787 1.000000
37943 -48.135536 20.674019 9.967258 1.000000
37951 -47.620434 21.095142 8.773523 1.000000
