#!ascii label, projected from MNI152 2 mm to fsaverage6
186
121 -49.429783 30.744513 -1.785467 1.000000
268 -47.173981 34.058239 -8.466124 1.000000
1125 -44.477364 27.620007 -12.765179 1.000000
1158 -49.747711 32.956219 0.372620 1.000000
1160 -50.788876 29.227230 3.011128 1.000000
1161 -47.768745 25.873968 5.744334 1.000000
1162 -45.139851 28.639475 2.907137 1.000000
1164 -43.061226 30.133266 0.150084 1.000000
1166 -42.329388 33.281517 -7.521348 1.000000
1167 -43.210182 30.338512 -10.747818 1.000000
1633 -49.203236 35.486427 -3.437159 1.000000
1634 -47.839443 32.799767 -4.524690 1.000000
2229 -42.370701 32.446392 -3.017403 1.000000
3078 -50.750530 31.765055 -1.054951 1.000000
3079 -51.196873 30.864399 1.575115 1.000000
3080 -50.269451 29.813862 0.467944 1.000000
3081 -48.001617 28.494389 2.807602 1.000000
3082 -47.477726 29.554218 0.411806 1.000000
3083 -44.208179 29.616085 1.423046 1.000000
3084 -46.188995 30.323355 -1.069193 1.000000
3088 -44.353199 28.783813 -11.777524 1.000000
4935 -47.181549 33.583149 -6.251227 1.000000
4936 -45.132423 32.383125 -3.715560 1.000000
4937 -44.849037 33.323883 -5.780646 1.000000
6633 -42.209797 26.363155 -11.048491 1.000000
6634 -41.825401 25.222237 -12.352239 1.000000
6635 -43.827328 26.007833 -13.314928 1.000000
6694 -50.092628 32.247955 3.587822 1.000000
6695 -51.431774 30.600826 4.275655 1.000000
6696 -51.516136 28.518896 4.963796 1.000000
6697 -50.546059 26.215057 5.590181 1.000000
6698 -49.316456 27.875238 4.747229 1.000000
6699 -46.292412 27.221186 4.837850 1.000000
6706 -45.065945 33.796864 -8.201403 1.000000
6708 -42.530212 32.175789 -9.637864 1.000000
6709 -39.640305 31.002655 -7.635257 1.000000
6711 -40.348988 29.149740 -8.311644 1.000000
6712 -41.306244 27.742596 -9.425417 1.000000
7650 -49.645126 34.752499 -1.699978 1.000000
7651 -50.246643 33.130852 -2.877829 1.000000
7652 -48.660622 31.763437 -3.128203 1.000000
7653 -49.612701 33.763130 -4.459532 1.000000
7654 -48.680313 34.420174 -6.122482 1.000000
9249 -45.427883 31.214962 -2.244392 1.000000
9250 -42.512440 31.080835 -1.234738 1.000000
9252 -42.355034 33.436356 -5.081610 1.000000
10758 -50.434452 31.235519 -1.535547 1.000000
10759 -50.846828 30.700724 -0.358637 1.000000
10760 -49.975975 30.181347 -0.720519 1.000000
10761 -49.099770 29.521091 0.320269 1.000000
10762 -48.565563 29.966389 -0.770160 1.000000
10763 -46.858467 29.979641 -0.296211 1.000000
10764 -47.925644 30.462683 -1.579713 1.000000
12615 -47.006138 33.839054 -7.304416 1.000000
12616 -45.955444 33.394688 -5.991776 1.000000
12617 -45.974152 33.731735 -7.138682 1.000000
14895 -43.543129 26.841452 -11.947117 1.000000
14896 -43.323357 26.062153 -12.278439 1.000000
14897 -44.163330 26.785946 -12.919966 1.000000
14993 -48.641388 33.291790 1.371981 1.000000
14994 -48.813480 32.837608 3.035311 1.000000
14995 -50.003109 32.372795 1.936787 1.000000
14996 -51.162975 30.046585 2.296800 1.000000
14997 -51.283947 30.673727 3.015219 1.000000
14998 -51.399952 29.852375 3.463696 1.000000
14999 -51.612396 29.618097 4.577543 1.000000
15000 -51.142754 28.962809 4.047994 1.000000
15001 -50.616077 28.061554 4.729032 1.000000
15002 -50.140907 28.549719 3.770314 1.000000
15003 -46.549656 28.425579 2.887094 1.000000
15004 -47.090290 27.930700 3.929242 1.000000
15005 -45.529747 27.829630 3.995221 1.000000
15009 -43.791260 28.612087 3.259002 1.000000
15010 -43.605797 29.888870 0.743096 1.000000
15012 -42.155632 29.758642 1.342527 1.000000
15014 -41.728111 29.991678 0.823959 1.000000
15018 -44.632164 31.236115 -11.654172 1.000000
15019 -44.158218 32.156582 -11.141443 1.000000
15020 -42.789944 31.311426 -10.276310 1.000000
15021 -41.141144 31.473858 -8.738653 1.000000
15022 -41.362762 30.550171 -9.194007 1.000000
15023 -39.939522 30.083302 -7.945461 1.000000
15024 -41.805397 29.598362 -9.600283 1.000000
15025 -44.498611 28.240017 -12.355802 1.000000
15026 -42.907036 28.099705 -10.561489 1.000000
15027 -43.303387 27.459635 -11.323439 1.000000
15028 -41.751595 27.080219 -10.256693 1.000000
16805 -49.548454 35.310890 -2.473375 1.000000
16806 -50.194565 33.922062 -2.357076 1.000000
16807 -49.935677 34.434734 -3.257130 1.000000
16808 -49.965462 33.613026 -3.647029 1.000000
16809 -49.667511 34.655716 -4.080739 1.000000
16813 -48.436382 34.726677 -7.096225 1.000000
20213 -42.339836 24.942036 -13.376091 1.000000
20214 -41.271603 24.822580 -13.089549 1.000000
20215 -41.364868 24.632023 -14.116475 1.000000
20528 -49.275337 26.119303 5.694800 1.000000
20529 -49.926025 25.079380 5.831375 1.000000
20530 -48.607201 25.014523 5.979074 1.000000
20565 -48.249943 32.314217 -3.738720 1.000000
20566 -47.010216 31.398657 -2.734769 1.000000
20567 -46.764084 31.970226 -3.368211 1.000000
20568 -43.794151 32.411823 -3.341090 1.000000
20569 -43.851780 31.774466 -2.447894 1.000000
20570 -42.428616 31.787500 -2.095009 1.000000
20573 -43.687458 33.621082 -7.961132 1.000000
20574 -43.668037 33.575855 -6.609648 1.000000
20575 -42.293720 33.471165 -6.279119 1.000000
23972 -50.543510 32.373047 -0.448492 1.000000
23973 -50.820774 31.872761 0.988515 1.000000
23974 -51.059929 31.282955 0.211431 1.000000
23975 -51.018200 30.267843 0.905891 1.000000
23976 -50.370117 29.419678 1.842631 1.000000
23977 -49.518017 28.761190 2.733337 1.000000
23978 -49.140156 29.041677 1.565423 1.000000
23979 -47.796379 29.023157 1.493324 1.000000
23980 -46.294727 29.155645 1.654849 1.000000
23981 -44.784065 29.232462 2.095298 1.000000
23982 -45.810909 29.618397 0.926657 1.000000
23983 -45.193573 29.955383 0.223376 1.000000
23984 -44.605145 30.227209 -0.465912 1.000000
23989 -45.131943 30.359913 -12.127737 1.000000
23990 -43.865032 29.437435 -11.186022 1.000000
25061 -48.912403 35.623112 -4.303800 1.000000
27315 -47.517353 33.259636 -5.340386 1.000000
27316 -46.538490 32.498142 -4.211474 1.000000
27317 -46.185986 33.046642 -4.983333 1.000000
27318 -44.907524 32.951321 -4.702477 1.000000
27319 -43.720703 32.917130 -4.380891 1.000000
27320 -40.920952 32.989510 -7.002293 1.000000
30837 -40.486050 26.367222 -10.328135 1.000000
30838 -40.494183 25.796497 -11.087194 1.000000
30839 -42.090698 25.729893 -11.614723 1.000000
30840 -42.995892 25.389210 -12.836195 1.000000
30841 -43.085442 25.514622 -13.703938 1.000000
30842 -44.189980 26.960409 -13.703959 1.000000
30843 -43.512104 26.342884 -14.017489 1.000000
30979 -50.876080 31.555700 2.481143 1.000000
30980 -50.947880 31.521399 3.961250 1.000000
30985 -51.497253 26.593227 5.684113 1.000000
30986 -51.103596 27.379589 5.322551 1.000000
30987 -49.964561 27.211910 5.416833 1.000000
30988 -48.579231 26.983652 5.442445 1.000000
30989 -48.678017 28.245728 3.780733 1.000000
30990 -47.805275 27.567387 4.803319 1.000000
30991 -47.050896 26.629526 5.477559 1.000000
30992 -45.575726 26.453583 5.620692 1.000000
30999 -43.221458 29.113535 2.573369 1.000000
31006 -46.238747 33.865181 -8.435862 1.000000
31008 -45.171455 33.648281 -9.519999 1.000000
31009 -43.768303 33.318420 -9.263321 1.000000
31011 -43.881264 32.873283 -10.346631 1.000000
31012 -42.409008 32.840786 -8.727849 1.000000
31013 -40.951981 32.359444 -7.972219 1.000000
31019 -38.700432 28.938608 -7.011984 1.000000
31020 -42.404968 28.743643 -10.056518 1.000000
31021 -40.839592 28.373205 -8.798720 1.000000
31022 -39.026695 28.255764 -7.511243 1.000000
31023 -39.431339 27.655054 -8.338658 1.000000
31024 -39.942249 27.009689 -9.416218 1.000000
33379 -48.659935 34.232880 -0.030072 1.000000
33382 -49.704449 33.748299 -0.882270 1.000000
33383 -50.324909 33.065891 -1.634211 1.000000
33384 -50.471889 32.420525 -2.127108 1.000000
33385 -50.078026 31.844492 -2.468193 1.000000
33386 -49.083130 31.221781 -2.539688 1.000000
33387 -49.794281 32.304222 -3.163771 1.000000
33388 -49.387287 32.767464 -3.862200 1.000000
33389 -48.912067 33.133450 -4.588067 1.000000
33390 -49.287148 34.726318 -4.838407 1.000000
33391 -49.100372 34.023079 -5.227028 1.000000
33392 -48.452625 33.543789 -5.426151 1.000000
33393 -48.159950 33.983330 -6.362935 1.000000
33394 -47.847412 34.200268 -7.256066 1.000000
33395 -47.832386 34.332813 -8.371106 1.000000
37944 -51.147144 25.232027 5.863877 1.000000
37989 -47.408878 30.888199 -2.246644 1.000000
37990 -45.746265 30.720560 -1.705873 1.000000
37991 -44.172424 30.609396 -1.144480 1.000000
37992 -45.256634 31.720413 -2.942275 1.000000
37993 -43.930756 31.084553 -1.752283 1.000000
37994 -42.687256 30.496847 -0.474370 1.000000
37995 -41.345436 30.398067 0.087468 1.000000
37998 -44.888668 33.632408 -6.888605 1.000000
37999 -43.721214 33.340248 -5.489825 1.000000
38000 -42.370628 33.036514 -4.034680 1.000000
