#!ascii label, projected from MNI152 2 mm to fsaverage6
250
43 -40.612644 3.491040 47.694679 1.000000
163 -39.541451 -7.503081 51.228584 1.000000
215 -37.603016 5.663503 55.381248 1.000000
363 -49.780754 -0.147481 44.517414 1.000000
364 -47.637333 -4.913723 46.477863 1.000000
365 -36.216225 -1.207157 45.191284 1.000000
1000 -44.592819 2.892132 44.741112 1.000000
1443 -43.710743 -8.865515 53.158154 1.000000
1444 -42.002422 -8.599764 57.190662 1.000000
1537 -39.012875 4.750714 51.121498 1.000000
1805 -49.244797 -0.896980 47.104328 1.000000
1806 -44.939793 1.347814 47.423702 1.000000
1807 -43.035629 -7.466338 47.496090 1.000000
1808 -42.321312 -2.682829 44.101097 1.000000
1809 -40.332588 1.063611 48.355904 1.000000
1810 -36.396553 1.849198 50.730831 1.000000
2920 -42.532051 3.294520 46.132763 1.000000
2921 -40.697834 3.149092 43.499268 1.000000
2922 -39.025326 4.129317 45.159973 1.000000
3366 -38.761337 -8.815353 58.594994 1.000000
3520 -38.775734 5.109670 53.511333 1.000000
3521 -39.427052 7.615438 51.423546 1.000000
3965 -49.021690 -6.603015 48.217068 1.000000
3966 -50.171158 -4.887280 47.923809 1.000000
3967 -48.459644 -2.554431 47.254356 1.000000
3968 -47.087494 0.942324 47.143108 1.000000
3969 -46.156776 -0.924359 46.460258 1.000000
3970 -42.197762 -7.351411 53.123890 1.000000
3971 -43.484077 -7.711058 51.360462 1.000000
3972 -41.036404 -7.281288 49.229134 1.000000
3974 -40.205589 -4.747602 42.904755 1.000000
3975 -39.113262 -2.066825 44.113155 1.000000
3976 -40.938183 -0.617438 45.880623 1.000000
3977 -38.361641 0.056867 46.549641 1.000000
3978 -38.250355 1.368635 49.083862 1.000000
3979 -36.083706 0.764472 48.106739 1.000000
6406 -47.126232 1.829843 44.429352 1.000000
6407 -46.118637 0.668559 42.522011 1.000000
6408 -43.107807 2.125382 42.570854 1.000000
6409 -39.522408 3.020560 41.312378 1.000000
7205 -42.926968 -8.570185 55.021507 1.000000
7206 -41.028114 -7.417588 54.897541 1.000000
7208 -39.924789 -7.965439 56.978554 1.000000
7209 -38.194756 -7.986679 53.330040 1.000000
7423 -39.416794 3.997560 49.186974 1.000000
7424 -38.824360 5.606527 46.983589 1.000000
7425 -38.955605 6.794055 49.131142 1.000000
8048 -51.167797 -3.400861 47.179543 1.000000
8049 -49.828850 0.022299 45.981178 1.000000
8050 -47.448479 2.030165 46.203239 1.000000
8051 -45.336555 2.624334 46.862362 1.000000
8052 -43.348984 2.638972 48.017731 1.000000
8054 -45.142578 -8.187654 49.735691 1.000000
8055 -45.701576 -6.984103 46.229687 1.000000
8057 -43.366764 -5.802009 43.935890 1.000000
8058 -45.245617 -3.357588 44.699493 1.000000
8059 -43.605091 -0.555203 46.016190 1.000000
8060 -42.620926 0.929989 47.831799 1.000000
8061 -41.404350 2.557826 49.349773 1.000000
8062 -39.942020 2.490821 50.361938 1.000000
8063 -38.586075 2.860912 51.768291 1.000000
8064 -37.078697 3.262925 53.767693 1.000000
10600 -41.504700 3.318227 46.911530 1.000000
10601 -40.544548 3.426949 45.555687 1.000000
10602 -39.793228 3.725861 46.396599 1.000000
11200 -38.340652 5.233084 54.441345 1.000000
11201 -38.981926 6.597291 53.693134 1.000000
11645 -48.403728 -5.823452 47.487003 1.000000
11646 -48.924187 -4.752099 47.672283 1.000000
11647 -48.031662 -3.585054 47.017288 1.000000
11648 -47.359566 -1.600791 46.865349 1.000000
11649 -46.999104 -2.753254 46.205666 1.000000
11650 -40.954845 -7.217027 52.381561 1.000000
11651 -41.597607 -7.229739 51.418507 1.000000
11652 -40.344090 -7.362086 50.242088 1.000000
11653 -36.519066 -2.473743 43.918526 1.000000
11654 -38.047398 -2.930892 43.338722 1.000000
11655 -37.586296 -1.656417 44.506004 1.000000
11656 -38.654320 -1.023552 45.125019 1.000000
11657 -37.301983 -0.458728 45.867298 1.000000
11658 -37.152287 0.420763 47.228600 1.000000
11659 -36.090534 -0.101934 46.680698 1.000000
12117 -49.567577 -0.574601 43.550488 1.000000
14515 -45.839802 2.374163 44.571209 1.000000
14516 -45.213081 1.982011 43.493229 1.000000
14517 -43.876820 2.569061 43.662781 1.000000
14518 -39.028774 3.905068 43.136372 1.000000
14519 -40.039581 3.112863 42.374744 1.000000
15847 -42.472984 -8.455352 56.066650 1.000000
15848 -42.119865 -7.801301 55.323784 1.000000
15849 -41.605164 -7.837440 56.262817 1.000000
15854 -39.240082 -8.341345 57.903038 1.000000
15855 -38.436378 -8.290859 56.107594 1.000000
15856 -39.174580 -7.896526 55.253471 1.000000
16315 -39.140282 4.462244 50.065849 1.000000
16316 -38.831718 5.350281 48.987236 1.000000
16317 -38.908367 5.800140 50.138226 1.000000
16319 -39.869282 8.828279 50.097450 1.000000
17653 -49.781281 -2.909084 47.504333 1.000000
17654 -50.625511 -4.070210 47.642487 1.000000
17655 -50.234665 -2.157052 47.191414 1.000000
17656 -50.619751 -1.674614 46.705353 1.000000
17657 -49.603813 -0.395702 46.690689 1.000000
17658 -48.735619 1.154603 46.004219 1.000000
17659 -48.545967 0.827791 46.679237 1.000000
17660 -45.967415 1.344511 47.322613 1.000000
17661 -46.230419 2.027528 47.117165 1.000000
17662 -45.254501 2.082154 47.404671 1.000000
17663 -44.274998 2.653785 47.357933 1.000000
17664 -44.243355 1.963262 47.742096 1.000000
17668 -43.106529 -7.503461 49.599880 1.000000
17669 -44.300671 -7.930920 50.487038 1.000000
17670 -44.107628 -7.730969 48.810509 1.000000
17671 -45.244057 -7.799010 48.043205 1.000000
17672 -44.311321 -7.393039 46.718597 1.000000
17676 -41.319798 -3.764246 43.287685 1.000000
17677 -41.892757 -5.152095 43.403725 1.000000
17678 -43.026810 -4.173913 43.528831 1.000000
17679 -44.464241 -4.634389 44.015369 1.000000
17680 -43.790405 -3.017595 44.193321 1.000000
17681 -44.403419 -1.757308 45.205437 1.000000
17682 -42.986107 -1.684579 44.993664 1.000000
17683 -40.551079 0.258226 47.121685 1.000000
17684 -41.824375 0.139843 46.973488 1.000000
17685 -41.498268 0.943844 48.069977 1.000000
17686 -42.148079 1.745832 48.655018 1.000000
17687 -41.087669 1.710791 49.068985 1.000000
17688 -40.566799 2.511361 49.749668 1.000000
17689 -40.140053 1.718209 49.439793 1.000000
17690 -37.375053 1.647001 49.778465 1.000000
17691 -38.450813 1.955517 50.498577 1.000000
17692 -37.633781 2.250917 51.247688 1.000000
17693 -37.867443 3.064658 52.696861 1.000000
17694 -36.690983 2.473615 52.312416 1.000000
17701 -34.854836 2.665851 53.880188 1.000000
19069 -45.641747 0.015569 41.599312 1.000000
19084 -38.764397 6.548728 45.999760 1.000000
23686 -43.568031 3.185423 45.319130 1.000000
23687 -42.769226 2.998103 44.057930 1.000000
23688 -41.680000 3.215659 44.788883 1.000000
23689 -39.696739 3.601296 44.323616 1.000000
23690 -38.496460 4.637746 44.010353 1.000000
24766 -38.977333 4.973373 52.302422 1.000000
24767 -39.046741 6.236514 51.395393 1.000000
24768 -39.064983 6.391567 52.644043 1.000000
24769 -39.451302 7.966182 52.531818 1.000000
25569 -49.663544 -5.711658 48.135216 1.000000
25570 -49.360771 -3.757626 47.627068 1.000000
25571 -48.860359 -1.621403 47.306923 1.000000
25572 -48.248981 0.211261 47.090889 1.000000
25573 -47.835407 -0.615441 47.153374 1.000000
25574 -46.607792 0.129808 47.017941 1.000000
25575 -45.457569 0.425727 46.958427 1.000000
25576 -43.227917 -7.891640 53.406303 1.000000
25577 -43.757713 -8.155540 52.555138 1.000000
25578 -42.798172 -7.429018 52.348633 1.000000
25579 -42.188267 -7.313053 50.424187 1.000000
25580 -41.880890 -7.399942 48.319298 1.000000
25583 -38.478291 -4.255432 42.733616 1.000000
25584 -39.657528 -3.441947 43.106289 1.000000
25585 -40.687588 -2.463772 43.983517 1.000000
25586 -41.553875 -1.518444 44.975426 1.000000
25587 -40.037041 -1.389673 44.920429 1.000000
25588 -39.610054 -0.398725 46.100487 1.000000
25589 -39.367462 0.519713 47.552483 1.000000
25590 -39.270496 1.136584 48.528999 1.000000
25591 -38.189022 0.781130 47.847111 1.000000
25592 -37.182617 1.127043 48.434452 1.000000
25593 -36.196766 1.366067 49.276512 1.000000
29651 -48.133400 -7.467508 48.391678 1.000000
29652 -47.647869 -6.760070 47.360779 1.000000
29664 -35.040340 -0.799317 46.203037 1.000000
30304 -48.442875 1.005628 44.398293 1.000000
30305 -48.141144 0.436136 43.508324 1.000000
30306 -46.679115 1.298953 43.467266 1.000000
30307 -44.550697 1.432229 42.454231 1.000000
30308 -42.485497 1.682058 41.532787 1.000000
30309 -41.847996 2.657999 42.961437 1.000000
30310 -41.115868 2.369471 41.889210 1.000000
32169 -43.266079 -8.606138 54.011597 1.000000
32170 -42.674789 -7.774978 54.353779 1.000000
32171 -41.642097 -7.347083 53.858837 1.000000
32172 -40.288517 -7.331866 53.141163 1.000000
32176 -40.134937 -8.779930 59.091423 1.000000
32177 -40.621681 -8.336478 58.355652 1.000000
32178 -41.200066 -8.049197 57.282848 1.000000
32179 -40.528519 -7.690321 55.922253 1.000000
32180 -39.699001 -7.608580 54.195953 1.000000
32181 -38.881783 -7.704066 52.135262 1.000000
32761 -39.910469 3.766568 48.516418 1.000000
32762 -39.272301 4.246061 47.210228 1.000000
32763 -38.995766 4.815184 48.069401 1.000000
32764 -38.862568 6.289758 47.963337 1.000000
32766 -39.176636 7.234521 50.289162 1.000000
32767 -39.620808 8.323863 49.035118 1.000000
34452 -51.033611 -1.193264 45.265919 1.000000
34459 -51.570759 -2.857045 46.573631 1.000000
34460 -50.862164 -1.292542 46.003483 1.000000
34461 -49.855080 0.042770 45.263653 1.000000
34462 -48.637566 1.240863 45.195927 1.000000
34463 -47.342545 2.035915 45.339550 1.000000
34464 -46.208336 2.535342 45.593651 1.000000
34465 -47.384991 1.580869 46.849785 1.000000
34466 -46.322510 2.438763 46.419136 1.000000
34467 -45.078712 2.950131 45.846600 1.000000
34468 -44.051147 3.090123 46.474915 1.000000
34469 -43.067677 3.161503 47.233185 1.000000
34470 -42.169106 3.160768 47.981956 1.000000
34474 -44.443279 -8.405058 51.642784 1.000000
34475 -45.122917 -8.597493 50.821674 1.000000
34476 -45.923836 -8.725454 50.203136 1.000000
34478 -46.510628 -7.531126 47.585133 1.000000
34479 -46.845356 -6.032629 46.141151 1.000000
34480 -39.881756 -7.548666 48.149445 1.000000
34481 -40.769882 -7.386782 47.127926 1.000000
34482 -41.911247 -7.296597 46.210445 1.000000
34484 -42.086243 -6.538748 44.365356 1.000000
34485 -43.218170 -6.991516 45.484619 1.000000
34486 -44.661934 -6.422395 44.946922 1.000000
34487 -45.764278 -5.351756 44.939690 1.000000
34488 -46.492672 -4.057751 45.467537 1.000000
34489 -45.717316 -2.107652 45.572979 1.000000
34490 -44.914753 -0.589105 46.168854 1.000000
34491 -44.312340 0.375579 46.964729 1.000000
34492 -42.325706 -0.622863 45.979683 1.000000
34493 -43.056095 0.189862 46.866608 1.000000
34494 -43.759174 1.146169 47.560200 1.000000
34495 -43.139107 1.814294 48.241283 1.000000
34496 -42.368492 2.656553 48.719402 1.000000
34497 -41.235821 3.171002 48.813770 1.000000
34498 -40.422157 3.221905 49.480659 1.000000
34499 -39.877861 3.274356 50.038765 1.000000
34500 -39.472931 3.495633 50.778740 1.000000
34501 -39.243179 1.810157 49.844963 1.000000
34502 -39.224216 2.638335 50.921890 1.000000
34503 -39.027695 3.721844 51.652588 1.000000
34504 -38.691433 3.925436 52.830070 1.000000
34505 -38.153801 4.035882 53.885395 1.000000
34506 -37.340675 4.252030 54.842022 1.000000
34507 -35.015125 0.196627 47.625935 1.000000
34508 -34.978477 0.781252 48.893322 1.000000
34509 -35.167007 1.246967 50.277813 1.000000
34512 -35.404594 1.817299 51.785736 1.000000
34513 -35.781521 2.502977 53.280670 1.000000
34514 -36.175323 3.477590 54.623528 1.000000
34515 -36.565216 4.648314 55.498146 1.000000
36184 -47.700233 -0.193566 42.547600 1.000000
36185 -47.202904 -0.731475 41.598843 1.000000
36202 -38.806896 4.949972 46.026684 1.000000
36203 -38.377647 5.607894 45.011482 1.000000
