#!ascii label, projected from MNI152 2 mm to fsaverage6
1801
29 -61.878792 -48.149025 15.693919 1.000000
65 -44.155315 -54.018627 21.968929 1.000000
83 -53.619274 -39.217827 -7.176898 1.000000
128 -48.276848 -39.037083 11.854799 1.000000
129 -62.530724 -33.942314 4.647164 1.000000
133 -48.557861 -48.148140 4.303336 1.000000
203 -46.703194 -30.776636 -7.103691 1.000000
204 -55.087292 -28.391010 -12.361144 1.000000
283 -49.164543 -31.847393 4.822950 1.000000
287 -53.624367 -52.904339 18.370010 1.000000
288 -43.642296 -49.684818 12.923998 1.000000
289 -54.178661 -45.423717 10.839548 1.000000
290 -52.287006 -40.303387 4.676627 1.000000
291 -63.574379 -40.560478 9.328783 1.000000
407 -51.663647 -54.493614 24.830269 1.000000
408 -59.010506 -51.702522 22.572758 1.000000
437 -63.187721 -44.865459 -2.637813 1.000000
543 -55.702515 -48.336136 22.648540 1.000000
545 -46.885109 -43.249374 22.183695 1.000000
546 -58.397839 -40.739666 14.613629 1.000000
547 -61.603554 -33.434380 9.205992 1.000000
549 -59.154797 -28.762533 -0.981780 1.000000
554 -53.320324 -61.120552 5.684470 1.000000
555 -39.687355 -57.690929 14.525169 1.000000
556 -50.045238 -57.764946 8.768163 1.000000
557 -57.188610 -53.303894 2.279265 1.000000
558 -53.162224 -44.824249 -1.267147 1.000000
559 -49.331604 -36.098293 -0.401004 1.000000
683 -48.468433 -26.232569 -5.548239 1.000000
684 -47.505596 -25.759130 -10.075501 1.000000
767 -58.345226 -51.925762 15.970034 1.000000
768 -53.888550 -49.625660 14.269701 1.000000
769 -59.364635 -47.252289 12.784747 1.000000
770 -59.001476 -43.186241 9.617198 1.000000
771 -62.817101 -44.538738 12.835876 1.000000
918 -50.080303 -54.675056 27.777035 1.000000
919 -52.840858 -51.435890 26.771149 1.000000
920 -55.081738 -52.645153 23.149681 1.000000
921 -57.528126 -51.534096 27.039362 1.000000
968 -58.556030 -42.188240 -5.164628 1.000000
969 -62.389610 -41.106834 -6.997934 1.000000
970 -57.947681 -38.635883 -9.548784 1.000000
1197 -54.125530 -44.237518 31.319775 1.000000
1198 -56.464520 -47.865711 27.270214 1.000000
1199 -51.923256 -46.065067 27.799261 1.000000
1206 -51.801952 -43.042778 17.815395 1.000000
1207 -53.615562 -39.521339 13.637013 1.000000
1208 -60.219006 -37.191471 12.053287 1.000000
1209 -54.794617 -36.265217 9.920167 1.000000
1210 -50.892467 -27.713522 1.872040 1.000000
1211 -56.512005 -28.770340 5.199962 1.000000
1221 -49.408012 -63.557465 8.133925 1.000000
1222 -40.560192 -55.964775 24.027313 1.000000
1223 -37.539192 -58.499744 20.151495 1.000000
1224 -38.947029 -54.207203 18.490067 1.000000
1225 -45.677292 -48.638107 8.124669 1.000000
1226 -44.673313 -53.590191 8.535337 1.000000
1227 -48.607830 -53.103992 5.738005 1.000000
1228 -53.468269 -56.305916 5.871519 1.000000
1229 -52.780823 -50.840202 2.827712 1.000000
1230 -56.311218 -48.401035 0.764511 1.000000
1231 -51.606209 -46.667873 1.635310 1.000000
1232 -57.466808 -37.264912 4.505661 1.000000
1233 -51.107922 -38.131409 2.211346 1.000000
1234 -55.768456 -34.736256 1.487769 1.000000
1235 -53.432335 -32.534496 -0.915563 1.000000
1236 -61.671745 -31.483051 1.353970 1.000000
1517 -48.990070 -35.497765 -7.938975 1.000000
1518 -54.063293 -34.086452 -10.568865 1.000000
1519 -49.595589 -30.009251 -10.887215 1.000000
1661 -48.410683 -35.575539 8.386467 1.000000
1669 -48.303059 -52.285603 20.979000 1.000000
1670 -42.849648 -51.441948 18.048891 1.000000
1671 -48.118660 -50.169853 16.342621 1.000000
1672 -48.935616 -47.475212 12.218507 1.000000
1673 -49.297581 -45.348003 7.887949 1.000000
1674 -49.212563 -43.746307 4.471165 1.000000
1675 -53.663605 -43.286324 7.233266 1.000000
1676 -58.535511 -40.990532 6.644994 1.000000
1677 -63.439430 -37.614025 6.575290 1.000000
1908 -45.403599 -56.511921 25.203119 1.000000
1909 -51.801746 -58.522228 29.738764 1.000000
1910 -50.764576 -57.562786 25.956333 1.000000
1911 -48.951595 -54.859447 23.418911 1.000000
1912 -53.319347 -54.736992 21.714712 1.000000
1913 -57.319965 -53.622528 19.600506 1.000000
1914 -60.471458 -50.918816 18.607109 1.000000
1980 -58.902710 -49.914379 -4.843450 1.000000
2270 -60.196697 -49.921967 22.951721 1.000000
2271 -60.161919 -48.102379 19.208662 1.000000
2277 -48.336159 -42.811371 26.932598 1.000000
2278 -50.901867 -45.796455 22.690348 1.000000
2279 -56.150879 -45.050907 18.298161 1.000000
2280 -61.502003 -43.831299 15.996695 1.000000
2281 -63.027565 -39.988365 13.035013 1.000000
2284 -55.468636 -32.524483 7.450826 1.000000
2287 -65.347832 -27.168951 1.790330 1.000000
2289 -56.010536 -25.890148 -2.956011 1.000000
2299 -51.578846 -59.672791 1.626944 1.000000
2304 -40.733044 -53.596790 13.097613 1.000000
2305 -44.939384 -57.821693 11.673141 1.000000
2306 -49.680290 -62.362144 11.316854 1.000000
2307 -54.443726 -61.761852 9.395625 1.000000
2308 -58.016052 -59.597145 6.211527 1.000000
2310 -61.186199 -49.219856 0.301035 1.000000
2311 -58.484089 -45.719444 -1.972578 1.000000
2312 -53.501839 -41.907188 -3.783377 1.000000
2313 -49.191521 -42.395378 1.512166 1.000000
2314 -49.160969 -40.736591 -1.263459 1.000000
2315 -48.582508 -38.686699 -4.468650 1.000000
2316 -46.943363 -34.049286 -3.398931 1.000000
2317 -50.376289 -29.617945 -2.969062 1.000000
2687 -60.213055 -50.269951 15.685915 1.000000
2688 -59.055431 -50.027203 14.306300 1.000000
2689 -60.912579 -48.038891 13.927866 1.000000
2690 -61.208832 -46.019123 12.640470 1.000000
2691 -62.447136 -46.354843 14.322805 1.000000
2740 -57.289635 -55.797180 -2.955760 1.000000
2837 -53.327312 -50.865124 30.617626 1.000000
2838 -51.852459 -51.347229 28.594318 1.000000
2839 -54.304974 -51.129391 28.717377 1.000000
2840 -55.206676 -51.211082 26.896305 1.000000
2841 -56.683704 -51.390362 29.066626 1.000000
2888 -56.113232 -40.973000 -6.322380 1.000000
2889 -58.159199 -40.643124 -7.370780 1.000000
2890 -55.771820 -38.887413 -8.341536 1.000000
3118 -52.895172 -45.090057 29.591068 1.000000
3119 -51.236488 -43.497303 29.594112 1.000000
3126 -50.152687 -40.790554 15.266078 1.000000
3127 -50.946465 -39.361946 12.637423 1.000000
3128 -54.274830 -38.054100 11.620432 1.000000
3129 -51.343910 -37.729431 10.763197 1.000000
3130 -52.133018 -25.406601 0.869490 1.000000
3131 -54.562183 -26.195379 2.278383 1.000000
3141 -47.235237 -63.820854 9.282112 1.000000
3142 -42.243126 -54.795296 22.952154 1.000000
3143 -39.418232 -54.940269 21.388700 1.000000
3144 -41.197678 -53.602314 20.637764 1.000000
3145 -47.033913 -48.550201 6.014369 1.000000
3146 -46.576420 -50.968441 6.585210 1.000000
3147 -48.369633 -50.548100 4.767671 1.000000
3148 -50.606674 -52.171227 4.138770 1.000000
3149 -50.376095 -49.587036 3.456746 1.000000
3150 -52.321808 -48.700378 2.392862 1.000000
3151 -50.210297 -47.569256 3.122938 1.000000
3152 -60.121437 -35.563713 4.516024 1.000000
3153 -56.643810 -35.721073 2.953114 1.000000
3154 -59.451996 -34.117714 2.887773 1.000000
3155 -58.677197 -32.993042 1.357150 1.000000
3156 -62.063274 -32.728935 2.972967 1.000000
3488 -47.331665 -33.181297 -7.704483 1.000000
3489 -49.118065 -32.787788 -9.575407 1.000000
3490 -47.671368 -30.491201 -9.267100 1.000000
3492 -48.926613 -25.636463 -12.038616 1.000000
3742 -51.005604 -52.544289 19.756609 1.000000
3743 -48.114723 -51.183105 18.645905 1.000000
3744 -51.029915 -51.295795 17.385534 1.000000
3745 -54.277821 -47.424904 12.684076 1.000000
3746 -51.479382 -48.133980 13.381752 1.000000
3747 -51.544647 -46.598076 11.455301 1.000000
3748 -49.262482 -46.311901 9.979694 1.000000
3749 -51.670418 -45.394020 9.609790 1.000000
3750 -51.359173 -44.278637 7.860309 1.000000
3751 -53.952831 -44.414410 9.192521 1.000000
3752 -61.363129 -41.993237 9.243349 1.000000
3753 -58.791676 -42.077187 7.997202 1.000000
3754 -61.337166 -40.490669 7.638054 1.000000
3755 -60.951488 -39.327618 6.499789 1.000000
3756 -63.586555 -38.883747 7.737147 1.000000
4190 -43.931602 -57.448608 26.419605 1.000000
4191 -46.599304 -58.044239 26.898382 1.000000
4194 -49.827080 -56.489513 30.594961 1.000000
4195 -51.057243 -54.710888 26.382751 1.000000
4196 -51.570808 -56.396599 27.172474 1.000000
4197 -51.541229 -56.237804 25.447084 1.000000
4198 -49.551445 -56.254345 24.730345 1.000000
4199 -50.936302 -55.489704 23.872702 1.000000
4200 -50.760067 -54.751732 22.459862 1.000000
4201 -52.383259 -54.253620 23.252037 1.000000
4202 -57.021900 -51.937386 22.523285 1.000000
4203 -56.201172 -53.154968 21.280706 1.000000
4204 -57.927418 -52.263775 20.570950 1.000000
4205 -58.784851 -52.188244 18.667866 1.000000
4206 -59.822254 -51.568928 20.401600 1.000000
4351 -54.522362 -30.950994 -11.813241 1.000000
4352 -56.672901 -33.324825 -11.778111 1.000000
5034 -59.161842 -48.023689 29.135559 1.000000
5035 -56.007347 -48.514530 25.121403 1.000000
5036 -58.657509 -49.171547 25.170841 1.000000
5037 -58.266472 -49.192360 22.727028 1.000000
5038 -60.134533 -49.278145 20.873119 1.000000
5039 -58.027203 -48.300392 20.537426 1.000000
5056 -49.119514 -44.890228 24.998816 1.000000
5057 -48.826744 -44.604729 22.348379 1.000000
5058 -54.992626 -42.015583 15.937268 1.000000
5059 -54.114494 -43.853657 18.058861 1.000000
5060 -57.038586 -43.041809 16.226862 1.000000
5061 -58.663879 -44.337997 16.691910 1.000000
5062 -60.095936 -42.088524 15.246829 1.000000
5063 -62.282814 -41.879921 14.618685 1.000000
5064 -61.070015 -40.188778 14.095367 1.000000
5065 -60.892525 -35.377544 10.224704 1.000000
5066 -62.627129 -36.577461 11.203325 1.000000
5070 -48.620537 -33.716190 6.591725 1.000000
5071 -51.761330 -34.029991 7.966671 1.000000
5072 -52.099022 -32.084377 6.502175 1.000000
5073 -60.380871 -27.548019 5.549101 1.000000
5074 -59.844910 -29.168102 6.578158 1.000000
5102 -50.427719 -60.770458 5.277816 1.000000
5104 -52.292072 -59.777729 3.571376 1.000000
5105 -54.566967 -59.586693 1.905306 1.000000
5106 -55.318859 -60.254784 4.011865 1.000000
5110 -38.236038 -58.106243 17.275555 1.000000
5115 -42.906116 -50.593903 15.607620 1.000000
5116 -41.061207 -52.093163 15.659953 1.000000
5117 -41.925529 -51.510632 12.956114 1.000000
5118 -47.221313 -55.782837 8.139884 1.000000
5119 -44.920326 -56.041222 9.875586 1.000000
5120 -47.775780 -57.973122 10.566364 1.000000
5121 -47.645016 -59.826324 11.834691 1.000000
5122 -50.442265 -59.938927 11.130893 1.000000
5123 -52.199574 -62.336590 10.710688 1.000000
5124 -52.603832 -59.815746 9.496211 1.000000
5125 -55.269722 -55.162830 3.881560 1.000000
5126 -55.813995 -57.985638 6.073647 1.000000
5127 -57.481487 -56.437538 4.030549 1.000000
5128 -59.411171 -57.610729 4.404897 1.000000
5129 -59.540314 -54.196045 2.271687 1.000000
5130 -61.529613 -52.057545 1.212895 1.000000
5131 -59.363167 -51.254845 1.295803 1.000000
5132 -54.896515 -46.586185 -0.169351 1.000000
5133 -57.585400 -47.146168 -0.395346 1.000000
5134 -55.821930 -45.451199 -1.693129 1.000000
5135 -56.217285 -43.665291 -2.948483 1.000000
5136 -53.591499 -43.457939 -2.441862 1.000000
5137 -50.465981 -41.837875 4.559385 1.000000
5138 -49.199356 -42.928749 2.773067 1.000000
5139 -49.848778 -40.798576 3.380661 1.000000
5140 -50.216534 -37.158535 0.947662 1.000000
5141 -49.096149 -39.288952 0.786683 1.000000
5142 -48.584206 -38.296314 -0.719080 1.000000
5143 -48.933735 -39.677467 -2.776448 1.000000
5144 -47.845638 -37.495071 -2.325072 1.000000
5145 -47.137012 -36.489185 -4.008380 1.000000
5146 -48.068787 -35.285851 -1.792388 1.000000
5147 -56.079010 -30.786798 -1.210049 1.000000
5148 -51.774696 -31.184656 -1.980375 1.000000
5149 -54.698071 -29.218695 -1.922955 1.000000
5150 -53.140526 -27.784954 -2.861686 1.000000
5151 -57.719330 -27.281912 -1.780040 1.000000
5581 -58.522339 -47.427467 -6.642941 1.000000
5582 -55.746681 -50.090317 -6.059489 1.000000
5583 -56.423058 -48.340851 -8.181702 1.000000
5837 -47.021431 -28.373693 -6.337225 1.000000
5838 -47.010380 -27.984665 -8.590081 1.000000
5839 -47.367897 -25.903595 -7.677296 1.000000
5989 -56.059155 -52.815166 16.986589 1.000000
5990 -53.834747 -51.291138 16.131567 1.000000
5991 -56.392445 -51.024158 15.047415 1.000000
5992 -56.791908 -48.852066 13.629622 1.000000
5993 -56.933594 -46.204910 12.066751 1.000000
5994 -56.730934 -44.276512 10.284184 1.000000
5995 -59.324371 -44.916424 11.485109 1.000000
5996 -61.473633 -43.959469 11.102332 1.000000
5997 -63.267151 -42.610672 11.041921 1.000000
6261 -49.608276 -52.437035 28.579342 1.000000
6262 -50.696571 -52.730061 27.010178 1.000000
6263 -51.908855 -52.935051 25.510012 1.000000
6264 -53.094460 -53.272400 24.042608 1.000000
6265 -53.902576 -51.939770 24.874065 1.000000
6266 -56.130836 -51.414757 24.783033 1.000000
6267 -58.292198 -51.492889 24.851505 1.000000
6350 -61.233013 -43.236671 -3.644580 1.000000
6351 -62.868267 -42.760918 -4.536888 1.000000
6352 -60.525280 -41.738071 -5.935386 1.000000
6353 -60.284657 -40.116669 -8.359976 1.000000
6355 -56.177010 -26.088612 -13.325007 1.000000
6356 -58.491718 -27.438181 -12.506630 1.000000
6763 -55.908546 -45.509319 30.824894 1.000000
6764 -56.909729 -47.194492 29.128576 1.000000
6765 -54.826454 -46.328129 29.327618 1.000000
6766 -53.969677 -47.008785 27.493866 1.000000
6767 -53.516457 -47.517200 25.286591 1.000000
6778 -48.992306 -43.666996 19.879345 1.000000
6779 -49.428516 -42.207909 17.694447 1.000000
6780 -52.576202 -41.274162 16.013081 1.000000
6781 -56.089638 -39.874725 14.439047 1.000000
6782 -59.202251 -38.936993 13.647227 1.000000
6783 -56.872284 -38.318424 12.696070 1.000000
6784 -57.799385 -36.602348 10.854581 1.000000
6785 -58.450897 -34.686775 9.441340 1.000000
6786 -49.890251 -29.913589 3.255893 1.000000
6787 -52.578827 -30.180073 4.888708 1.000000
6788 -53.437828 -28.252895 3.521008 1.000000
6789 -57.297081 -26.975193 3.930650 1.000000
6807 -51.275707 -62.451576 6.880563 1.000000
6808 -38.900291 -57.633789 24.992743 1.000000
6810 -38.037731 -56.886543 22.254883 1.000000
6811 -37.790447 -56.200447 19.235157 1.000000
6812 -38.382759 -55.876537 16.282478 1.000000
6813 -44.625023 -49.007755 10.535310 1.000000
6814 -43.334953 -51.392967 10.445398 1.000000
6815 -44.882072 -51.189217 8.447995 1.000000
6816 -46.564037 -53.527527 7.091673 1.000000
6817 -49.199833 -55.565186 6.836289 1.000000
6818 -51.764271 -57.277782 7.179787 1.000000
6819 -50.962067 -54.767883 5.765264 1.000000
6820 -53.135414 -53.733776 3.941879 1.000000
6821 -55.082542 -51.989727 2.497482 1.000000
6822 -56.918938 -50.508873 1.367620 1.000000
6823 -54.637390 -49.538330 1.937493 1.000000
6824 -53.866375 -47.657814 1.225148 1.000000
6825 -52.439472 -45.768257 0.190147 1.000000
6826 -54.745678 -38.871819 4.555582 1.000000
6827 -51.689247 -39.120205 3.460157 1.000000
6828 -54.097862 -37.491795 3.206336 1.000000
6829 -53.239635 -36.441612 1.736068 1.000000
6830 -52.331432 -35.277718 0.725042 1.000000
6831 -51.106812 -34.227699 -0.449471 1.000000
6832 -54.830513 -33.436852 0.392931 1.000000
6833 -57.645027 -31.782383 0.171473 1.000000
6834 -60.475880 -30.149204 -0.024634 1.000000
7379 -51.266014 -37.536022 -7.673457 1.000000
7380 -53.699699 -37.000511 -8.871695 1.000000
7381 -51.300514 -34.955887 -9.426659 1.000000
7382 -51.684334 -31.975906 -10.857866 1.000000
7383 -52.149940 -29.258184 -11.923770 1.000000
7384 -48.149170 -27.962936 -10.416898 1.000000
7385 -50.271362 -27.595221 -11.800573 1.000000
7386 -52.955486 -26.924274 -12.809324 1.000000
7715 -48.418892 -37.415844 9.972794 1.000000
7720 -43.784031 -33.396873 4.448651 1.000000
7721 -46.731331 -31.707520 3.508553 1.000000
7722 -47.453663 -29.514196 1.943682 1.000000
7723 -48.480793 -26.952948 0.914921 1.000000
7735 -46.144505 -52.940083 21.741613 1.000000
7736 -43.233864 -52.580658 20.291553 1.000000
7737 -45.406658 -51.547558 19.916922 1.000000
7738 -45.244934 -50.505230 17.420105 1.000000
7739 -45.409248 -49.423603 15.002309 1.000000
7740 -51.095539 -49.915733 15.360349 1.000000
7741 -48.532066 -48.740601 14.309224 1.000000
7742 -46.103844 -48.343525 12.719872 1.000000
7743 -46.757313 -47.252686 10.288872 1.000000
7744 -47.374454 -46.813942 7.886466 1.000000
7745 -47.926491 -46.402416 5.912608 1.000000
7746 -48.691120 -46.000145 4.370492 1.000000
7747 -49.175262 -44.618458 6.205850 1.000000
7748 -50.960205 -43.192398 6.041886 1.000000
7749 -53.149017 -41.801609 5.728544 1.000000
7750 -56.330158 -43.189262 8.449270 1.000000
7751 -56.011986 -42.341152 6.874295 1.000000
7752 -55.364483 -40.589119 5.556836 1.000000
7753 -58.094074 -39.166698 5.585524 1.000000
7754 -60.749031 -37.744957 5.518647 1.000000
7755 -63.059959 -35.960144 5.722352 1.000000
8332 -41.407093 -57.228264 25.777256 1.000000
8333 -42.975883 -55.968102 24.704184 1.000000
8334 -44.655655 -55.351116 23.442287 1.000000
8338 -50.832439 -56.595215 28.875238 1.000000
8339 -51.791798 -58.431862 27.607361 1.000000
8341 -48.042946 -57.097382 25.474295 1.000000
8342 -47.092625 -55.631378 24.022652 1.000000
8343 -46.641529 -54.408134 23.017689 1.000000
8344 -48.512856 -53.482117 22.336639 1.000000
8345 -50.918144 -53.592384 21.231400 1.000000
8346 -53.582447 -54.167946 20.014015 1.000000
8347 -54.255482 -53.725269 22.315500 1.000000
8348 -55.444214 -54.407024 20.708311 1.000000
8349 -55.855133 -54.152966 18.834332 1.000000
8350 -57.878094 -53.215004 17.720188 1.000000
8351 -59.502342 -51.617146 17.055887 1.000000
8352 -61.171944 -49.796947 17.242243 1.000000
8528 -60.815868 -47.268761 -5.150555 1.000000
8536 -56.004875 -36.353634 -10.249440 1.000000
8537 -58.385445 -35.848228 -11.419817 1.000000
9368 -59.378246 -51.158028 27.377447 1.000000
9369 -59.896454 -51.231190 25.147236 1.000000
9370 -58.956562 -48.576752 27.407003 1.000000
9371 -60.165516 -50.064293 25.252577 1.000000
9372 -60.457764 -51.150013 22.824745 1.000000
9373 -60.849133 -50.602467 20.785149 1.000000
9374 -61.195885 -49.496788 19.143787 1.000000
9375 -61.593792 -48.188850 17.702435 1.000000
9394 -49.911289 -44.497673 27.541571 1.000000
9395 -51.131069 -46.421089 25.340038 1.000000
9396 -53.114220 -47.080620 22.644512 1.000000
9397 -51.230610 -44.580757 20.094570 1.000000
9398 -53.426979 -45.716774 20.310064 1.000000
9399 -55.695965 -46.914268 20.111511 1.000000
9400 -58.094227 -46.586292 18.350906 1.000000
9401 -60.516499 -46.277191 17.254408 1.000000
9402 -62.475697 -46.023632 16.174517 1.000000
9403 -63.091175 -44.125015 14.842646 1.000000
9404 -63.513451 -42.145355 13.053203 1.000000
9406 -61.981506 -38.277142 12.844322 1.000000
9408 -64.429672 -38.497562 9.563969 1.000000
9409 -64.843224 -36.737690 8.181080 1.000000
9410 -64.814552 -35.313545 7.103813 1.000000
9411 -64.542915 -33.718349 5.864241 1.000000
9412 -51.543976 -35.900097 9.177314 1.000000
9413 -55.134895 -34.385300 8.588634 1.000000
9414 -58.899120 -32.866890 8.404905 1.000000
9415 -55.874554 -30.665186 6.319615 1.000000
9416 -59.301380 -30.991882 7.471855 1.000000
9420 -64.446671 -32.179337 4.493888 1.000000
9421 -64.174530 -30.923717 2.774743 1.000000
9422 -63.762951 -29.550247 1.053101 1.000000
9423 -62.948292 -27.978189 -0.116105 1.000000
9425 -64.704857 -25.565548 0.246128 1.000000
9426 -61.693501 -26.248859 -1.138970 1.000000
9427 -59.923462 -24.863297 -2.368229 1.000000
9468 -40.722065 -52.670471 18.224539 1.000000
9469 -39.397179 -53.822174 15.800632 1.000000
9470 -39.948467 -55.705727 13.664505 1.000000
9471 -42.527409 -53.559692 10.412519 1.000000
9472 -42.286224 -55.790733 11.549760 1.000000
9473 -42.133434 -57.581116 12.708656 1.000000
9477 -50.082325 -64.323708 10.103727 1.000000
9478 -52.402210 -64.116760 9.235209 1.000000
9479 -54.498070 -62.684010 7.710376 1.000000
9480 -54.261406 -59.146660 7.551010 1.000000
9481 -56.256306 -60.820698 7.515984 1.000000
9482 -56.569679 -61.378471 5.963349 1.000000
9487 -62.904400 -49.711422 -0.513591 1.000000
9488 -62.590538 -47.239906 -1.105315 1.000000
9489 -58.732960 -48.819664 0.531277 1.000000
9490 -60.211998 -47.405983 -0.652261 1.000000
9491 -61.108803 -45.426247 -2.155115 1.000000
9492 -58.787159 -43.592571 -3.320387 1.000000
9493 -56.064983 -42.071568 -4.716031 1.000000
9494 -53.495277 -40.810085 -5.587275 1.000000
9495 -49.534859 -45.294964 2.605990 1.000000
9496 -50.173088 -44.503727 1.032813 1.000000
9497 -50.604179 -43.865078 -0.251135 1.000000
9498 -49.491074 -40.017403 2.143440 1.000000
9499 -49.231068 -41.673943 0.211657 1.000000
9500 -51.001640 -42.863041 -1.506294 1.000000
9501 -51.038475 -41.556061 -2.798684 1.000000
9502 -50.811554 -40.444065 -4.385774 1.000000
9503 -50.873363 -39.239075 -6.095210 1.000000
9504 -48.540516 -37.228786 -6.176334 1.000000
9505 -47.002659 -34.927288 -5.844310 1.000000
9506 -46.587311 -32.525936 -5.203868 1.000000
9507 -49.520077 -33.177753 -1.758939 1.000000
9508 -48.156837 -31.700668 -3.009603 1.000000
9509 -47.374420 -30.028692 -4.588380 1.000000
9510 -49.268272 -27.965099 -4.232448 1.000000
9511 -51.807049 -26.030842 -3.927924 1.000000
10027 -56.666046 -52.860558 -4.420452 1.000000
10367 -61.123680 -49.120895 15.648203 1.000000
10368 -60.589649 -49.207756 14.812428 1.000000
10369 -61.437050 -48.130882 14.765546 1.000000
10370 -61.750587 -47.111313 14.070704 1.000000
10371 -62.169640 -47.260712 15.029150 1.000000
10517 -54.558949 -50.848289 30.749256 1.000000
10518 -53.849262 -51.071735 29.690228 1.000000
10519 -55.126518 -51.113075 29.870380 1.000000
10520 -55.523277 -51.260994 28.885244 1.000000
10521 -56.281006 -51.189453 30.034826 1.000000
10568 -54.850075 -40.089458 -6.793707 1.000000
10569 -55.857887 -39.995991 -7.235003 1.000000
10570 -54.665993 -39.027020 -7.721761 1.000000
10806 -49.330708 -40.001316 13.486700 1.000000
10807 -49.663834 -39.214024 12.218079 1.000000
10808 -51.132141 -38.587036 11.670240 1.000000
10809 -49.804298 -38.428577 11.252444 1.000000
10822 -43.130669 -54.378685 22.330555 1.000000
10823 -41.686638 -54.134132 21.817564 1.000000
10824 -42.623932 -53.691185 21.402271 1.000000
10825 -47.733589 -48.370937 5.053092 1.000000
10826 -47.530540 -49.573586 5.317824 1.000000
10827 -48.447323 -49.325813 4.535253 1.000000
10828 -49.364052 -50.089546 4.049932 1.000000
10829 -49.361137 -48.923958 3.803508 1.000000
10830 -50.328461 -48.618271 3.310031 1.000000
10831 -49.369713 -47.961704 3.694418 1.000000
10832 -61.409626 -34.714527 4.673853 1.000000
10833 -59.734386 -34.663044 3.745502 1.000000
10834 -61.064903 -33.917961 3.799818 1.000000
10835 -60.777550 -33.396027 2.925107 1.000000
10836 -62.245087 -33.254631 3.841993 1.000000
11168 -46.903877 -31.996607 -7.425971 1.000000
11169 -47.449211 -31.835974 -8.483662 1.000000
11170 -47.036781 -30.592905 -8.193264 1.000000
11422 -52.387959 -52.772453 19.097330 1.000000
11423 -50.995972 -52.001350 18.545633 1.000000
11424 -52.395233 -52.035412 17.951309 1.000000
11425 -54.249279 -46.319054 11.844309 1.000000
11426 -52.843987 -46.836040 12.051211 1.000000
11427 -52.865028 -46.109421 11.173525 1.000000
11428 -51.672905 -46.012039 10.576410 1.000000
11429 -52.897053 -45.477924 10.190660 1.000000
11430 -52.842113 -44.917686 9.442512 1.000000
11431 -54.127735 -44.902588 9.981181 1.000000
11432 -62.604332 -41.344162 9.264643 1.000000
11433 -61.438576 -41.128113 8.461325 1.000000
11434 -62.707787 -40.464394 8.452466 1.000000
11435 -62.572685 -39.698826 7.539255 1.000000
11436 -63.619560 -39.769753 8.481916 1.000000
11875 -51.418140 -54.619488 25.646723 1.000000
11876 -51.487873 -55.626274 25.991695 1.000000
11877 -51.478222 -55.350990 25.142584 1.000000
11878 -51.215069 -55.825981 24.688688 1.000000
11879 -51.471893 -55.049946 24.358219 1.000000
11880 -51.628765 -54.807800 23.559052 1.000000
11881 -51.945000 -54.321800 24.053736 1.000000
11882 -58.039207 -51.719994 22.521427 1.000000
11883 -57.459106 -52.137798 21.440845 1.000000
11884 -58.403126 -51.824879 21.509359 1.000000
11885 -58.858910 -51.823048 20.435410 1.000000
11886 -59.431366 -51.731194 21.431456 1.000000
12031 -54.836773 -29.489243 -12.212292 1.000000
12715 -55.844219 -48.564411 23.894966 1.000000
12716 -57.213604 -49.036201 23.868221 1.000000
12717 -56.989918 -48.826408 22.669483 1.000000
12718 -58.127846 -48.894604 21.564472 1.000000
12719 -56.816113 -48.378532 21.497398 1.000000
12735 -47.038288 -43.406235 23.458849 1.000000
12736 -48.002769 -44.160278 23.563326 1.000000
12737 -47.850227 -43.962524 22.226997 1.000000
12738 -56.677265 -41.423080 15.164015 1.000000
12739 -56.078423 -42.521229 15.967575 1.000000
12740 -57.729958 -41.938805 15.270348 1.000000
12741 -58.540295 -42.523182 15.612483 1.000000
12742 -59.319984 -41.411598 14.799652 1.000000
12743 -60.573101 -41.118748 14.593597 1.000000
12744 -59.773865 -40.428177 14.331343 1.000000
12745 -61.248619 -34.412941 9.634637 1.000000
12746 -62.190735 -34.887745 10.034586 1.000000
12747 -62.658028 -33.882519 9.519104 1.000000
12750 -48.866219 -32.807495 5.691905 1.000000
12752 -50.543140 -31.971292 5.668357 1.000000
12782 -51.891418 -60.970467 5.522631 1.000000
12783 -51.362244 -60.176472 4.472855 1.000000
12784 -52.816994 -60.382599 4.683733 1.000000
12785 -53.858814 -59.951439 3.797447 1.000000
12786 -54.293091 -60.613239 4.801649 1.000000
12790 -38.811432 -57.914051 15.809131 1.000000
12791 -38.961861 -58.952156 16.301035 1.000000
12792 -39.781078 -58.706139 14.982864 1.000000
12794 -40.835075 -58.505260 13.879534 1.000000
12795 -43.262997 -50.120422 14.263399 1.000000
12796 -42.249653 -50.910244 14.364453 1.000000
12797 -42.701954 -50.633305 13.036573 1.000000
12798 -48.596687 -56.788643 8.419169 1.000000
12799 -47.541435 -56.869141 9.319734 1.000000
12800 -49.037941 -57.883625 9.703170 1.000000
12801 -49.119938 -58.933899 10.927870 1.000000
12802 -50.384541 -58.801422 10.089465 1.000000
12803 -51.610802 -59.820934 10.414275 1.000000
12804 -51.361244 -58.749062 9.190946 1.000000
12805 -56.298035 -54.254601 2.930334 1.000000
12806 -56.370899 -55.790184 3.886372 1.000000
12807 -57.380962 -54.875206 2.848036 1.000000
12808 -58.457649 -55.441078 3.042526 1.000000
12809 -58.375103 -53.774010 2.201902 1.000000
12810 -59.514996 -52.685425 1.749226 1.000000
12811 -58.312103 -52.300465 1.798809 1.000000
12812 -54.032326 -45.771282 -0.788001 1.000000
12813 -55.402016 -46.048561 -0.938610 1.000000
12814 -54.522083 -45.199413 -1.561199 1.000000
12815 -54.748474 -44.489338 -2.161062 1.000000
12816 -53.422626 -44.215996 -1.900603 1.000000
12817 -51.295582 -41.053913 4.669179 1.000000
12818 -50.113647 -41.290554 4.002714 1.000000
12819 -50.927574 -40.429314 4.139581 1.000000
12820 -49.774872 -36.596252 0.259201 1.000000
12821 -49.153618 -37.663517 0.278229 1.000000
12822 -48.732246 -37.187824 -0.505732 1.000000
12823 -48.238777 -37.925488 -1.550471 1.000000
12824 -48.271313 -36.733730 -1.245688 1.000000
12825 -47.750351 -36.354286 -1.943391 1.000000
12826 -48.734673 -35.706169 -1.004011 1.000000
12827 -57.575081 -29.769064 -1.155447 1.000000
12828 -55.403038 -30.018906 -1.624860 1.000000
12829 -56.877129 -29.054317 -1.488699 1.000000
12830 -56.158150 -28.271338 -1.858632 1.000000
12831 -58.486351 -28.044119 -1.345429 1.000000
13261 -58.923607 -46.848270 -7.784454 1.000000
13262 -57.406147 -47.917641 -7.385452 1.000000
13568 -47.670631 -27.264557 -5.909818 1.000000
13569 -47.184143 -27.099350 -7.018315 1.000000
13570 -47.744549 -26.043133 -6.607886 1.000000
13822 -57.198402 -52.484398 16.398518 1.000000
13823 -56.252666 -51.888115 15.904573 1.000000
13824 -57.465851 -51.614014 15.423113 1.000000
13825 -59.328136 -48.702854 13.589246 1.000000
13826 -58.025127 -49.595135 13.932706 1.000000
13827 -58.183128 -48.179813 13.261862 1.000000
13828 -56.958290 -47.554024 12.960190 1.000000
13829 -58.188702 -46.713951 12.493686 1.000000
13830 -58.175182 -45.544319 11.796455 1.000000
13831 -59.386330 -46.063053 12.134621 1.000000
13832 -62.102886 -45.323357 12.678787 1.000000
13833 -61.369530 -45.019409 11.905992 1.000000
13834 -62.339211 -44.373726 11.817846 1.000000
13835 -62.491089 -43.333363 10.963463 1.000000
13836 -63.053894 -43.542583 11.946302 1.000000
14275 -52.334278 -51.385357 27.714336 1.000000
14276 -51.094780 -51.815350 27.646210 1.000000
14277 -51.613159 -51.908623 26.837484 1.000000
14278 -51.303596 -52.806591 26.286678 1.000000
14279 -52.199360 -52.070271 26.055313 1.000000
14280 -52.873951 -52.398327 25.184984 1.000000
14281 -53.367786 -51.650105 25.840048 1.000000
14282 -56.352089 -51.397911 26.989208 1.000000
14283 -55.741383 -51.291382 25.865448 1.000000
14284 -56.853626 -51.392494 25.996693 1.000000
14285 -57.239784 -51.397602 24.848816 1.000000
14286 -57.968361 -51.502502 25.984241 1.000000
14423 -59.824139 -42.650574 -4.375030 1.000000
14424 -60.791584 -42.396751 -4.693129 1.000000
14425 -59.515297 -42.002144 -5.566152 1.000000
14426 -58.020855 -39.628536 -8.444430 1.000000
14427 -59.224060 -40.363899 -7.904053 1.000000
14428 -59.135307 -39.449291 -9.018267 1.000000
14429 -60.222435 -39.276207 -9.394057 1.000000
14430 -59.109150 -38.489410 -9.969072 1.000000
15112 -54.966724 -44.949108 31.104115 1.000000
15113 -55.268078 -45.959961 30.068140 1.000000
15114 -54.433136 -45.359676 30.318029 1.000000
15115 -52.344765 -45.549171 28.711529 1.000000
15116 -53.341389 -46.158493 28.585501 1.000000
15117 -52.860909 -46.577896 27.671513 1.000000
15118 -53.693226 -47.346008 26.420954 1.000000
15119 -52.535534 -46.889687 26.673107 1.000000
15136 -48.046913 -42.494064 18.699528 1.000000
15138 -51.822498 -40.237511 14.386708 1.000000
15139 -51.349243 -41.013626 15.734983 1.000000
15140 -53.094238 -40.329304 14.915204 1.000000
15141 -54.323048 -40.603111 15.220120 1.000000
15142 -54.856361 -39.600342 14.184061 1.000000
15143 -56.498463 -39.062569 13.630681 1.000000
15144 -55.195717 -38.946400 13.145180 1.000000
15145 -54.524902 -37.177910 10.715479 1.000000
15146 -55.952221 -37.366585 11.231342 1.000000
15147 -56.299225 -36.406258 10.326847 1.000000
15148 -58.160358 -35.629272 10.054335 1.000000
15149 -56.634529 -35.496277 9.603609 1.000000
15150 -50.327721 -28.818249 2.502721 1.000000
15151 -51.610035 -29.030966 3.327748 1.000000
15152 -52.115040 -27.973398 2.682194 1.000000
15154 -55.844048 -26.628241 3.133393 1.000000
15155 -57.936176 -26.024893 3.361705 1.000000
15156 -59.353394 -26.384022 4.199018 1.000000
15185 -49.870953 -62.212334 6.559843 1.000000
15186 -50.325420 -63.144115 7.560241 1.000000
15187 -39.704563 -56.760277 24.511959 1.000000
15188 -38.487419 -57.277241 23.684795 1.000000
15189 -39.129539 -56.318642 23.175266 1.000000
15190 -39.077297 -54.546497 19.905418 1.000000
15191 -38.315907 -55.453911 20.339916 1.000000
15192 -38.247017 -55.165344 18.793125 1.000000
15193 -37.948147 -55.962250 17.760651 1.000000
15194 -38.414421 -54.950764 17.340746 1.000000
15195 -45.115620 -48.769775 9.292635 1.000000
15196 -44.525173 -49.989990 9.423711 1.000000
15197 -45.149261 -49.929680 8.311451 1.000000
15198 -47.501354 -52.123230 6.080297 1.000000
15199 -46.513817 -52.297646 6.915619 1.000000
15200 -47.636158 -53.420849 6.443757 1.000000
15201 -47.892944 -54.666542 6.881208 1.000000
15202 -48.920315 -54.438007 6.175660 1.000000
15203 -50.082157 -55.319756 6.278438 1.000000
15204 -49.770447 -53.977428 5.639670 1.000000
15205 -51.640331 -51.587807 3.385890 1.000000
15206 -51.873913 -52.971046 4.000910 1.000000
15207 -52.976879 -52.357719 3.209844 1.000000
15208 -54.150169 -53.001381 2.951741 1.000000
15209 -54.031475 -51.445007 2.565508 1.000000
15210 -54.880348 -50.722652 2.220075 1.000000
15211 -53.828865 -50.218834 2.379480 1.000000
15212 -52.064445 -47.679218 2.024764 1.000000
15213 -53.181091 -48.123852 1.776501 1.000000
15214 -52.799171 -47.159477 1.397846 1.000000
15215 -53.285198 -46.665565 0.758816 1.000000
15216 -52.105358 -46.184471 0.929920 1.000000
15217 -56.109119 -38.129433 4.543882 1.000000
15218 -54.410694 -38.120552 3.903165 1.000000
15219 -55.788158 -37.247456 3.829095 1.000000
15220 -56.180443 -35.246353 2.168392 1.000000
15221 -54.905357 -36.075638 2.242557 1.000000
15222 -54.470470 -35.610790 1.610977 1.000000
15223 -52.743031 -35.909969 1.206858 1.000000
15224 -54.058758 -34.992241 1.096499 1.000000
15225 -53.617157 -34.301121 0.536142 1.000000
15226 -55.330711 -34.089012 0.985165 1.000000
15227 -60.241730 -32.221889 1.366269 1.000000
15228 -58.252666 -32.311825 0.767430 1.000000
15229 -59.803917 -31.565424 0.694379 1.000000
15230 -59.068047 -30.982428 0.045382 1.000000
15231 -61.190632 -30.835125 0.562229 1.000000
16223 -50.062817 -36.529755 -7.844611 1.000000
16224 -51.254875 -36.324444 -8.557343 1.000000
16225 -50.057922 -35.269661 -8.713331 1.000000
16226 -49.347870 -31.327148 -10.308234 1.000000
16227 -50.356895 -32.431671 -10.296537 1.000000
16228 -50.571289 -30.960880 -11.013170 1.000000
16229 -51.915661 -30.522873 -11.543966 1.000000
16230 -50.798134 -29.715542 -11.523022 1.000000
16231 -47.232193 -26.868464 -9.252788 1.000000
16232 -47.454552 -28.013403 -9.569065 1.000000
16233 -47.736176 -26.831173 -10.297291 1.000000
16234 -50.065826 -25.523716 -12.795851 1.000000
16235 -49.528461 -26.700888 -11.949183 1.000000
16236 -50.776718 -26.505863 -12.624066 1.000000
16237 -51.584259 -27.359304 -12.364433 1.000000
16238 -52.129436 -26.195499 -13.118213 1.000000
16946 -44.442162 -36.252220 7.826496 1.000000
16949 -44.734734 -34.477947 5.806721 1.000000
16955 -44.055592 -32.362865 3.566059 1.000000
16956 -45.263462 -32.587280 3.886697 1.000000
16958 -47.110935 -30.622379 2.660342 1.000000
16961 -46.719631 -27.866299 1.326509 1.000000
16963 -48.993980 -25.717281 0.629802 1.000000
16987 -47.117664 -52.504700 21.376022 1.000000
16988 -45.651924 -52.200439 20.918058 1.000000
16989 -46.799397 -51.803444 20.515022 1.000000
16990 -48.128227 -50.730114 17.472157 1.000000
16991 -46.713516 -50.722721 18.136112 1.000000
16992 -46.662056 -50.252239 16.945145 1.000000
16993 -45.222103 -49.987549 16.212120 1.000000
16994 -46.658184 -49.679192 15.714241 1.000000
16995 -53.760925 -50.533691 15.152402 1.000000
16996 -52.437996 -50.616112 15.721753 1.000000
16997 -52.515217 -49.797523 14.799565 1.000000
16998 -50.145550 -47.592560 12.830505 1.000000
16999 -50.027946 -48.438652 13.957678 1.000000
17000 -48.710510 -48.002571 13.331360 1.000000
17001 -47.237442 -48.477684 13.621149 1.000000
17002 -47.515057 -47.838249 12.469525 1.000000
17003 -46.413429 -47.701790 11.489000 1.000000
17004 -47.757668 -47.220352 11.324110 1.000000
17005 -49.358391 -45.819824 8.894279 1.000000
17006 -48.195278 -46.355076 8.931457 1.000000
17007 -48.369030 -46.050140 7.895854 1.000000
17008 -47.644341 -46.648140 6.884195 1.000000
17009 -48.362030 -45.723469 6.943413 1.000000
17010 -48.455498 -45.469444 6.095693 1.000000
17011 -49.198467 -44.949409 7.051064 1.000000
17012 -52.485298 -43.778706 7.561975 1.000000
17013 -51.190437 -43.774616 6.913813 1.000000
17014 -52.295357 -43.203983 6.608076 1.000000
17015 -52.035206 -42.460964 5.813701 1.000000
17016 -53.417988 -42.645679 6.402096 1.000000
17017 -57.895546 -43.715385 9.947593 1.000000
17018 -56.520500 -43.582626 9.291826 1.000000
17019 -57.670349 -43.048992 8.980614 1.000000
17020 -58.738472 -41.631989 7.390503 1.000000
17021 -57.416393 -42.322365 7.442964 1.000000
17022 -57.255993 -41.736607 6.756178 1.000000
17023 -55.750439 -41.524551 6.110652 1.000000
17024 -57.028484 -40.837017 6.031036 1.000000
17025 -56.691673 -39.892323 5.503936 1.000000
17026 -58.319252 -40.112507 5.995324 1.000000
17027 -62.252388 -38.554943 6.496213 1.000000
17028 -60.911213 -38.567482 5.980272 1.000000
17029 -62.116283 -37.800365 5.976621 1.000000
17030 -61.936077 -36.847202 5.515792 1.000000
17031 -63.254475 -36.847538 6.135607 1.000000
18330 -40.540810 -57.921730 26.381931 1.000000
18331 -41.942860 -57.950104 26.572458 1.000000
18332 -44.680866 -56.964760 25.885456 1.000000
18333 -43.340527 -56.654289 25.572206 1.000000
18334 -44.132225 -56.242989 24.940573 1.000000
18335 -43.739697 -55.624859 24.107327 1.000000
18336 -44.914032 -55.918434 24.300184 1.000000
18340 -51.434307 -58.402069 30.791798 1.000000
18342 -51.789661 -59.304028 30.249918 1.000000
18343 -51.293194 -59.991383 29.757282 1.000000
18344 -51.715721 -59.326927 29.096722 1.000000
18345 -49.480976 -54.543213 28.580143 1.000000
18346 -49.805737 -55.583118 29.175961 1.000000
18347 -50.391914 -55.611317 28.373051 1.000000
18348 -51.618629 -57.196095 26.553593 1.000000
18349 -51.725475 -57.405315 27.416958 1.000000
18350 -51.362976 -58.134533 26.768768 1.000000
18351 -50.978455 -58.731453 27.176600 1.000000
18352 -50.238708 -58.120197 26.352261 1.000000
18353 -48.794643 -57.904175 26.207287 1.000000
18354 -49.473610 -57.503723 25.631922 1.000000
18355 -49.144089 -55.538746 24.017569 1.000000
18356 -48.346222 -55.863720 24.408863 1.000000
18357 -48.032005 -55.227833 23.818062 1.000000
18358 -46.883659 -55.038269 23.495687 1.000000
18359 -47.903145 -54.554848 23.344999 1.000000
18360 -47.660191 -53.927826 22.732595 1.000000
18361 -48.686420 -54.187084 22.923458 1.000000
18362 -52.075020 -54.789482 22.064455 1.000000
18363 -50.859688 -54.186455 21.825829 1.000000
18364 -52.177563 -54.435005 21.323889 1.000000
18365 -52.253052 -53.859291 20.614281 1.000000
18366 -53.480324 -54.555054 20.823582 1.000000
18367 -54.111900 -53.012726 23.659428 1.000000
18368 -53.704201 -53.458275 23.222630 1.000000
18369 -54.687904 -53.246990 22.759373 1.000000
18370 -56.779499 -53.448284 20.441544 1.000000
18371 -55.828236 -53.834351 21.038471 1.000000
18372 -56.395409 -54.131054 20.135145 1.000000
18373 -55.725018 -54.523354 19.812281 1.000000
18374 -56.760033 -54.112713 19.184204 1.000000
18375 -56.855591 -53.772106 18.221060 1.000000
18376 -57.603355 -53.552162 18.668341 1.000000
18377 -59.667419 -51.548298 18.613478 1.000000
18378 -59.095284 -51.965782 17.792454 1.000000
18379 -59.974770 -51.193840 17.754063 1.000000
18380 -60.351879 -50.749092 17.069872 1.000000
18381 -60.759411 -50.412430 17.832510 1.000000
18794 -60.490826 -45.967979 -6.225253 1.000000
18796 -62.551311 -41.950657 -5.660819 1.000000
18798 -63.109650 -41.897301 -6.425156 1.000000
18811 -53.898293 -35.674862 -9.732553 1.000000
18812 -54.923492 -36.730026 -9.534182 1.000000
18813 -55.123940 -35.318253 -10.379416 1.000000
18815 -57.540169 -34.591106 -11.706657 1.000000
18816 -58.822144 -34.319176 -12.099383 1.000000
18819 -60.358543 -27.038446 -12.615260 1.000000
20863 -59.668140 -51.143841 26.313232 1.000000
20864 -60.047657 -50.618839 26.424191 1.000000
20865 -56.662239 -47.511414 28.216681 1.000000
20866 -57.903687 -47.906475 28.207834 1.000000
20867 -57.735577 -48.231018 27.298456 1.000000
20868 -59.474243 -49.557056 24.040087 1.000000
20869 -59.621227 -49.522736 25.196987 1.000000
20870 -60.219719 -50.084404 24.057911 1.000000
20871 -60.460030 -50.691910 24.013065 1.000000
20872 -60.577576 -50.547073 22.904810 1.000000
20873 -60.608940 -50.942921 21.742369 1.000000
20874 -60.631489 -50.287495 21.915701 1.000000
20875 -60.128181 -48.743542 19.978291 1.000000
20876 -60.789124 -49.349548 20.061146 1.000000
20877 -60.852722 -48.780540 19.243458 1.000000
20878 -61.336102 -48.901733 18.411430 1.000000
20879 -60.917755 -48.170509 18.479105 1.000000
20925 -49.083637 -42.323589 27.812820 1.000000
20926 -49.787140 -43.181076 28.228607 1.000000
20927 -49.052452 -43.603371 27.286341 1.000000
20928 -49.849133 -45.515083 23.869083 1.000000
20929 -50.063263 -45.679787 25.134039 1.000000
20930 -50.894409 -46.183727 23.958731 1.000000
20931 -52.050892 -46.859379 24.031618 1.000000
20932 -52.034721 -46.445129 22.697069 1.000000
20933 -50.344856 -43.422203 18.890593 1.000000
20934 -50.083992 -44.121834 19.977234 1.000000
20935 -51.461121 -43.838493 18.901642 1.000000
20936 -55.153728 -44.411716 18.200283 1.000000
20937 -53.769642 -44.772297 19.213228 1.000000
20938 -54.852150 -45.360901 19.261745 1.000000
20939 -54.518738 -46.301479 20.213329 1.000000
20940 -55.822857 -46.037373 19.183508 1.000000
20941 -56.893909 -46.742195 19.112864 1.000000
20942 -57.021954 -45.739227 18.174870 1.000000
20943 -60.187298 -43.969166 16.294830 1.000000
20944 -59.645374 -45.258110 16.921839 1.000000
20945 -61.014069 -45.016796 16.597071 1.000000
20946 -61.588600 -46.115730 16.808821 1.000000
20947 -62.149220 -44.833996 16.217127 1.000000
20948 -62.798622 -45.018333 15.552399 1.000000
20949 -62.505440 -43.901531 15.684995 1.000000
20950 -62.684071 -40.848824 13.813751 1.000000
20951 -63.049000 -41.972832 13.997238 1.000000
20952 -63.357960 -41.025597 13.075020 1.000000
20955 -59.713066 -38.039486 12.917387 1.000000
20956 -60.722076 -38.512577 13.264198 1.000000
20957 -61.174793 -37.627052 12.533806 1.000000
20958 -63.562225 -36.388725 10.683797 1.000000
20959 -63.214325 -37.302540 11.366226 1.000000
20961 -64.168686 -38.354485 10.571072 1.000000
20962 -64.457611 -37.383507 9.792551 1.000000
20963 -64.648933 -37.586693 8.801928 1.000000
20966 -65.045784 -34.908131 7.944172 1.000000
20967 -65.045547 -34.159401 7.376372 1.000000
20968 -64.697868 -34.536987 6.578465 1.000000
20969 -65.009239 -33.438053 6.732625 1.000000
20970 -48.428070 -36.506237 9.144621 1.000000
20971 -50.010277 -36.656700 9.535490 1.000000
20972 -50.032860 -35.728279 8.835695 1.000000
20973 -53.589916 -33.246151 7.708330 1.000000
20974 -53.451008 -34.164520 8.275316 1.000000
20975 -55.306580 -33.459770 7.983815 1.000000
20976 -57.035625 -33.619240 8.426074 1.000000
20977 -57.180897 -32.661674 7.886946 1.000000
20978 -54.598309 -29.442556 5.032458 1.000000
20979 -54.274757 -30.423315 5.719680 1.000000
20980 -56.200218 -29.682865 5.783666 1.000000
20981 -61.501232 -29.294018 7.199815 1.000000
20982 -59.554455 -30.059500 7.054513 1.000000
20983 -61.211048 -30.236530 7.527588 1.000000
20984 -60.947163 -31.236364 7.960815 1.000000
20991 -65.161812 -31.915798 5.374271 1.000000
20992 -65.184219 -31.175577 4.535826 1.000000
20993 -64.341713 -31.497742 3.625819 1.000000
20994 -65.124939 -30.513088 3.783350 1.000000
20996 -64.906273 -29.201885 2.130792 1.000000
20997 -64.657936 -28.486628 1.424860 1.000000
20998 -63.317463 -28.760273 0.401610 1.000000
20999 -64.349564 -27.666052 0.730914 1.000000
21006 -63.402000 -25.877707 -0.534431 1.000000
21007 -62.687397 -25.021259 -1.275305 1.000000
21008 -60.807709 -25.512524 -1.784604 1.000000
21076 -52.895374 -59.764080 0.746160 1.000000
21077 -56.041527 -59.656738 2.233731 1.000000
21090 -37.413033 -58.713612 21.680132 1.000000
21105 -42.960339 -51.975628 19.225897 1.000000
21106 -41.961845 -52.572327 19.293951 1.000000
21107 -41.818001 -52.032093 18.142111 1.000000
21108 -40.676003 -52.682301 14.378862 1.000000
21109 -40.162163 -52.916267 15.726797 1.000000
21110 -39.968224 -53.767681 14.378438 1.000000
21111 -39.399372 -54.754463 14.638422 1.000000
21112 -40.259384 -54.661579 13.318338 1.000000
21113 -43.746578 -52.455406 9.349792 1.000000
21114 -42.833324 -52.428833 10.277044 1.000000
21115 -43.625935 -53.677650 9.392815 1.000000
21116 -44.995975 -56.994568 10.930350 1.000000
21117 -43.632401 -56.003914 10.727140 1.000000
21118 -43.584015 -56.901283 11.514654 1.000000
21119 -42.146526 -56.725170 12.171852 1.000000
21120 -43.461540 -57.668201 12.126287 1.000000
21121 -43.399487 -58.410309 12.527624 1.000000
21122 -44.889763 -58.570129 12.124876 1.000000
21123 -48.799435 -61.012016 11.643793 1.000000
21127 -48.796349 -63.423485 11.264086 1.000000
21128 -48.785793 -64.138321 10.573034 1.000000
21129 -50.033638 -63.645130 11.023348 1.000000
21130 -53.405865 -62.131390 10.147980 1.000000
21131 -52.540089 -63.616497 10.209792 1.000000
21132 -53.644093 -63.231148 9.650439 1.000000
21133 -53.400879 -63.490650 8.587506 1.000000
21134 -54.670368 -62.652660 8.779073 1.000000
21135 -52.627960 -56.793476 6.470150 1.000000
21136 -53.017632 -58.135429 7.385820 1.000000
21137 -53.884876 -57.582050 6.583117 1.000000
21138 -56.991016 -58.875816 6.276631 1.000000
21139 -56.154461 -59.445545 6.930028 1.000000
21140 -57.121132 -60.255177 6.786699 1.000000
21141 -56.650024 -61.397808 6.794973 1.000000
21142 -57.636738 -60.726234 6.216937 1.000000
21143 -57.634106 -60.860725 5.390450 1.000000
21144 -58.558838 -60.030952 5.650584 1.000000
21145 -60.304523 -56.439796 3.134047 1.000000
21152 -61.406445 -50.603523 0.713177 1.000000
21153 -62.229820 -50.877022 0.377616 1.000000
21154 -62.179161 -49.548073 0.050771 1.000000
21155 -62.943237 -48.385220 -0.715121 1.000000
21156 -61.962280 -48.206066 -0.307811 1.000000
21157 -56.696373 -49.427555 1.044897 1.000000
21158 -57.908714 -49.630238 0.906397 1.000000
21159 -57.591034 -48.694210 0.642671 1.000000
21160 -58.105186 -46.500042 -1.182496 1.000000
21161 -58.950512 -47.354710 -0.486469 1.000000
21162 -59.412445 -46.548862 -1.276896 1.000000
21163 -60.739662 -46.564026 -1.347334 1.000000
21164 -59.767689 -45.581429 -2.134197 1.000000
21165 -59.998730 -44.507236 -2.768882 1.000000
21166 -58.659660 -44.574654 -2.697440 1.000000
21167 -54.880299 -42.711029 -3.303193 1.000000
21168 -56.175343 -42.738251 -3.684622 1.000000
21169 -54.833874 -41.982059 -4.267810 1.000000
21170 -54.768566 -41.457653 -5.200832 1.000000
21171 -53.479950 -41.393341 -4.703064 1.000000
21172 -48.826031 -44.869347 4.385679 1.000000
21173 -49.134708 -45.691948 3.499338 1.000000
21174 -49.101246 -44.505890 3.498495 1.000000
21175 -49.170822 -42.591248 2.096874 1.000000
21176 -49.465157 -43.755192 1.804440 1.000000
21177 -49.604450 -43.474888 1.153866 1.000000
21178 -50.411861 -44.192207 0.368443 1.000000
21179 -49.711876 -43.164158 0.560353 1.000000
21180 -51.337219 -38.609474 2.790112 1.000000
21181 -50.360836 -39.461342 2.867986 1.000000
21182 -50.237434 -39.045380 2.231286 1.000000
21183 -48.856827 -40.037518 -0.233864 1.000000
21184 -49.001518 -40.460487 0.550308 1.000000
21185 -49.214298 -41.289608 -0.511398 1.000000
21186 -49.941769 -42.392803 -0.764803 1.000000
21187 -50.023193 -41.812737 -1.484717 1.000000
21188 -51.056664 -42.180733 -2.128698 1.000000
21189 -49.974117 -41.241657 -2.183299 1.000000
21190 -48.742249 -39.197235 -3.584574 1.000000
21191 -49.743965 -40.144615 -3.637449 1.000000
21192 -49.703297 -39.657055 -4.476789 1.000000
21193 -50.883091 -39.925728 -5.286576 1.000000
21194 -49.600197 -39.006233 -5.361764 1.000000
21195 -49.699692 -38.290535 -6.182710 1.000000
21196 -48.511147 -38.056458 -5.340752 1.000000
21197 -46.885197 -35.229988 -3.691890 1.000000
21198 -46.962944 -35.749271 -4.907446 1.000000
21199 -46.689491 -34.512928 -4.586866 1.000000
21200 -46.640217 -33.726616 -5.533804 1.000000
21201 -46.688808 -33.328194 -4.282542 1.000000
21202 -52.188526 -33.395119 -0.650155 1.000000
21203 -50.377495 -33.801739 -1.086989 1.000000
21204 -51.362640 -32.929787 -1.323867 1.000000
21205 -51.051384 -30.415974 -2.427485 1.000000
21206 -49.843910 -31.428867 -2.344384 1.000000
21207 -49.120140 -30.630924 -2.979316 1.000000
21208 -47.691418 -30.894236 -3.762272 1.000000
21209 -48.640923 -29.787695 -3.648771 1.000000
21210 -48.246334 -28.995365 -4.385631 1.000000
21211 -49.784710 -28.796223 -3.587814 1.000000
21212 -54.570324 -26.812429 -2.914885 1.000000
21213 -52.463524 -26.968647 -3.425536 1.000000
21214 -53.786407 -25.994736 -3.432039 1.000000
21215 -53.155495 -25.109917 -3.812344 1.000000
21216 -55.261353 -25.095612 -3.363795 1.000000
22501 -59.342213 -51.419239 -4.191885 1.000000
22502 -58.191059 -52.784538 -3.955257 1.000000
22503 -57.752075 -51.374340 -4.644927 1.000000
22505 -54.612404 -51.715050 -6.055317 1.000000
23117 -49.591320 -25.222469 -5.241513 1.000000
23118 -48.638443 -25.030531 -6.192676 1.000000
23269 -59.298180 -51.237324 15.759021 1.000000
23270 -58.585072 -51.069611 15.110295 1.000000
23271 -59.705341 -50.248222 14.898954 1.000000
23272 -60.167625 -49.058323 14.092224 1.000000
23273 -60.315163 -47.727013 13.324094 1.000000
23274 -60.341148 -46.619823 12.637372 1.000000
23275 -61.054893 -46.998112 13.349292 1.000000
23276 -61.940102 -46.196411 13.376902 1.000000
23277 -62.677570 -45.446632 13.627502 1.000000
23364 -56.145641 -55.850231 -3.701513 1.000000
23539 -52.215721 -50.906345 30.587315 1.000000
23540 -51.420155 -51.179974 29.499828 1.000000
23541 -52.717171 -51.101547 29.614819 1.000000
23542 -53.047203 -51.134239 28.655338 1.000000
23543 -53.497780 -51.164185 27.646276 1.000000
23544 -54.010796 -51.257057 26.691059 1.000000
23545 -54.746559 -51.208271 27.779373 1.000000
23546 -55.950172 -51.388695 27.948078 1.000000
23547 -57.047020 -51.518890 28.020575 1.000000
23630 -57.322960 -41.686409 -5.828702 1.000000
23631 -58.339783 -41.499416 -6.309323 1.000000
23632 -57.111610 -40.815254 -6.828116 1.000000
23633 -56.971626 -39.828209 -7.835695 1.000000
23634 -56.857323 -38.737328 -8.986227 1.000000
24044 -53.459709 -44.712929 30.420414 1.000000
24045 -52.646156 -43.907280 30.552439 1.000000
24046 -51.982460 -44.350060 29.735439 1.000000
24047 -51.441559 -44.834511 28.813305 1.000000
24059 -48.922813 -40.655617 14.815257 1.000000
24060 -50.596157 -40.129272 13.903534 1.000000
24061 -52.241844 -39.471989 13.128708 1.000000
24062 -53.933601 -38.834896 12.611156 1.000000
24063 -52.547089 -38.755657 12.101091 1.000000
24064 -52.830219 -37.895008 11.184491 1.000000
24065 -52.997425 -37.001701 10.317785 1.000000
24066 -51.458092 -26.551086 1.305574 1.000000
24067 -52.698570 -26.911304 2.072452 1.000000
24068 -53.342216 -25.803333 1.518235 1.000000
24087 -48.440960 -63.747673 8.699292 1.000000
24088 -41.373741 -55.255463 23.444843 1.000000
24089 -39.933136 -55.419487 22.710281 1.000000
24090 -40.796928 -54.706871 22.260540 1.000000
24091 -40.304951 -54.192871 20.945126 1.000000
24092 -39.904858 -53.736439 19.636209 1.000000
24093 -46.351112 -48.579292 7.067216 1.000000
24094 -45.897636 -49.805008 7.247243 1.000000
24095 -46.702145 -49.743141 6.225205 1.000000
24096 -47.472267 -50.838390 5.656217 1.000000
24097 -48.483234 -51.810322 5.185401 1.000000
24098 -49.577942 -52.670490 4.963612 1.000000
24099 -49.441944 -51.365913 4.431553 1.000000
24100 -50.447823 -50.829994 3.717622 1.000000
24101 -51.485229 -50.192009 3.149498 1.000000
24102 -52.563129 -49.699913 2.657493 1.000000
24103 -51.357262 -49.264259 2.948133 1.000000
24104 -51.234272 -48.211304 2.770797 1.000000
24105 -50.961693 -47.175732 2.358275 1.000000
24106 -58.808125 -36.443275 4.421098 1.000000
24107 -57.093689 -36.393837 3.769436 1.000000
24108 -58.450550 -35.498890 3.711581 1.000000
24109 -57.996746 -34.897198 2.910684 1.000000
24110 -57.605835 -34.429092 2.116388 1.000000
24111 -57.271984 -33.851021 1.432019 1.000000
24112 -59.084038 -33.610573 2.096542 1.000000
24113 -60.541222 -32.821976 2.101857 1.000000
24114 -61.850609 -32.110535 2.174326 1.000000
24710 -48.020237 -34.361931 -7.878178 1.000000
24711 -48.966988 -34.204327 -8.826513 1.000000
24712 -48.099621 -33.077858 -8.710355 1.000000
24713 -48.246201 -31.649761 -9.456576 1.000000
24714 -48.530640 -30.273788 -10.128194 1.000000
24716 -48.071060 -25.690466 -11.112165 1.000000
25168 -49.536705 -52.338562 20.401428 1.000000
25169 -48.147633 -51.692711 19.915295 1.000000
25170 -49.602428 -51.866371 19.201397 1.000000
25171 -49.594769 -51.311939 17.959595 1.000000
25172 -49.558453 -50.685295 16.866558 1.000000
25173 -54.143543 -48.589104 13.444934 1.000000
25174 -52.664295 -48.856987 13.825308 1.000000
25175 -52.838329 -47.857414 12.987074 1.000000
25176 -51.537529 -47.228539 12.425300 1.000000
25177 -50.291725 -47.058998 11.817119 1.000000
25178 -49.102390 -46.883270 11.127695 1.000000
25179 -50.378151 -46.500404 10.855725 1.000000
25180 -50.476906 -45.934464 9.861513 1.000000
25181 -50.460373 -45.280281 8.809147 1.000000
25182 -50.267883 -44.741333 7.914015 1.000000
25183 -51.529381 -44.787750 8.760135 1.000000
25184 -52.680122 -44.311131 8.542833 1.000000
25185 -53.792870 -43.778553 8.196684 1.000000
25186 -60.179909 -42.648335 9.416708 1.000000
25187 -58.858238 -42.548534 8.681467 1.000000
25188 -60.100014 -41.852135 8.520525 1.000000
25189 -60.112450 -41.298702 7.884557 1.000000
25190 -59.980133 -40.873695 7.262595 1.000000
25191 -59.792915 -40.192135 6.582894 1.000000
25192 -61.141991 -39.973251 7.057329 1.000000
25193 -62.313774 -39.106220 6.937624 1.000000
25194 -63.559113 -38.244194 7.062256 1.000000
25974 -43.226692 -58.039013 26.891993 1.000000
25975 -44.526146 -58.166332 27.227322 1.000000
25976 -45.290203 -57.690407 26.686441 1.000000
25977 -45.935631 -57.280281 26.123383 1.000000
25982 -50.959393 -57.555450 30.202778 1.000000
25983 -50.584778 -54.738441 27.032333 1.000000
25984 -50.985291 -55.659248 27.550343 1.000000
25985 -51.265022 -55.607727 26.783646 1.000000
25986 -51.657677 -56.341393 26.320679 1.000000
25987 -51.306038 -56.881561 25.742733 1.000000
25988 -50.111137 -56.963757 25.330257 1.000000
25989 -50.780876 -56.471962 25.016773 1.000000
25990 -50.282246 -55.931438 24.258917 1.000000
25991 -49.921749 -55.245827 23.517454 1.000000
25992 -49.739819 -54.660561 22.962200 1.000000
25993 -50.750500 -55.172920 23.081303 1.000000
25994 -51.853294 -54.932060 22.841831 1.000000
25995 -52.905853 -54.555977 22.497021 1.000000
25996 -56.058220 -52.282936 22.736002 1.000000
25997 -55.586510 -52.920399 22.216898 1.000000
25998 -56.534832 -52.584553 21.767817 1.000000
25999 -57.090015 -52.755760 20.833595 1.000000
26000 -57.599285 -52.936668 19.979206 1.000000
26001 -58.082958 -52.977406 19.045097 1.000000
26002 -58.417145 -52.300636 19.568291 1.000000
26003 -59.301769 -51.797619 19.460497 1.000000
26004 -60.211113 -51.287605 19.513420 1.000000
26263 -54.229866 -32.531555 -11.247975 1.000000
26264 -55.404121 -33.679905 -11.224037 1.000000
26265 -55.663097 -32.030815 -11.845332 1.000000
27495 -56.229206 -48.297836 26.268337 1.000000
27496 -57.643757 -48.544544 26.313416 1.000000
27497 -57.415874 -48.907745 25.141949 1.000000
27498 -58.427753 -49.347153 23.983391 1.000000
27499 -59.373833 -49.518837 22.884312 1.000000
27500 -60.167931 -49.649734 21.879929 1.000000
27501 -59.285145 -49.228901 21.701618 1.000000
27502 -59.185883 -48.785542 20.669773 1.000000
27503 -59.185219 -48.134808 19.877552 1.000000
27531 -47.777439 -43.173004 25.883129 1.000000
27532 -48.514778 -43.926010 26.171066 1.000000
27533 -48.189400 -44.157265 24.898546 1.000000
27534 -48.890362 -44.816132 23.678205 1.000000
27535 -49.823814 -45.183601 22.532209 1.000000
27536 -53.345264 -42.542389 16.855133 1.000000
27537 -52.970898 -43.412895 17.897982 1.000000
27538 -54.519630 -42.963928 16.900158 1.000000
27539 -55.593102 -43.427120 17.056555 1.000000
27540 -56.491077 -44.021194 17.302898 1.000000
27541 -57.307850 -44.711998 17.463415 1.000000
27542 -57.862804 -43.644981 16.582813 1.000000
27543 -59.320137 -43.183395 15.992152 1.000000
27544 -60.777851 -42.914406 15.616167 1.000000
27545 -61.927879 -42.850048 15.410067 1.000000
27546 -61.276085 -41.957119 15.046900 1.000000
27547 -61.763634 -40.980713 14.357974 1.000000
27548 -62.165874 -40.004631 13.689514 1.000000
27549 -60.599365 -36.357876 11.171019 1.000000
27550 -61.563232 -36.859772 11.678803 1.000000
27551 -61.863544 -35.937191 10.766755 1.000000
27552 -62.965443 -35.664646 10.420426 1.000000
27558 -48.514343 -34.637161 7.534167 1.000000
27561 -51.927422 -33.035889 7.278727 1.000000
27562 -53.782948 -32.306664 7.091465 1.000000
27563 -58.483776 -28.146740 5.352141 1.000000
27564 -58.148640 -28.984119 5.910319 1.000000
27565 -60.118263 -28.332539 6.114100 1.000000
27566 -61.765064 -28.463871 6.819620 1.000000
27618 -49.829758 -60.119526 4.235409 1.000000
27619 -50.760078 -59.743153 3.356124 1.000000
27620 -51.823803 -59.583729 2.599538 1.000000
27621 -53.091320 -59.582386 1.694979 1.000000
27622 -53.486248 -59.543346 2.696612 1.000000
27623 -54.917351 -59.699505 2.998091 1.000000
27624 -56.424965 -59.902447 3.315604 1.000000
27630 -37.838291 -58.334003 18.708990 1.000000
27632 -38.378876 -59.147511 17.703457 1.000000
27639 -42.787304 -51.036034 16.840122 1.000000
27640 -41.806820 -51.678490 16.965858 1.000000
27641 -41.991264 -51.333538 15.675636 1.000000
27642 -41.436726 -51.772533 14.312500 1.000000
27643 -41.257542 -52.503426 12.942843 1.000000
27644 -45.843510 -54.756580 8.153393 1.000000
27645 -44.771175 -54.852661 8.957144 1.000000
27646 -46.119083 -55.954601 9.007986 1.000000
27647 -46.293999 -57.040215 10.177219 1.000000
27648 -46.316738 -57.913368 11.174852 1.000000
27649 -46.363228 -58.737793 11.805971 1.000000
27650 -47.692081 -58.841949 11.464003 1.000000
27651 -49.059761 -59.991371 11.620384 1.000000
27652 -50.180695 -61.163994 11.387466 1.000000
27653 -50.968548 -62.400036 11.064714 1.000000
27654 -51.480213 -61.047558 11.030374 1.000000
27655 -52.697365 -60.868793 10.414104 1.000000
27656 -53.627960 -60.730568 9.557863 1.000000
27657 -54.365978 -55.780743 5.033555 1.000000
27658 -54.670216 -57.067558 5.912023 1.000000
27659 -55.444702 -56.529533 5.057861 1.000000
27660 -56.632061 -57.380138 5.172090 1.000000
27661 -57.729084 -58.130608 5.335869 1.000000
27662 -58.704327 -58.749268 5.362921 1.000000
27663 -58.523945 -57.101143 4.311316 1.000000
27664 -59.551247 -55.926567 3.244256 1.000000
27665 -60.603680 -54.633289 2.203322 1.000000
27666 -61.496819 -53.553612 1.484674 1.000000
27667 -60.711693 -53.149406 1.770459 1.000000
27668 -60.557983 -51.698700 1.338138 1.000000
27669 -60.282574 -50.303753 0.779064 1.000000
27670 -55.720264 -47.459553 0.368604 1.000000
27671 -57.041576 -47.724754 0.299594 1.000000
27672 -56.247978 -46.845989 -0.287378 1.000000
27673 -56.744946 -46.294464 -1.079795 1.000000
27674 -57.174347 -45.611202 -1.826270 1.000000
27675 -57.431702 -44.649376 -2.562194 1.000000
27676 -56.033611 -44.633812 -2.355766 1.000000
27677 -54.916271 -43.610359 -2.708808 1.000000
27678 -53.625549 -42.679325 -2.975703 1.000000
27679 -49.820122 -42.693474 4.495780 1.000000
27680 -49.231468 -43.330231 3.554813 1.000000
27681 -49.569008 -42.244347 3.772724 1.000000
27682 -49.372200 -41.853935 3.111359 1.000000
27683 -49.228989 -41.498070 2.506218 1.000000
27684 -50.681923 -37.693459 1.576275 1.000000
27685 -49.952934 -38.562775 1.650757 1.000000
27686 -49.533142 -38.152435 0.971079 1.000000
27687 -48.856327 -38.805828 0.071003 1.000000
27688 -48.755981 -39.513172 -0.991403 1.000000
27689 -49.091911 -40.193237 -2.041199 1.000000
27690 -48.572166 -39.085308 -1.743535 1.000000
27691 -48.265430 -38.613068 -2.599602 1.000000
27692 -47.966156 -38.155720 -3.458362 1.000000
27693 -47.753277 -37.683586 -4.301316 1.000000
27694 -47.434044 -37.062340 -3.121112 1.000000
27695 -47.162502 -35.908283 -2.830210 1.000000
27696 -47.371601 -34.665855 -2.606297 1.000000
27697 -54.688091 -31.706821 -1.095446 1.000000
27698 -52.644676 -31.954325 -1.548170 1.000000
27699 -53.931080 -30.983093 -1.595827 1.000000
27700 -53.180847 -30.143744 -1.983236 1.000000
27701 -52.437157 -29.418331 -2.414139 1.000000
27702 -51.760853 -28.643671 -2.937303 1.000000
27703 -53.879234 -28.518780 -2.374272 1.000000
27704 -55.404541 -27.546787 -2.360549 1.000000
27705 -56.801544 -26.628372 -2.365854 1.000000
28477 -58.596478 -48.519459 -5.557174 1.000000
28478 -57.252007 -49.903709 -5.328212 1.000000
28479 -57.078114 -48.681278 -6.244555 1.000000
28480 -55.873016 -49.044685 -7.143755 1.000000
28481 -55.018208 -49.666645 -8.228529 1.000000
28979 -46.732624 -29.526867 -6.716025 1.000000
28980 -46.813000 -29.342117 -7.852554 1.000000
28981 -46.885475 -28.174158 -7.493604 1.000000
28982 -47.069981 -26.930836 -8.173225 1.000000
28983 -47.259254 -25.826025 -8.908180 1.000000
28984 -47.959587 -24.880737 -7.259111 1.000000
28985 -47.621033 -24.707804 -8.502966 1.000000
29335 -54.820122 -52.963898 17.758488 1.000000
29336 -53.740192 -52.103039 17.302500 1.000000
29337 -54.968189 -52.073112 16.565825 1.000000
29338 -55.133629 -51.250954 15.519145 1.000000
29339 -55.126625 -50.372929 14.668513 1.000000
29340 -57.689556 -50.686954 14.626094 1.000000
29341 -56.502460 -50.071388 14.259178 1.000000
29342 -55.295490 -49.331947 13.901248 1.000000
29343 -55.588196 -48.086960 13.224109 1.000000
29344 -55.649860 -46.848412 12.447294 1.000000
29345 -55.554321 -45.670383 11.544209 1.000000
29346 -55.473564 -44.890846 10.567573 1.000000
29347 -56.850891 -45.107140 11.274778 1.000000
29348 -58.053631 -44.535931 10.927582 1.000000
29349 -59.184898 -44.046196 10.674560 1.000000
29350 -60.359322 -45.529652 11.996411 1.000000
29351 -60.371449 -44.491692 11.354106 1.000000
29352 -60.387249 -43.522129 10.458559 1.000000
29353 -61.462334 -42.885529 10.198944 1.000000
29354 -62.564705 -42.298492 10.076309 1.000000
29355 -63.437569 -41.509514 10.168646 1.000000
29969 -49.489944 -53.620232 28.038504 1.000000
29970 -50.623077 -51.735313 28.506958 1.000000
29971 -50.113319 -52.625904 27.764816 1.000000
29972 -50.118298 -53.764259 27.313725 1.000000
29973 -50.688183 -53.783215 26.649647 1.000000
29974 -51.246815 -53.732643 25.989985 1.000000
29975 -51.787945 -53.699547 25.238804 1.000000
29976 -52.235008 -53.740715 24.446754 1.000000
29977 -52.536095 -53.129585 24.752380 1.000000
29978 -53.491394 -52.685974 24.414398 1.000000
29979 -54.552010 -52.320637 23.994053 1.000000
29980 -54.483509 -51.412254 25.796219 1.000000
29981 -55.052216 -51.579796 24.767813 1.000000
29982 -55.594891 -51.915173 23.710728 1.000000
29983 -56.628651 -51.644646 23.632254 1.000000
29984 -57.593910 -51.499897 23.693405 1.000000
29985 -58.666534 -51.586292 23.664221 1.000000
30176 -62.355293 -43.936676 -3.029982 1.000000
30177 -63.084949 -43.715279 -3.525565 1.000000
30178 -62.046406 -42.977848 -4.010409 1.000000
30179 -61.625427 -42.134010 -5.145452 1.000000
30180 -61.536915 -41.370113 -6.447248 1.000000
30181 -59.309471 -41.250729 -6.755486 1.000000
30182 -60.431965 -40.952488 -7.240836 1.000000
30183 -61.398388 -40.614388 -7.671549 1.000000
30184 -61.281044 -39.925610 -8.736712 1.000000
30187 -55.527985 -27.274746 -12.660704 1.000000
30189 -57.216827 -26.809530 -12.794983 1.000000
30190 -59.032043 -26.315191 -12.864225 1.000000
31141 -56.889935 -45.976643 30.687052 1.000000
31142 -57.369629 -46.859001 29.895824 1.000000
31143 -56.260082 -46.422188 29.938824 1.000000
31144 -55.806458 -46.807537 29.187601 1.000000
31145 -55.482780 -47.134438 28.287725 1.000000
31146 -53.836163 -45.748089 29.455471 1.000000
31147 -54.376305 -46.727825 28.460815 1.000000
31148 -55.205986 -47.475502 27.317804 1.000000
31149 -54.912605 -47.787575 26.204737 1.000000
31150 -54.744194 -48.026138 25.138056 1.000000
31151 -54.484863 -48.011513 23.962553 1.000000
31173 -46.783108 -42.939919 20.962986 1.000000
31174 -47.860783 -43.615551 20.966654 1.000000
31175 -47.903660 -43.094528 19.837019 1.000000
31176 -49.193863 -42.982014 18.777639 1.000000
31177 -50.601555 -42.641178 17.857485 1.000000
31179 -50.890766 -41.808899 16.830845 1.000000
31180 -52.145771 -42.172855 16.876282 1.000000
31181 -53.826172 -41.562660 16.010313 1.000000
31182 -55.567345 -40.961567 15.187945 1.000000
31183 -57.274506 -40.313225 14.541837 1.000000
31184 -58.846458 -39.882027 14.246574 1.000000
31185 -57.649529 -39.450268 14.042211 1.000000
31186 -58.106926 -38.565582 13.242224 1.000000
31187 -58.677746 -37.698288 12.331311 1.000000
31188 -55.605488 -38.197289 12.166166 1.000000
31189 -57.354759 -37.514000 11.786283 1.000000
31190 -59.108990 -36.870903 11.436238 1.000000
31191 -59.528328 -35.955112 10.513663 1.000000
31192 -59.826424 -34.951569 9.784499 1.000000
31193 -60.115105 -34.027100 9.246122 1.000000
31194 -49.545727 -30.903728 4.035922 1.000000
31196 -51.277637 -30.051250 4.051221 1.000000
31197 -52.993347 -29.242702 4.178259 1.000000
31198 -54.917793 -28.501093 4.343844 1.000000
31199 -53.940777 -27.250269 2.866058 1.000000
31200 -55.342640 -27.567343 3.752927 1.000000
31201 -56.911522 -27.871647 4.575150 1.000000
31202 -58.814014 -27.306738 4.745634 1.000000
31203 -60.770813 -26.692459 4.978906 1.000000
31243 -49.466740 -61.449291 5.823916 1.000000
31244 -50.926613 -61.530926 6.121758 1.000000
31245 -52.329304 -61.712471 6.349881 1.000000
31246 -38.376312 -58.490772 25.598114 1.000000
31248 -38.005486 -58.178936 24.175938 1.000000
31249 -37.630215 -57.930805 22.676096 1.000000
31250 -37.542400 -57.643208 21.174099 1.000000
31251 -38.588177 -55.846794 21.811878 1.000000
31252 -37.812931 -56.511383 20.772551 1.000000
31253 -37.592236 -57.397743 19.668457 1.000000
31254 -37.773464 -57.111565 18.249813 1.000000
31255 -38.159935 -56.967400 16.770077 1.000000
31256 -38.765816 -56.864372 15.366549 1.000000
31257 -44.144386 -49.349293 11.730771 1.000000
31258 -43.284729 -50.368942 11.719685 1.000000
31259 -43.928726 -50.211628 10.590693 1.000000
31260 -44.156254 -51.264915 9.474136 1.000000
31261 -44.743649 -52.400036 8.524662 1.000000
31262 -45.656345 -51.124767 7.516192 1.000000
31263 -45.620617 -52.403584 7.662629 1.000000
31264 -45.633827 -53.596138 7.787432 1.000000
31265 -46.820656 -54.708904 7.431436 1.000000
31266 -48.219540 -55.724926 7.406141 1.000000
31267 -49.615540 -56.653053 7.622427 1.000000
31268 -50.917480 -57.602699 7.928903 1.000000
31269 -50.549648 -56.468849 7.021379 1.000000
31270 -51.373798 -56.072430 6.397830 1.000000
31271 -52.242889 -55.560974 5.829719 1.000000
31272 -50.805145 -53.493214 4.865252 1.000000
31273 -51.994019 -54.213531 4.929009 1.000000
31274 -53.310677 -55.034748 5.058871 1.000000
31275 -54.312706 -54.545013 3.894825 1.000000
31276 -55.306660 -53.637989 2.966283 1.000000
31277 -56.130707 -52.609070 2.441295 1.000000
31278 -57.115913 -51.812889 1.836072 1.000000
31279 -55.991402 -51.251026 1.999320 1.000000
31280 -55.747993 -50.067638 1.653111 1.000000
31281 -55.481903 -49.004395 1.377595 1.000000
31282 -53.502663 -49.135170 2.108130 1.000000
31283 -54.267517 -48.487526 1.558396 1.000000
31284 -55.030109 -48.006508 0.962907 1.000000
31285 -54.428448 -47.054890 0.536056 1.000000
31286 -53.611168 -46.133118 -0.049855 1.000000
31287 -52.747719 -45.340027 -0.589781 1.000000
31288 -53.401478 -39.626125 4.604966 1.000000
31289 -51.933601 -39.641453 4.090112 1.000000
31290 -53.132355 -38.902210 3.983243 1.000000
31291 -52.823853 -38.307701 3.309804 1.000000
31292 -52.463257 -37.777534 2.668772 1.000000
31293 -55.353882 -36.633217 3.034000 1.000000
31294 -53.674797 -36.931778 2.483030 1.000000
31295 -52.089752 -37.320660 2.033295 1.000000
31296 -51.658386 -36.787987 1.367840 1.000000
31297 -51.151840 -36.211605 0.849981 1.000000
31298 -50.667393 -35.654327 0.238575 1.000000
31299 -50.119041 -35.100765 -0.367883 1.000000
31300 -51.791115 -34.741730 0.116762 1.000000
31301 -52.955128 -33.796474 0.011449 1.000000
31302 -54.186420 -32.896870 -0.236530 1.000000
31303 -56.731251 -33.156410 0.888675 1.000000
31304 -56.255749 -32.551147 0.211378 1.000000
31305 -55.515026 -32.110497 -0.403306 1.000000
31306 -56.833855 -31.279968 -0.611047 1.000000
31307 -58.291420 -30.453669 -0.652858 1.000000
31308 -59.743309 -29.485157 -0.598251 1.000000
32645 -52.499702 -38.467873 -7.398509 1.000000
32646 -53.542915 -38.224037 -7.992127 1.000000
32647 -52.514801 -37.371574 -8.269365 1.000000
32648 -52.553040 -36.032127 -9.181520 1.000000
32649 -52.635120 -34.549080 -10.020091 1.000000
32650 -50.153950 -33.905212 -9.574812 1.000000
32651 -51.486336 -33.493736 -10.194136 1.000000
32652 -52.902657 -33.000893 -10.748133 1.000000
32653 -53.092033 -31.444696 -11.392176 1.000000
32654 -53.347389 -30.006384 -11.947455 1.000000
32655 -53.562183 -28.802105 -12.145491 1.000000
32656 -47.215775 -29.298391 -8.935817 1.000000
32657 -47.871910 -29.149679 -9.862226 1.000000
32658 -48.745483 -28.984076 -10.645665 1.000000
32659 -48.513771 -26.827219 -11.197117 1.000000
32660 -49.124714 -27.820898 -11.155324 1.000000
32661 -49.891266 -28.781147 -11.306207 1.000000
32662 -51.139805 -28.494150 -11.811477 1.000000
32663 -52.508984 -28.055233 -12.195833 1.000000
32664 -54.031342 -27.677837 -12.478656 1.000000
32665 -54.519276 -26.496548 -13.127115 1.000000
33557 -48.356277 -38.269360 10.877426 1.000000
33565 -47.353142 -33.683952 5.886574 1.000000
33566 -47.648388 -32.733280 4.996455 1.000000
33572 -43.496426 -34.380695 5.442484 1.000000
33575 -47.967533 -31.781544 4.139532 1.000000
33576 -48.232685 -30.796787 3.303683 1.000000
33577 -48.724121 -29.742783 2.512110 1.000000
33578 -49.152218 -28.610535 1.841151 1.000000
33579 -46.270729 -29.151737 1.682627 1.000000
33580 -47.971680 -28.272278 1.378391 1.000000
33581 -49.680748 -27.410770 1.246209 1.000000
33582 -50.276440 -26.168686 0.788469 1.000000
33613 -45.057842 -53.544636 21.879490 1.000000
33614 -43.623047 -53.218945 21.202538 1.000000
33615 -44.615074 -52.694359 21.120659 1.000000
33616 -44.258984 -52.056599 20.125307 1.000000
33617 -44.102558 -51.444305 19.075443 1.000000
33618 -46.724609 -51.260487 19.403341 1.000000
33619 -45.304176 -50.995808 18.734562 1.000000
33620 -43.979645 -50.913231 17.858418 1.000000
33621 -43.926922 -50.505466 16.631533 1.000000
33622 -44.083904 -49.944744 15.342985 1.000000
33623 -44.408348 -49.432060 14.076558 1.000000
33624 -52.444527 -51.266186 16.717579 1.000000
33625 -51.006123 -50.605774 16.316174 1.000000
33626 -49.607613 -50.045135 15.844343 1.000000
33627 -51.232166 -49.061756 14.346667 1.000000
33628 -49.777840 -49.266899 14.887602 1.000000
33629 -48.287624 -49.522644 15.302801 1.000000
33630 -46.969227 -49.057114 14.656781 1.000000
33631 -45.713478 -48.903938 13.829048 1.000000
33632 -44.784920 -48.909241 12.839293 1.000000
33633 -45.202827 -48.393467 11.583914 1.000000
33634 -45.564491 -47.987770 10.424641 1.000000
33635 -45.965939 -47.750526 9.177743 1.000000
33636 -47.984978 -46.712093 10.148039 1.000000
33637 -47.048656 -46.982410 9.071582 1.000000
33638 -46.456028 -47.629818 7.977153 1.000000
33639 -46.957256 -47.610760 6.931016 1.000000
33640 -47.456490 -47.524361 5.892900 1.000000
33641 -48.015205 -47.322166 4.976477 1.000000
33642 -48.640366 -47.129005 4.313614 1.000000
33643 -48.238571 -46.224609 5.173198 1.000000
33644 -48.648376 -45.181446 5.278564 1.000000
33645 -49.194511 -44.184624 5.322217 1.000000
33646 -50.121380 -44.283466 7.043218 1.000000
33647 -50.054451 -43.869045 6.226745 1.000000
33648 -49.922371 -43.312393 5.350592 1.000000
33649 -50.795696 -42.470451 5.259536 1.000000
33650 -51.748463 -41.724495 5.244986 1.000000
33651 -52.712440 -41.059929 5.204494 1.000000
33652 -55.378082 -44.267212 9.668390 1.000000
33653 -55.129402 -43.768219 8.796491 1.000000
33654 -54.994640 -43.319645 7.857326 1.000000
33655 -57.493500 -42.673195 8.159247 1.000000
33656 -56.165916 -42.841301 7.605901 1.000000
33657 -54.844349 -42.783634 6.958882 1.000000
33658 -54.575920 -42.072548 6.250454 1.000000
33659 -54.216534 -41.205849 5.623691 1.000000
33660 -53.769066 -40.363396 5.136418 1.000000
33661 -55.041939 -39.733360 5.071305 1.000000
33662 -56.420979 -38.943295 5.093807 1.000000
33663 -57.873810 -38.221165 5.136944 1.000000
33664 -59.664925 -39.371189 6.010679 1.000000
33665 -59.485706 -38.514019 5.596927 1.000000
33666 -59.205555 -37.504913 5.057276 1.000000
33667 -60.492016 -36.660400 5.048125 1.000000
33668 -61.699165 -35.790344 5.190459 1.000000
33669 -62.797699 -35.002174 5.292593 1.000000
35284 -39.348511 -58.116791 26.120556 1.000000
35285 -40.065502 -57.365685 25.447620 1.000000
35286 -40.905712 -56.537804 24.923420 1.000000
35287 -42.648006 -57.243256 26.158939 1.000000
35288 -42.186382 -56.502735 25.313095 1.000000
35289 -41.796734 -55.841991 24.473593 1.000000
35290 -42.611080 -55.357765 23.848988 1.000000
35291 -43.436424 -55.063305 23.230831 1.000000
35292 -44.416176 -54.711681 22.548512 1.000000
35302 -49.297047 -55.365204 30.093924 1.000000
35303 -50.262474 -56.522614 29.702972 1.000000
35304 -51.492462 -57.642200 29.324322 1.000000
35305 -51.259712 -56.460991 28.080175 1.000000
35306 -51.712303 -57.576927 28.347235 1.000000
35307 -51.916950 -58.539307 28.679163 1.000000
35308 -51.476318 -59.177948 28.036865 1.000000
35312 -47.259583 -57.548889 26.184454 1.000000
35313 -46.549721 -56.775780 25.353775 1.000000
35314 -48.783218 -56.678734 25.028749 1.000000
35315 -47.433521 -56.312328 24.690876 1.000000
35316 -46.129356 -56.077831 24.463985 1.000000
35317 -45.924202 -55.515667 23.600431 1.000000
35318 -45.715519 -54.933540 23.030344 1.000000
35319 -45.406006 -54.268536 22.528217 1.000000
35320 -46.436672 -53.726490 22.357441 1.000000
35321 -47.416626 -53.154297 22.037781 1.000000
35322 -48.383579 -52.774384 21.710897 1.000000
35323 -49.632378 -54.051830 22.383614 1.000000
35324 -49.579784 -53.421211 21.817934 1.000000
35325 -49.603401 -52.798359 21.171947 1.000000
35326 -51.015606 -52.987762 20.549891 1.000000
35327 -52.397224 -53.290245 19.856598 1.000000
35328 -53.603249 -53.589516 19.218250 1.000000
35329 -52.737206 -53.814716 23.674953 1.000000
35330 -53.259899 -53.946301 22.790792 1.000000
35331 -53.917397 -54.369923 22.035517 1.000000
35332 -55.221180 -53.494823 21.832829 1.000000
35333 -54.914558 -54.169441 21.535847 1.000000
35334 -54.351997 -54.563972 21.279720 1.000000
35335 -54.631371 -54.576466 20.341660 1.000000
35336 -54.755211 -54.301281 19.445694 1.000000
35337 -54.797131 -53.672192 18.569256 1.000000
35338 -55.941742 -53.594372 17.957932 1.000000
35339 -57.050251 -53.197136 17.338837 1.000000
35340 -58.120628 -52.683613 16.813931 1.000000
35341 -58.327789 -52.830467 18.131649 1.000000
35342 -58.658073 -52.440186 17.308989 1.000000
35343 -59.028908 -51.935951 16.472656 1.000000
35344 -59.862652 -51.073303 16.368708 1.000000
35345 -60.764824 -50.038795 16.404737 1.000000
35346 -61.544472 -49.030838 16.452747 1.000000
35850 -59.922661 -48.703346 -4.930780 1.000000
35851 -59.535347 -47.300610 -5.855994 1.000000
35852 -59.585613 -46.358006 -7.047994 1.000000
35872 -54.705383 -37.959187 -8.606803 1.000000
35873 -55.824108 -37.688957 -9.350507 1.000000
35874 -56.874187 -37.458031 -9.988347 1.000000
35875 -56.303467 -34.929298 -11.037636 1.000000
35876 -57.173134 -36.089584 -10.866285 1.000000
35877 -58.031670 -37.372150 -10.506618 1.000000
35878 -59.245686 -37.235222 -10.887384 1.000000
38341 -57.282349 -51.073872 30.299793 1.000000
38342 -57.712379 -51.288353 29.402353 1.000000
38343 -58.100910 -51.518135 28.272070 1.000000
38345 -59.057243 -51.100079 28.440964 1.000000
38346 -58.554821 -51.565575 27.223648 1.000000
38347 -58.874229 -51.532288 26.134052 1.000000
38348 -59.174477 -51.515614 24.984404 1.000000
38349 -59.530151 -51.605988 23.826920 1.000000
38350 -58.150074 -47.596603 29.098410 1.000000
38351 -59.058105 -48.272224 28.300287 1.000000
38353 -58.860779 -48.896114 26.325069 1.000000
38354 -59.717400 -49.316315 26.367437 1.000000
38355 -60.114319 -49.955658 26.441732 1.000000
38356 -60.225811 -50.690006 25.208759 1.000000
38357 -60.175941 -51.208153 23.977741 1.000000
38358 -59.884960 -51.591503 22.714239 1.000000
38359 -60.188713 -51.463173 21.591694 1.000000
38360 -60.536854 -51.193581 20.575624 1.000000
38361 -60.817547 -50.782738 19.708469 1.000000
38362 -60.724968 -49.936760 20.931282 1.000000
38363 -61.024666 -50.084126 19.900404 1.000000
38364 -61.044548 -50.332008 18.789135 1.000000
38365 -61.260109 -49.624805 18.167664 1.000000
38366 -61.567707 -49.009453 17.450876 1.000000
38367 -62.000561 -48.173729 16.695536 1.000000
38422 -50.587666 -42.700020 29.129459 1.000000
38423 -50.576595 -44.042263 28.598713 1.000000
38424 -50.863152 -45.281170 27.706329 1.000000
38425 -49.422157 -44.768356 26.289240 1.000000
38426 -50.349827 -45.611763 26.442225 1.000000
38427 -51.411072 -46.356926 26.651020 1.000000
38428 -52.285500 -46.997761 25.340797 1.000000
38429 -53.253162 -47.418732 23.971481 1.000000
38430 -54.367462 -47.669258 22.613348 1.000000
38431 -48.841377 -44.231686 21.025093 1.000000
38432 -49.912647 -44.751255 21.230358 1.000000
38433 -50.988068 -45.243286 21.358337 1.000000
38434 -52.626118 -44.259174 19.021784 1.000000
38435 -52.365955 -45.068794 20.266178 1.000000
38436 -52.126495 -45.830120 21.442390 1.000000
38437 -53.194244 -46.525192 21.414495 1.000000
38438 -54.379189 -47.097294 21.318516 1.000000
38439 -55.571430 -47.719788 21.308638 1.000000
38440 -56.844490 -47.583275 20.249546 1.000000
38441 -58.031960 -47.477093 19.440380 1.000000
38442 -59.159412 -47.417969 18.851528 1.000000
38443 -58.304737 -45.558640 17.441166 1.000000
38444 -59.307274 -46.445023 17.743137 1.000000
38445 -60.174416 -47.353168 18.205202 1.000000
38446 -61.163582 -47.261135 17.581209 1.000000
38447 -61.994774 -47.119568 16.841345 1.000000
38448 -62.464363 -47.062031 15.892130 1.000000
38449 -62.714760 -46.228580 15.267241 1.000000
38450 -62.958191 -45.278580 14.598213 1.000000
38451 -63.170948 -44.399342 13.843196 1.000000
38452 -62.800549 -42.983665 14.886821 1.000000
38453 -63.292255 -43.179890 14.010870 1.000000
38454 -63.367298 -43.380302 12.932257 1.000000
38455 -63.568970 -42.448467 12.009952 1.000000
38456 -63.840172 -41.425892 11.115307 1.000000
38457 -64.047348 -40.451843 10.210238 1.000000
38458 -60.190125 -39.485611 13.865849 1.000000
38459 -61.520927 -39.235069 13.526700 1.000000
38465 -64.270889 -39.467007 10.419888 1.000000
38466 -64.185143 -39.624660 9.353882 1.000000
38467 -64.266090 -38.705132 8.629586 1.000000
38468 -64.389206 -37.913952 7.864186 1.000000
38469 -64.410446 -37.195827 7.250358 1.000000
38471 -64.891319 -36.045197 7.588913 1.000000
38472 -64.336876 -36.509621 6.806736 1.000000
38473 -64.157753 -35.679554 6.380315 1.000000
38474 -63.907021 -34.823784 5.815442 1.000000
38475 -63.691231 -33.977711 5.193017 1.000000
38476 -49.895477 -37.563995 10.351081 1.000000
38477 -51.419476 -36.796490 9.881605 1.000000
38478 -53.110313 -36.103069 9.563799 1.000000
38479 -51.704559 -34.988720 8.573203 1.000000
38480 -53.249695 -35.171612 8.848962 1.000000
38481 -54.908226 -35.313232 9.224730 1.000000
38482 -56.857697 -34.537987 8.973840 1.000000
38483 -58.725090 -33.801678 8.894059 1.000000
38484 -60.434338 -33.114571 8.859247 1.000000
38485 -52.336498 -31.185719 5.731027 1.000000
38487 -55.705700 -31.562866 6.865424 1.000000
38488 -57.898987 -29.904867 6.393412 1.000000
38489 -57.674103 -30.811859 6.962274 1.000000
38490 -57.358978 -31.746634 7.393617 1.000000
38491 -59.081764 -31.887150 7.894336 1.000000
38492 -60.645344 -32.213520 8.411726 1.000000
38493 -62.037403 -32.525490 8.846254 1.000000
38500 -65.081314 -32.641151 6.034453 1.000000
38501 -64.504379 -32.932236 5.198448 1.000000
38502 -63.550915 -33.058033 4.444093 1.000000
38503 -63.353863 -32.398163 3.714790 1.000000
38504 -63.163868 -31.787348 2.839838 1.000000
38505 -63.017647 -31.214291 1.967344 1.000000
38506 -65.046349 -29.862574 2.945821 1.000000
38507 -64.012459 -30.303455 1.851071 1.000000
38508 -62.743153 -30.521591 1.034745 1.000000
38509 -62.322571 -29.730230 0.329452 1.000000
38510 -61.658958 -29.022434 -0.175133 1.000000
38511 -61.110558 -28.336990 -0.572128 1.000000
38517 -65.130600 -26.406784 1.051754 1.000000
38518 -63.972950 -26.778309 0.129858 1.000000
38519 -62.394703 -27.097088 -0.563852 1.000000
38520 -60.475391 -27.512913 -0.984629 1.000000
38521 -59.728992 -26.723572 -1.492218 1.000000
38522 -58.846703 -26.069647 -2.060157 1.000000
38523 -57.967384 -25.376194 -2.650906 1.000000
38607 -54.343903 -59.782703 0.840216 1.000000
38640 -42.226799 -53.104534 20.402740 1.000000
38641 -40.855114 -53.164021 19.364559 1.000000
38642 -39.751141 -53.344807 18.373316 1.000000
38643 -40.819439 -52.370068 16.943714 1.000000
38644 -39.866737 -53.079895 17.037764 1.000000
38645 -39.054878 -53.910522 17.124786 1.000000
38646 -38.798096 -54.790245 16.001669 1.000000
38647 -39.029175 -55.807056 14.939275 1.000000
38648 -39.786201 -56.751259 14.057139 1.000000
38649 -42.558174 -51.401917 11.653021 1.000000
38650 -41.982365 -52.423096 11.534483 1.000000
38651 -41.611591 -53.528748 11.695180 1.000000
38652 -43.592987 -54.877991 9.868398 1.000000
38653 -42.442253 -54.774738 10.906458 1.000000
38654 -41.281380 -54.698982 12.028147 1.000000
38655 -41.002949 -55.705830 12.511411 1.000000
38656 -40.899513 -56.641552 13.021441 1.000000
38657 -40.862270 -57.542076 13.483408 1.000000
38658 -42.011799 -58.396271 13.073881 1.000000
38667 -47.390789 -63.982189 10.116057 1.000000
38668 -48.703842 -64.114403 9.630705 1.000000
38669 -49.926254 -64.114548 9.081663 1.000000
38670 -51.345146 -63.751190 10.630496 1.000000
38671 -51.268871 -64.367165 9.680583 1.000000
38672 -50.877262 -63.958721 8.578221 1.000000
38673 -51.931969 -63.572205 8.010350 1.000000
38674 -52.922997 -62.742699 7.367467 1.000000
38675 -53.970325 -61.951942 6.670773 1.000000
38676 -52.166187 -58.566650 8.286890 1.000000
38677 -53.331177 -59.506786 8.521585 1.000000
38678 -54.519264 -60.548920 8.645115 1.000000
38679 -55.018288 -58.544395 6.759421 1.000000
38680 -55.353138 -60.060616 7.671834 1.000000
38681 -55.484642 -61.305340 8.493088 1.000000
38682 -55.762768 -61.987511 7.782365 1.000000
38683 -55.537285 -61.859486 6.730069 1.000000
38684 -55.017570 -61.271992 5.726257 1.000000
38685 -56.109428 -60.881580 4.970671 1.000000
38688 -59.214806 -59.232704 4.960986 1.000000
38697 -62.151234 -52.456921 0.814124 1.000000
38701 -63.372375 -47.272728 -1.560971 1.000000
38702 -62.984730 -46.136250 -1.743967 1.000000
38703 -58.133270 -50.823341 1.259060 1.000000
38704 -59.130501 -49.905025 0.828596 1.000000
38705 -59.957855 -48.951393 0.408655 1.000000
38706 -58.257042 -47.934807 0.201364 1.000000
38707 -59.515217 -48.013744 0.013617 1.000000
38708 -60.752106 -48.116989 -0.092821 1.000000
38709 -61.443226 -47.339077 -0.762458 1.000000
38710 -61.991711 -46.412334 -1.465222 1.000000
38711 -62.253944 -45.097401 -2.233554 1.000000
38712 -61.253845 -44.253662 -2.845724 1.000000
38713 -59.981361 -43.447105 -3.525609 1.000000
38714 -58.632862 -42.757393 -4.188733 1.000000
38715 -57.458508 -43.635094 -3.210575 1.000000
38716 -57.434669 -42.769062 -3.968597 1.000000
38717 -57.313465 -42.201649 -4.958012 1.000000
38718 -56.072998 -41.608242 -5.552854 1.000000
38719 -54.827003 -40.921932 -6.037660 1.000000
38720 -53.560486 -40.050285 -6.447986 1.000000
38721 -49.309380 -46.808861 3.606649 1.000000
38722 -49.913479 -46.460037 2.832615 1.000000
38723 -50.520084 -46.104546 2.001575 1.000000
38724 -49.322937 -44.108582 2.586872 1.000000
38725 -49.959145 -44.964478 1.749936 1.000000
38726 -50.934052 -45.628292 1.226842 1.000000
38727 -51.242073 -45.227402 0.491597 1.000000
38728 -51.506386 -44.800392 -0.222229 1.000000
38729 -51.838066 -44.380985 -0.853531 1.000000
38730 -50.657452 -39.906464 3.513866 1.000000
38731 -49.634033 -40.410961 2.783936 1.000000
38732 -49.158688 -41.137138 1.879580 1.000000
38733 -49.375908 -39.645756 1.514542 1.000000
38734 -49.072796 -40.847630 1.231199 1.000000
38735 -49.219582 -42.042080 0.890033 1.000000
38736 -49.789238 -42.826458 -0.080560 1.000000
38737 -50.822304 -43.428619 -0.855614 1.000000
38738 -52.085224 -43.827942 -1.485551 1.000000
38739 -52.224140 -43.203720 -2.025906 1.000000
38740 -52.296314 -42.504314 -2.609261 1.000000
38741 -52.238636 -41.784584 -3.285606 1.000000
38742 -49.837326 -40.625313 -2.879352 1.000000
38743 -50.916073 -40.940147 -3.555544 1.000000
38744 -52.153687 -41.162365 -4.169467 1.000000
38745 -52.112568 -40.627823 -5.079344 1.000000
38746 -52.118111 -40.024261 -5.929136 1.000000
38747 -52.238171 -39.264919 -6.714215 1.000000
38748 -51.026913 -38.424095 -6.832949 1.000000
38749 -49.831703 -37.430832 -7.019891 1.000000
38750 -48.690792 -36.355438 -7.037501 1.000000
38751 -47.615921 -36.948425 -5.191667 1.000000
38752 -47.645863 -36.105286 -6.035557 1.000000
38753 -47.784290 -35.207680 -6.982994 1.000000
38754 -47.114826 -34.053707 -6.793215 1.000000
38755 -46.694054 -32.924156 -6.501966 1.000000
38756 -46.610100 -31.684174 -6.127200 1.000000
38757 -49.434361 -34.696655 -1.012908 1.000000
38758 -48.655064 -34.201805 -1.722584 1.000000
38759 -47.984055 -33.509789 -2.392457 1.000000
38760 -50.563416 -32.192829 -1.832695 1.000000
38761 -48.822548 -32.431931 -2.354811 1.000000
38762 -47.399513 -32.836647 -3.145237 1.000000
38763 -46.979618 -32.123856 -3.977541 1.000000
38764 -46.851357 -31.230724 -4.867763 1.000000
38765 -46.735130 -30.386621 -5.787445 1.000000
38766 -47.119053 -29.253544 -5.450277 1.000000
38767 -47.908382 -28.136099 -5.145041 1.000000
38768 -48.868000 -27.081131 -4.879817 1.000000
38769 -51.089119 -27.837753 -3.482244 1.000000
38770 -50.487206 -27.010309 -4.069718 1.000000
38771 -50.000946 -26.082087 -4.627823 1.000000
38772 -51.297718 -25.180939 -4.420929 1.000000
40315 -58.424416 -54.181664 -3.187716 1.000000
40316 -57.150696 -54.205975 -3.886987 1.000000
40317 -55.751221 -54.386280 -4.487553 1.000000
40318 -55.996265 -51.447460 -5.139156 1.000000
40319 -55.006268 -52.998901 -4.992277 1.000000
