#!ascii label, projected from MNI152 2 mm to fsaverage6
798
38 46.311893 7.279993 -27.507984 1.000000
79 49.863644 -4.308983 -12.546504 1.000000
160 56.464245 -3.378780 -9.154425 1.000000
325 45.801594 16.660755 -23.561129 1.000000
358 56.399391 -17.408220 -16.760590 1.000000
430 47.220654 -0.962016 -18.804832 1.000000
431 52.604225 12.070781 -16.395350 1.000000
448 53.495583 -19.444515 -3.397181 1.000000
634 49.893387 -12.891411 -5.874347 1.000000
636 51.771862 1.755045 -19.427937 1.000000
637 48.726677 -14.335466 -11.893274 1.000000
638 49.741871 -8.548622 -21.987711 1.000000
805 47.253288 14.329641 -25.250982 1.000000
806 43.010139 16.732656 -29.916431 1.000000
955 44.042950 -11.008382 -14.233309 1.000000
957 48.546288 -2.622563 -15.666677 1.000000
958 49.897797 7.945521 -17.220762 1.000000
959 51.620728 6.341896 -13.410826 1.000000
1425 56.190174 5.001208 -12.359934 1.000000
1426 53.838539 -0.711094 -14.074179 1.000000
1427 46.773632 -21.582077 -6.702802 1.000000
1428 50.581879 -16.863312 -7.105771 1.000000
1429 46.475155 -19.353632 -11.671674 1.000000
1430 61.631786 -11.622780 -18.303814 1.000000
1431 52.852173 -13.239332 -20.562218 1.000000
1432 57.932545 -7.496358 -22.580843 1.000000
1433 54.224403 -3.964942 -25.255018 1.000000
1511 45.371605 -12.918936 -11.587105 1.000000
1792 59.601044 -6.454125 -6.764949 1.000000
1794 51.229240 -21.759974 -14.518530 1.000000
1795 59.487621 -21.452969 -14.083476 1.000000
1964 45.620834 0.449842 -21.696848 1.000000
1965 47.585438 9.254289 -20.964581 1.000000
1966 49.543892 14.942183 -20.084564 1.000000
1967 50.476219 10.824703 -21.761774 1.000000
2002 61.684254 -17.432951 -1.188753 1.000000
2003 57.382824 -21.705036 -1.889938 1.000000
2538 50.029114 -8.734045 -9.275249 1.000000
2541 52.831348 2.509849 -9.404987 1.000000
2542 54.736591 8.802679 -11.762118 1.000000
2543 53.770008 7.679245 -17.288157 1.000000
2544 49.934277 5.114192 -23.457785 1.000000
2545 58.160240 -14.264470 -3.453573 1.000000
2546 55.209167 -11.487463 -7.053432 1.000000
2547 53.009621 -9.313036 -12.110994 1.000000
2548 48.809486 -17.035580 -16.827961 1.000000
2549 47.766964 -11.689023 -17.176121 1.000000
2550 49.869057 -6.269279 -16.464022 1.000000
2551 48.533859 -3.579978 -21.481085 1.000000
2552 50.502079 0.299650 -26.173859 1.000000
2725 46.495857 10.711123 -26.293884 1.000000
2726 44.395046 11.912118 -28.546154 1.000000
2727 44.741768 8.579654 -29.981359 1.000000
2729 47.353325 7.114650 -30.838556 1.000000
2875 47.137775 -8.492714 -13.510712 1.000000
2876 46.619843 -7.506984 -14.999578 1.000000
2877 49.168571 -3.509102 -14.097212 1.000000
2878 50.442467 1.959891 -14.760626 1.000000
2879 51.100002 1.099331 -12.897304 1.000000
3344 57.902283 -0.529016 -8.961596 1.000000
3345 56.506920 0.870684 -11.053446 1.000000
3346 55.010490 -1.977511 -11.557241 1.000000
3348 46.266537 -20.416037 -9.040617 1.000000
3349 46.350487 -22.044918 -11.513672 1.000000
3351 59.746521 -9.356333 -20.768188 1.000000
3855 44.996544 13.723969 -23.783102 1.000000
3857 43.660988 17.069574 -25.994989 1.000000
3858 41.124718 14.759501 -33.556396 1.000000
3859 40.888454 17.562017 -32.370689 1.000000
3946 60.950233 -7.565157 -4.876136 1.000000
4312 46.475742 -0.289370 -20.293097 1.000000
4313 47.048080 4.633264 -21.537418 1.000000
4314 48.007038 4.191269 -19.964132 1.000000
4315 51.145706 11.834035 -16.496380 1.000000
4316 49.816833 13.057895 -18.303463 1.000000
4317 51.316460 13.704656 -18.282650 1.000000
4318 50.577774 13.786240 -20.730078 1.000000
4319 52.118084 12.077985 -18.905743 1.000000
4389 63.127892 -21.166971 -0.516616 1.000000
4390 61.381641 -20.529987 -1.351154 1.000000
4391 59.223122 -22.634903 -1.516636 1.000000
5700 47.503307 -13.097633 -8.714890 1.000000
5701 50.019577 -10.828722 -7.556409 1.000000
5710 53.973042 7.230717 -10.136924 1.000000
5712 54.063709 3.164242 -15.761156 1.000000
5713 54.791725 6.244102 -14.710350 1.000000
5714 52.998779 4.455976 -18.397945 1.000000
5715 52.102150 6.113051 -20.663689 1.000000
5716 50.956203 3.350211 -21.709606 1.000000
5717 57.431000 -18.446529 -2.044192 1.000000
5718 59.890480 -15.934357 -2.224499 1.000000
5719 55.742104 -16.963383 -3.370856 1.000000
5720 49.446693 -15.651587 -9.564604 1.000000
5721 53.080750 -14.113444 -7.149443 1.000000
5722 51.747139 -13.063673 -9.583246 1.000000
5723 54.171303 -10.509640 -9.667387 1.000000
5724 50.650311 -11.950664 -12.096807 1.000000
5725 53.677551 -19.782825 -15.720789 1.000000
5726 49.901558 -19.460115 -15.801616 1.000000
5727 52.227856 -17.676886 -17.504217 1.000000
5728 51.042736 -10.989198 -21.468821 1.000000
5729 49.167877 -12.859967 -19.554575 1.000000
5730 48.374615 -10.240758 -19.737366 1.000000
5731 48.465694 -8.819687 -16.896626 1.000000
5732 48.229252 -7.437655 -19.604528 1.000000
5733 48.992950 -5.005797 -18.924557 1.000000
5734 48.759205 -6.019326 -22.113745 1.000000
5736 52.109375 -1.981107 -26.012609 1.000000
5737 54.277924 1.195659 -27.230860 1.000000
5738 51.836903 2.668695 -27.682032 1.000000
6057 46.829395 16.484974 -24.333925 1.000000
6058 44.754066 17.365246 -26.710861 1.000000
6059 45.080029 15.372785 -27.680523 1.000000
6060 42.355503 13.215363 -30.684967 1.000000
6061 42.683567 11.812538 -34.884132 1.000000
6330 46.015450 -6.534146 -16.420162 1.000000
6331 47.919727 -1.678360 -17.269621 1.000000
6332 48.930443 3.330204 -18.181828 1.000000
6333 49.707394 2.671603 -16.492861 1.000000
6334 50.882183 7.116766 -15.283216 1.000000
6335 52.265278 10.540851 -14.368007 1.000000
7173 55.184357 2.100363 -13.188974 1.000000
7174 52.648731 0.315149 -16.781006 1.000000
7175 49.676109 -20.570433 -4.969493 1.000000
7176 51.939522 -18.123091 -5.191981 1.000000
7177 48.478813 -19.301001 -6.960310 1.000000
7178 47.609932 -18.013227 -9.237040 1.000000
7179 47.236404 -16.838959 -11.760294 1.000000
7180 59.272957 -14.750505 -17.355448 1.000000
7181 54.740578 -15.542974 -18.812359 1.000000
7182 57.472301 -12.735739 -19.969826 1.000000
7183 55.366920 -10.635900 -21.813879 1.000000
7184 53.450214 -8.700984 -23.057442 1.000000
7185 51.732246 -6.570041 -23.957409 1.000000
7186 56.203960 -5.602971 -24.106007 1.000000
7366 44.703083 -12.040542 -12.947970 1.000000
7367 47.781036 -9.196046 -12.041224 1.000000
7898 42.448822 18.044289 -28.985783 1.000000
8020 58.131702 -5.006516 -8.183308 1.000000
8024 55.102467 -21.773533 -14.142166 1.000000
8025 57.676189 -19.440680 -14.944313 1.000000
8027 62.042980 -18.941908 -14.121035 1.000000
8028 60.578320 -16.538378 -15.228317 1.000000
8029 62.926594 -13.760236 -15.889735 1.000000
8487 45.946068 4.937073 -22.922266 1.000000
8488 46.336010 9.360021 -22.658838 1.000000
8489 46.537804 14.016043 -21.921728 1.000000
8490 48.817142 8.949800 -19.235554 1.000000
8491 48.127174 13.723314 -20.078884 1.000000
8492 47.614662 16.043789 -21.770882 1.000000
8493 48.819401 15.333624 -22.396740 1.000000
8494 48.896706 12.656475 -23.508970 1.000000
8495 48.146378 9.168953 -24.539347 1.000000
8586 59.493206 -19.579342 -1.553812 1.000000
8587 55.375862 -20.596056 -2.129755 1.000000
8590 51.437782 -21.572071 -3.306994 1.000000
10169 47.659058 -11.181618 -10.380919 1.000000
10170 50.079895 -6.541839 -10.925516 1.000000
10176 52.294525 -7.953686 -6.343373 1.000000
10177 52.134144 -5.726944 -7.951787 1.000000
10178 51.938782 -3.393888 -9.507308 1.000000
10179 51.529259 -0.946617 -11.047500 1.000000
10180 52.283821 4.566935 -11.305331 1.000000
10181 53.097115 8.787142 -12.182518 1.000000
10182 53.743721 10.429556 -13.893376 1.000000
10184 54.825275 8.860592 -14.061419 1.000000
10185 53.667774 10.408595 -16.489002 1.000000
10186 52.443390 9.110381 -19.489260 1.000000
10187 50.296547 7.394956 -22.324884 1.000000
10188 48.285686 6.108312 -25.111973 1.000000
10190 62.172047 -13.430491 -2.528529 1.000000
10191 60.570335 -11.769780 -3.479876 1.000000
10192 54.271362 -15.436276 -5.092639 1.000000
10193 56.651375 -12.837257 -4.903786 1.000000
10194 58.823814 -10.126745 -4.726852 1.000000
10195 57.393787 -8.920305 -7.029361 1.000000
10196 56.422241 -7.877000 -9.544127 1.000000
10197 54.783455 -6.474234 -10.980268 1.000000
10198 47.941467 -20.951504 -13.808375 1.000000
10199 47.345264 -18.323483 -14.346652 1.000000
10200 47.384399 -15.663607 -14.602626 1.000000
10201 50.579754 -15.374414 -18.904779 1.000000
10202 48.005707 -14.462751 -17.204624 1.000000
10203 48.005798 -13.092628 -14.553513 1.000000
10204 49.437244 -10.426672 -14.511714 1.000000
10205 51.384666 -7.674044 -14.147650 1.000000
10206 53.167870 -5.007466 -12.873098 1.000000
10207 51.746162 -3.691462 -15.390309 1.000000
10208 50.605587 -2.539879 -18.020880 1.000000
10209 49.600300 -0.923722 -20.429155 1.000000
10210 50.004005 -4.304533 -24.316227 1.000000
10211 48.967339 -1.761592 -23.981159 1.000000
10212 49.409245 0.842554 -22.972912 1.000000
10213 49.299721 2.514759 -25.267197 1.000000
10214 49.446930 4.265536 -26.862530 1.000000
10215 48.885307 5.664144 -28.885288 1.000000
10405 46.218224 8.969255 -26.733353 1.000000
10406 45.188148 9.506584 -27.897446 1.000000
10407 45.409073 7.830920 -28.744274 1.000000
10408 45.927994 7.567561 -30.537806 1.000000
10409 46.382851 6.756217 -29.268208 1.000000
10555 48.572456 -6.509475 -13.051913 1.000000
10556 48.240883 -6.117650 -13.788913 1.000000
10557 49.491116 -3.859628 -13.289055 1.000000
10558 50.188885 -1.228467 -13.516317 1.000000
10559 50.530132 -1.565822 -12.707711 1.000000
11022 57.912670 -2.774646 -8.050611 1.000000
11023 58.635933 -1.283687 -7.940976 1.000000
11024 57.187408 -1.898005 -9.026530 1.000000
11025 56.357124 -1.243649 -10.090194 1.000000
11026 55.723186 -2.684938 -10.271574 1.000000
11028 45.784851 -22.538660 -10.377249 1.000000
11535 45.200680 15.710040 -23.651749 1.000000
11536 44.266037 15.813993 -24.760630 1.000000
11537 44.692780 16.895847 -24.796730 1.000000
11988 46.406013 -3.379642 -18.288628 1.000000
11990 46.075172 -2.900848 -19.013937 1.000000
11991 45.697109 -2.536994 -19.712837 1.000000
11992 46.846077 -0.636888 -19.566298 1.000000
11993 47.339680 1.769497 -20.159176 1.000000
11994 47.733601 1.550999 -19.402384 1.000000
11995 51.873932 12.254897 -16.366348 1.000000
11996 51.290108 13.056584 -17.332958 1.000000
11997 51.920959 12.904404 -17.419874 1.000000
11998 51.825768 13.100698 -18.606457 1.000000
11999 52.496025 12.268522 -17.578789 1.000000
12069 62.096642 -22.267239 -0.611052 1.000000
12070 61.210991 -21.916027 -1.178118 1.000000
13379 48.640770 -13.964383 -6.472190 1.000000
13380 48.731823 -12.971408 -7.286334 1.000000
13381 49.957787 -11.844429 -6.735049 1.000000
13392 52.941479 2.400382 -17.583654 1.000000
13393 53.486092 3.732409 -17.024368 1.000000
13394 52.458515 3.062811 -18.978598 1.000000
13395 51.980843 3.836293 -20.175400 1.000000
13396 51.348473 2.556964 -20.702160 1.000000
13397 55.409534 -18.953419 -2.636848 1.000000
13398 56.526203 -17.692898 -2.686314 1.000000
13399 54.634186 -18.200445 -3.402697 1.000000
13400 49.085678 -15.021459 -10.714109 1.000000
13401 50.486778 -14.407796 -9.616841 1.000000
13402 50.051075 -13.775513 -10.817080 1.000000
13403 51.170532 -12.516081 -10.871759 1.000000
13404 49.615360 -13.116148 -11.999548 1.000000
13405 54.998920 -18.590237 -16.303669 1.000000
13406 52.979481 -18.715588 -16.600279 1.000000
13407 54.271675 -17.607834 -17.240856 1.000000
13408 50.359394 -9.810818 -21.791452 1.000000
13409 49.435818 -10.774527 -20.826962 1.000000
13410 49.019859 -9.472190 -20.909721 1.000000
13411 48.185059 -8.789270 -19.723917 1.000000
13412 48.590221 -8.054029 -21.001282 1.000000
13413 48.376617 -6.755975 -20.898497 1.000000
13414 49.163017 -7.248881 -22.162075 1.000000
13416 55.338776 0.260803 -26.675236 1.000000
13935 47.183178 15.672325 -24.734295 1.000000
13936 46.139896 16.149420 -25.959082 1.000000
13937 46.188080 14.788239 -26.511536 1.000000
13938 43.275589 10.675582 -30.400965 1.000000
13939 43.367092 12.548403 -29.671612 1.000000
13940 42.432102 11.352553 -31.520239 1.000000
14387 43.726078 -10.447319 -14.810095 1.000000
14388 47.631695 -5.176249 -15.308599 1.000000
14389 46.297729 -7.024272 -15.721848 1.000000
14390 47.327480 -4.734577 -16.063435 1.000000
14391 47.054169 -4.201275 -16.842426 1.000000
14392 48.216515 -2.206694 -16.471682 1.000000
14393 48.883217 0.489981 -16.912380 1.000000
14394 49.216454 0.041523 -16.059568 1.000000
14395 51.107857 4.056736 -14.136195 1.000000
14396 50.728081 4.460142 -15.050703 1.000000
14397 51.302788 6.686389 -14.333882 1.000000
14398 51.544739 9.283587 -14.692062 1.000000
14399 51.891273 8.796603 -13.787485 1.000000
15792 55.118000 0.066325 -12.544161 1.000000
15793 55.778419 1.568575 -12.104681 1.000000
15794 54.570801 0.704294 -13.661776 1.000000
15795 53.944946 1.249506 -14.953258 1.000000
15796 53.256554 -0.166341 -15.343496 1.000000
15797 48.111206 -21.056244 -5.747987 1.000000
15798 49.097557 -19.910839 -5.894097 1.000000
15799 47.617973 -20.416883 -6.769824 1.000000
15800 46.304504 -19.884270 -10.357946 1.000000
15801 46.887764 -19.151567 -9.095209 1.000000
15802 46.752235 -18.606651 -10.395514 1.000000
15803 47.387939 -17.393305 -10.496652 1.000000
15804 46.767090 -18.045828 -11.695536 1.000000
15805 60.607471 -13.191420 -17.736816 1.000000
15806 58.479980 -13.813540 -18.687647 1.000000
15807 59.665260 -12.169357 -19.213461 1.000000
15808 58.871071 -8.334602 -21.772434 1.000000
15809 57.758980 -10.043906 -21.455936 1.000000
15810 56.670441 -9.266041 -22.338821 1.000000
15811 54.314095 -9.761696 -22.465012 1.000000
15812 55.687866 -8.328420 -23.047012 1.000000
15813 54.855610 -7.192917 -23.627417 1.000000
15814 56.918476 -6.590262 -23.382732 1.000000
16197 45.036884 -12.487383 -12.286510 1.000000
16198 46.288357 -10.750296 -12.528116 1.000000
16199 46.623226 -11.143682 -11.807008 1.000000
17333 44.019875 17.227840 -28.289942 1.000000
17334 43.624020 17.822004 -27.793667 1.000000
17335 42.866634 17.667118 -29.423290 1.000000
17592 60.969929 -5.933621 -5.474836 1.000000
17594 60.267151 -5.252244 -6.318238 1.000000
17595 59.512932 -4.557271 -6.958522 1.000000
17596 58.819214 -5.815938 -7.702817 1.000000
17600 58.091652 -22.565296 -13.905455 1.000000
17601 55.912628 -22.793936 -13.629611 1.000000
17602 57.273293 -21.676208 -14.084516 1.000000
17603 56.381538 -20.659550 -14.600031 1.000000
17604 58.530773 -20.524069 -14.421399 1.000000
17610 63.109322 -17.520914 -14.216370 1.000000
17611 61.222954 -17.755747 -14.625816 1.000000
17612 62.408852 -16.303028 -14.699104 1.000000
17613 61.885803 -15.113744 -15.393283 1.000000
17614 63.406200 -14.921618 -15.041143 1.000000
18699 45.976593 2.594607 -22.331257 1.000000
18700 47.390419 6.859851 -21.284994 1.000000
18701 46.814907 6.985806 -22.072651 1.000000
18702 46.939354 9.273149 -21.764069 1.000000
18703 46.359081 11.762312 -22.319567 1.000000
18704 47.065392 11.722968 -21.374012 1.000000
18705 49.481781 5.717426 -17.774746 1.000000
18706 48.990959 6.148168 -18.731216 1.000000
18707 49.381084 8.415154 -18.233828 1.000000
18708 49.715195 14.275839 -19.062977 1.000000
18709 48.963367 13.322832 -19.133314 1.000000
18710 48.803986 14.799016 -19.953028 1.000000
18711 47.818493 15.250755 -20.753906 1.000000
18712 48.622089 15.563896 -20.921816 1.000000
18713 48.295116 15.901523 -22.004461 1.000000
18714 49.255444 15.311963 -21.200882 1.000000
18715 50.701889 12.532784 -21.201988 1.000000
18716 49.863739 13.388596 -22.106190 1.000000
18717 49.661461 11.811354 -22.652943 1.000000
18718 48.515614 10.931420 -24.035189 1.000000
18719 49.335644 10.022596 -23.172558 1.000000
18927 59.338509 -21.182377 -1.770304 1.000000
18928 60.432617 -20.146090 -1.531763 1.000000
18929 58.386494 -20.687199 -1.770443 1.000000
18930 57.388538 -20.080212 -1.764588 1.000000
18931 56.420177 -21.175161 -1.978713 1.000000
18938 52.370228 -22.135099 -2.703571 1.000000
18940 49.573219 -22.068531 -4.008897 1.000000
22857 48.821877 -11.044764 -8.969656 1.000000
22858 47.572151 -12.143936 -9.542401 1.000000
22859 48.813408 -10.133807 -9.796923 1.000000
22860 48.876945 -9.054258 -10.620189 1.000000
22861 50.049835 -7.702222 -10.095255 1.000000
22877 52.903053 -5.239454 -6.346087 1.000000
22878 52.251965 -6.906150 -7.162723 1.000000
22879 52.770699 -4.102841 -7.127643 1.000000
22880 53.052544 1.309969 -8.542746 1.000000
22881 52.534035 -1.622605 -8.638632 1.000000
22882 52.329151 -0.456089 -9.375233 1.000000
22883 51.770214 -2.136194 -10.279683 1.000000
22884 52.171009 0.817990 -10.214337 1.000000
22885 51.876221 1.805185 -11.086598 1.000000
22886 52.542633 3.573557 -10.266119 1.000000
22887 54.477631 8.325320 -10.880035 1.000000
22888 53.547203 7.936956 -11.147026 1.000000
22889 53.946037 8.999106 -11.928911 1.000000
22890 53.426178 9.808551 -12.969974 1.000000
22891 54.200512 9.578665 -12.792659 1.000000
22895 54.288708 7.010130 -15.958580 1.000000
22896 54.900452 7.562772 -14.331998 1.000000
22897 54.431923 8.397636 -15.534065 1.000000
22898 54.300282 9.619986 -15.173001 1.000000
22899 53.886974 9.145059 -16.788284 1.000000
22900 53.234966 9.944339 -17.973465 1.000000
22901 53.218956 8.410981 -18.504930 1.000000
22902 50.994621 5.597268 -22.159893 1.000000
22903 51.259998 6.770110 -21.597965 1.000000
22904 50.296280 6.268530 -22.790501 1.000000
22905 49.205494 6.717410 -23.637554 1.000000
22906 49.239723 5.595023 -24.169168 1.000000
22910 59.042625 -15.114551 -2.827520 1.000000
22911 61.069153 -14.679016 -2.479941 1.000000
22912 60.312176 -13.838339 -3.031755 1.000000
22913 61.444214 -12.555820 -3.043696 1.000000
22914 59.442127 -12.980496 -3.431720 1.000000
22915 51.252014 -17.503016 -6.128298 1.000000
22916 53.100262 -16.822208 -5.142848 1.000000
22917 52.435265 -16.174730 -6.078892 1.000000
22918 54.217144 -12.823547 -7.111751 1.000000
22919 54.850636 -13.462062 -6.070931 1.000000
22920 55.869488 -12.106251 -5.864310 1.000000
22921 57.696095 -11.460334 -4.700963 1.000000
22922 56.956268 -10.746127 -5.748435 1.000000
22923 58.073193 -9.455962 -5.785749 1.000000
22924 56.236378 -10.172338 -7.026309 1.000000
22925 53.643841 -10.006323 -11.001333 1.000000
22926 55.317547 -9.247622 -9.680616 1.000000
22927 54.768269 -8.596926 -10.880508 1.000000
22928 55.624340 -7.158698 -10.421343 1.000000
22929 53.968616 -7.868136 -11.812607 1.000000
22930 49.984051 -22.669886 -13.847702 1.000000
22931 48.306557 -22.230661 -13.459013 1.000000
22932 49.389629 -21.496807 -14.403562 1.000000
22933 49.317787 -18.257408 -16.384048 1.000000
22934 48.446205 -18.968010 -15.348373 1.000000
22935 48.022198 -17.707008 -15.637045 1.000000
22936 47.253517 -16.988165 -14.492188 1.000000
22937 47.789948 -16.422092 -15.845487 1.000000
22938 53.784950 -14.436296 -19.759813 1.000000
22939 52.558067 -15.592705 -19.103548 1.000000
22940 51.614025 -14.382131 -19.769398 1.000000
22941 48.134594 -12.351557 -18.555872 1.000000
22942 48.550362 -13.683161 -18.451420 1.000000
22943 47.819786 -13.090124 -17.297541 1.000000
22944 47.703796 -13.795107 -15.875928 1.000000
22945 47.853657 -12.365221 -15.810183 1.000000
22946 48.662376 -11.805464 -14.537610 1.000000
22947 48.232819 -10.996957 -15.769264 1.000000
22948 49.123871 -7.471869 -16.768616 1.000000
22949 49.772694 -8.221334 -15.468781 1.000000
22950 50.525326 -6.917802 -15.213977 1.000000
22951 52.269073 -6.386108 -13.604067 1.000000
22952 51.429466 -5.650178 -14.779892 1.000000
22953 52.422588 -4.286176 -14.072291 1.000000
22954 50.765064 -5.034222 -15.996832 1.000000
22955 48.687927 -4.345923 -20.204388 1.000000
22956 49.750309 -3.805003 -18.530142 1.000000
22957 49.276085 -3.063691 -19.772543 1.000000
22958 49.989025 -1.791660 -19.341738 1.000000
22959 48.917023 -2.221532 -21.007366 1.000000
22960 52.865234 -5.350381 -24.616165 1.000000
22961 50.779076 -5.404956 -24.149260 1.000000
22962 51.895134 -4.360808 -24.965475 1.000000
22963 51.259338 -0.839554 -26.174414 1.000000
22964 50.115139 -2.048175 -25.229900 1.000000
22965 49.636589 -0.819109 -25.105597 1.000000
22966 48.911865 -0.500255 -23.567736 1.000000
22967 49.311935 0.402939 -24.797976 1.000000
22968 49.396931 1.639829 -24.238939 1.000000
22969 49.699226 1.381466 -25.901669 1.000000
22970 52.332359 4.009229 -28.182392 1.000000
22971 50.699684 3.475147 -27.471405 1.000000
22972 50.757652 4.502776 -28.017040 1.000000
22973 49.235802 4.862849 -27.814137 1.000000
22974 50.633217 5.523295 -28.906702 1.000000
22975 50.027119 6.398520 -29.890621 1.000000
23337 46.918819 12.567132 -25.822275 1.000000
23338 45.928246 13.102507 -27.039246 1.000000
23339 45.477539 11.349372 -27.435856 1.000000
23340 44.260902 10.093206 -29.128139 1.000000
23341 44.080101 9.170839 -31.265406 1.000000
23342 45.048412 9.205841 -32.984505 1.000000
23343 45.541710 8.377661 -31.836798 1.000000
23344 47.158634 8.135132 -31.923742 1.000000
23607 45.679092 -9.946251 -13.968122 1.000000
23608 45.424561 -9.469408 -14.646120 1.000000
23609 46.878868 -7.962943 -14.256162 1.000000
23610 47.890190 -5.673630 -14.561460 1.000000
23611 48.835979 -3.009899 -14.872177 1.000000
23612 49.572372 -0.381536 -15.229216 1.000000
23613 49.886684 -0.931895 -14.388983 1.000000
23614 50.749889 1.402868 -13.810756 1.000000
23615 51.411934 3.731667 -13.159787 1.000000
24451 57.836487 1.494087 -9.854075 1.000000
24452 57.186134 0.153715 -9.998232 1.000000
24453 55.778393 -0.618862 -11.298057 1.000000
24454 54.488647 -1.358874 -12.765284 1.000000
24455 45.807388 -22.203100 -7.845089 1.000000
24456 46.456074 -20.954823 -7.828219 1.000000
24457 45.774555 -21.687323 -9.051542 1.000000
24458 45.957779 -21.187881 -10.321253 1.000000
24459 46.357368 -20.675373 -11.620516 1.000000
24461 60.698463 -10.524634 -19.536283 1.000000
24464 59.809387 -6.613119 -22.002235 1.000000
24465 58.912682 -5.817657 -22.868668 1.000000
25373 44.143166 13.841345 -24.819906 1.000000
25375 42.615025 17.205561 -27.043707 1.000000
25376 41.916401 15.742157 -31.578192 1.000000
25377 41.961620 17.211706 -31.055384 1.000000
25378 41.056610 16.366039 -32.870888 1.000000
25534 60.332714 -6.961487 -5.786684 1.000000
25539 60.403118 -22.531658 -13.778447 1.000000
26194 46.099266 0.088051 -20.999456 1.000000
26195 46.483158 2.281082 -21.625729 1.000000
26196 46.971214 2.139054 -20.932520 1.000000
26197 47.566566 4.326723 -20.738373 1.000000
26198 47.929337 6.733747 -20.514706 1.000000
26199 50.452873 10.428083 -16.765432 1.000000
26200 49.871895 10.823443 -17.769535 1.000000
26201 50.543724 12.505612 -17.410749 1.000000
26202 50.598396 13.755099 -18.222498 1.000000
26203 50.463131 14.371161 -19.222424 1.000000
26204 50.181015 14.577101 -20.366007 1.000000
26205 51.104202 13.917404 -19.450474 1.000000
26206 51.449707 12.999655 -19.863621 1.000000
26207 51.466255 11.549431 -20.304535 1.000000
26332 63.234142 -19.774380 -0.620186 1.000000
26333 62.317986 -20.870209 -1.019078 1.000000
26334 60.255959 -21.574263 -1.513747 1.000000
26335 58.248669 -22.225309 -1.850263 1.000000
28690 46.176041 -14.976496 -8.519527 1.000000
28691 47.404869 -14.079816 -7.912333 1.000000
28692 48.703053 -12.108027 -8.154108 1.000000
28693 50.065777 -9.792255 -8.426361 1.000000
28707 53.793526 4.203725 -8.771494 1.000000
28708 53.420910 5.224503 -9.678469 1.000000
28709 54.482605 6.334465 -9.207664 1.000000
28711 55.322914 8.216257 -10.717970 1.000000
28712 55.129322 4.056502 -13.994290 1.000000
28713 55.532532 5.662766 -13.500278 1.000000
28714 54.500221 4.659090 -15.201711 1.000000
28715 53.885826 5.261018 -16.527382 1.000000
28716 53.474102 6.120026 -17.792658 1.000000
28717 53.018658 6.797410 -19.040649 1.000000
28718 52.558266 5.237294 -19.598770 1.000000
28719 51.612110 4.663451 -21.187628 1.000000
28720 50.441860 4.221037 -22.667852 1.000000
28721 59.545105 -17.947330 -1.589287 1.000000
28722 60.823524 -16.666018 -1.639468 1.000000
28723 58.648907 -17.145596 -2.118059 1.000000
28724 57.833111 -16.399960 -2.734900 1.000000
28725 56.960121 -15.616137 -3.380986 1.000000
28726 49.948112 -16.252380 -8.273234 1.000000
28727 51.735909 -15.542610 -7.175658 1.000000
28728 51.084911 -14.930799 -8.387494 1.000000
28729 52.304054 -13.609831 -8.364972 1.000000
28730 53.602516 -12.253850 -8.327330 1.000000
28731 54.708935 -10.980536 -8.314582 1.000000
28732 52.975525 -11.793163 -9.628639 1.000000
28733 52.386158 -11.316951 -10.951136 1.000000
28734 51.839039 -10.710703 -12.179591 1.000000
28735 52.430378 -20.838024 -15.140239 1.000000
28736 50.531185 -20.646280 -15.172261 1.000000
28737 51.709023 -19.672153 -15.908750 1.000000
28738 51.003826 -18.611599 -16.688597 1.000000
28739 50.289661 -17.487942 -17.384741 1.000000
28740 51.825695 -12.115993 -21.084179 1.000000
28741 50.782959 -13.160423 -20.248598 1.000000
28742 50.061924 -11.962663 -20.630657 1.000000
28743 48.719528 -11.560721 -19.762604 1.000000
28744 47.945675 -10.963100 -18.495380 1.000000
28745 47.940334 -10.222174 -17.017614 1.000000
28746 47.952118 -9.549592 -18.364010 1.000000
28747 48.241589 -8.090055 -18.187626 1.000000
28748 48.770401 -6.806944 -17.990444 1.000000
28749 49.379303 -5.645800 -17.736553 1.000000
28750 48.453255 -6.215077 -19.340576 1.000000
28751 48.416725 -5.568104 -20.526880 1.000000
28752 48.551258 -4.869184 -21.875301 1.000000
28753 55.551399 -2.304595 -25.729080 1.000000
28754 53.155785 -3.123593 -25.696583 1.000000
28755 54.500160 -1.465646 -26.254623 1.000000
28756 53.223103 -0.539806 -26.657537 1.000000
28757 52.313244 0.561818 -26.993338 1.000000
28758 51.196968 1.413756 -27.100424 1.000000
28759 53.035469 1.936433 -27.624035 1.000000
29493 46.367699 16.827238 -23.898657 1.000000
29494 45.305744 17.245165 -25.110527 1.000000
29495 45.790565 16.925714 -25.523699 1.000000
29496 45.027130 16.657393 -27.218464 1.000000
29497 44.062939 16.100506 -28.731497 1.000000
29498 44.725769 13.680097 -28.122400 1.000000
29499 43.712757 14.364044 -29.185928 1.000000
29500 42.732765 15.070971 -30.323963 1.000000
29501 41.709290 13.873322 -32.116680 1.000000
30128 45.082363 -8.931007 -15.321734 1.000000
30129 44.796940 -8.368726 -15.989693 1.000000
30130 44.494083 -7.800297 -16.589937 1.000000
30131 45.712685 -5.974036 -17.115906 1.000000
30132 46.752388 -3.803672 -17.566647 1.000000
30133 47.555031 -1.344107 -18.053188 1.000000
30134 48.157356 1.174993 -18.565578 1.000000
30135 48.548977 0.916962 -17.751560 1.000000
30136 49.284523 3.042742 -17.326511 1.000000
30137 49.901390 5.302855 -16.852036 1.000000
30138 50.052734 2.220603 -15.617994 1.000000
30139 50.358082 4.926823 -15.900892 1.000000
30140 50.419098 7.570328 -16.281845 1.000000
30141 51.024891 9.658865 -15.733368 1.000000
30142 51.754395 11.140660 -15.420285 1.000000
30143 52.538704 11.497544 -15.214725 1.000000
32077 49.778492 -13.897257 -5.041875 1.000000
32092 56.808971 4.390983 -11.277122 1.000000
32093 57.085884 2.330301 -10.805691 1.000000
32094 56.361626 2.962042 -11.684408 1.000000
32095 55.702888 3.532996 -12.698629 1.000000
32096 54.579784 2.633158 -14.411325 1.000000
32097 53.392548 1.754641 -16.279232 1.000000
32098 52.206512 0.995740 -18.013281 1.000000
32099 51.571999 -19.999796 -4.212076 1.000000
32100 52.644817 -18.763561 -4.277375 1.000000
32101 50.800404 -19.393961 -5.100298 1.000000
32102 50.103840 -18.790016 -6.048519 1.000000
32103 49.487114 -18.147421 -7.055983 1.000000
32104 47.209709 -19.800882 -7.883443 1.000000
32105 47.994637 -18.652388 -8.048504 1.000000
32106 48.871330 -17.519476 -8.188046 1.000000
32107 48.500977 -16.863760 -9.380274 1.000000
32108 48.190422 -16.238596 -10.630362 1.000000
32109 47.958580 -15.581937 -11.842793 1.000000
32110 57.849251 -16.124931 -17.048090 1.000000
32111 55.649231 -16.511028 -17.757061 1.000000
32112 57.047150 -15.262836 -18.195654 1.000000
32113 56.171276 -14.211487 -19.378695 1.000000
32114 55.161987 -13.086716 -20.415258 1.000000
32115 58.681847 -11.095736 -20.408230 1.000000
32116 56.425926 -11.622597 -21.011496 1.000000
32117 54.058784 -11.968874 -21.250721 1.000000
32118 53.021294 -10.955216 -21.806677 1.000000
32119 52.182800 -9.932846 -22.331848 1.000000
32120 51.466591 -8.728300 -22.718204 1.000000
32121 50.598785 -7.554578 -22.995047 1.000000
32122 52.609119 -7.549492 -23.525507 1.000000
32123 53.907032 -6.173668 -24.219419 1.000000
32124 55.372334 -4.685997 -24.736683 1.000000
32125 58.112152 -4.909808 -23.676100 1.000000
32126 57.438732 -3.913159 -24.483738 1.000000
32127 56.563240 -3.077963 -25.224064 1.000000
32612 44.418568 -11.556848 -13.635466 1.000000
32613 46.066978 -10.343359 -13.231420 1.000000
32614 47.529472 -8.746084 -12.785048 1.000000
32615 48.916740 -6.920714 -12.305548 1.000000
34052 44.244820 17.505035 -26.281250 1.000000
34053 43.085869 17.776531 -27.403955 1.000000
34054 41.957710 17.916821 -28.562250 1.000000
34055 41.706486 17.955704 -30.609646 1.000000
34056 41.208515 18.140291 -30.168949 1.000000
34383 58.713081 -3.659344 -7.470484 1.000000
34384 57.227821 -4.201554 -8.522142 1.000000
34389 51.811115 -22.828541 -13.777863 1.000000
34391 53.796638 -22.831305 -13.562433 1.000000
34392 53.100658 -21.836651 -14.358843 1.000000
34393 54.369728 -20.805416 -14.832682 1.000000
34394 55.629051 -19.642345 -15.310315 1.000000
34395 56.992352 -18.349464 -15.715360 1.000000
34398 61.732788 -21.312902 -13.730105 1.000000
34400 62.884937 -20.097134 -13.671427 1.000000
34401 60.760643 -20.290056 -14.076391 1.000000
34402 59.890190 -19.222385 -14.580879 1.000000
34403 59.032021 -18.035252 -15.113317 1.000000
34404 58.465355 -16.953417 -15.981778 1.000000
34405 59.963390 -15.554743 -16.166670 1.000000
34406 61.251423 -14.089373 -16.474045 1.000000
34407 62.409607 -12.669722 -17.026907 1.000000
35736 46.524437 4.715759 -22.238678 1.000000
35737 46.225639 7.141833 -22.816273 1.000000
35740 45.767296 13.965571 -22.895596 1.000000
35741 46.096680 15.704519 -22.693172 1.000000
35742 48.446331 3.809075 -19.077126 1.000000
35743 48.489098 6.513453 -19.662699 1.000000
35744 48.201942 9.046375 -20.119909 1.000000
35745 49.198921 11.134173 -18.635138 1.000000
35746 48.483486 11.380808 -19.561571 1.000000
35747 47.773975 11.631818 -20.490080 1.000000
35748 47.268520 13.998726 -20.957523 1.000000
35749 46.958122 15.544846 -21.757898 1.000000
35750 46.644203 16.462917 -22.760441 1.000000
35751 47.294060 16.428190 -22.953846 1.000000
35752 47.843361 15.981787 -23.236797 1.000000
35753 48.174725 15.042791 -23.747503 1.000000
35754 49.690880 14.625684 -21.547689 1.000000
35755 49.011017 14.232724 -22.970367 1.000000
35756 48.061699 13.519953 -24.396036 1.000000
35757 47.700726 11.724813 -24.908300 1.000000
35758 47.417503 10.016864 -25.389126 1.000000
35759 47.141586 8.229290 -25.882671 1.000000
36013 62.733418 -17.944633 -0.908058 1.000000
36014 62.503166 -19.459555 -0.979028 1.000000
36015 61.648827 -19.027176 -1.243702 1.000000
36016 60.579845 -18.499722 -1.338536 1.000000
36017 58.483238 -19.010765 -1.638651 1.000000
36018 56.398384 -19.506552 -2.050365 1.000000
36019 54.409294 -19.975624 -2.664987 1.000000
36025 55.304291 -22.253960 -2.161595 1.000000
36026 54.322876 -21.631407 -2.244556 1.000000
36027 53.366096 -21.000446 -2.654079 1.000000
36028 52.471813 -20.480154 -3.365803 1.000000
36029 50.564602 -21.065439 -4.061388 1.000000
36030 48.792957 -21.552235 -4.859688 1.000000
36031 47.304672 -22.048389 -5.688578 1.000000
39674 63.617237 -21.829481 0.021898 1.000000
40741 46.264664 -14.078425 -9.326578 1.000000
40742 46.425583 -13.105879 -10.168200 1.000000
40743 46.512672 -12.145665 -10.990811 1.000000
40744 47.716850 -10.214108 -11.202887 1.000000
40745 48.920948 -7.944170 -11.465763 1.000000
40746 49.987164 -5.511869 -11.723139 1.000000
40753 50.813408 -13.644974 -3.506253 1.000000
40754 50.978294 -12.652369 -4.389272 1.000000
40755 51.105705 -11.575161 -5.314149 1.000000
40763 52.225269 -9.185232 -5.481256 1.000000
40764 51.205151 -10.509373 -6.155875 1.000000
40765 51.254944 -9.496339 -6.995909 1.000000
40766 51.302593 -8.343108 -7.836146 1.000000
40767 51.215202 -7.315654 -8.684781 1.000000
40769 52.049751 -4.556259 -8.746698 1.000000
40770 51.172089 -6.230861 -9.496615 1.000000
40771 51.159832 -4.976520 -10.299104 1.000000
40772 51.034245 -3.839085 -11.082762 1.000000
40773 50.774857 -2.766418 -11.857481 1.000000
40774 51.266338 0.057172 -11.928637 1.000000
40775 51.623005 2.708324 -12.101199 1.000000
40776 51.953560 5.413016 -12.363146 1.000000
40777 53.059650 6.151193 -10.630366 1.000000
40778 52.629784 6.913228 -11.675615 1.000000
40779 52.279121 7.894348 -12.747988 1.000000
40780 52.605755 9.599473 -13.221921 1.000000
40781 52.972412 10.675465 -14.072863 1.000000
40782 53.224648 11.281996 -15.075056 1.000000
40785 55.426960 8.348696 -11.723150 1.000000
40786 55.565094 6.987393 -13.236490 1.000000
40787 55.250114 7.956328 -12.977046 1.000000
40788 54.842674 8.918336 -12.868200 1.000000
40789 54.376728 9.714087 -13.855627 1.000000
40790 53.843498 10.556808 -15.070280 1.000000
40791 53.235283 11.413702 -16.290155 1.000000
40792 52.957939 11.287967 -17.598419 1.000000
40793 52.409882 10.751481 -18.988148 1.000000
40794 51.484612 9.991944 -20.518553 1.000000
40795 52.299339 7.473531 -20.177217 1.000000
40796 51.394073 8.234399 -20.948198 1.000000
40797 50.382133 9.064782 -21.967037 1.000000
40798 49.209682 8.358888 -23.389235 1.000000
40799 48.133045 7.588652 -24.737600 1.000000
40800 47.273373 6.750870 -26.225088 1.000000
40804 61.934792 -15.437452 -1.787207 1.000000
40809 61.485210 -10.476555 -3.509778 1.000000
40810 53.825279 -17.484274 -4.246630 1.000000
40811 54.985466 -16.186512 -4.202340 1.000000
40812 56.244373 -14.865227 -4.155230 1.000000
40813 53.640205 -14.776232 -6.043256 1.000000
40814 55.529003 -14.139903 -5.063544 1.000000
40815 57.494171 -13.509108 -4.079949 1.000000
40816 58.612282 -12.217577 -3.942452 1.000000
40817 59.632618 -10.959631 -3.979657 1.000000
40818 60.720631 -9.591808 -4.100740 1.000000
40819 59.907482 -8.822075 -4.935615 1.000000
40820 59.225182 -8.241689 -5.866715 1.000000
40821 58.591095 -7.698664 -7.014703 1.000000
40822 55.783092 -9.696548 -8.288914 1.000000
40823 56.871929 -8.470194 -8.334354 1.000000
40824 57.953789 -7.174026 -8.230295 1.000000
40825 57.358498 -6.463658 -9.071028 1.000000
40826 56.484642 -5.731243 -9.439234 1.000000
40827 55.582085 -5.044759 -10.019209 1.000000
40828 47.343372 -22.854992 -12.490108 1.000000
40829 47.077290 -21.545954 -12.697210 1.000000
40830 46.900841 -20.186419 -12.934128 1.000000
40831 48.860439 -20.282635 -14.861250 1.000000
40832 47.633530 -19.670410 -14.143408 1.000000
40833 46.861340 -18.877441 -13.046011 1.000000
40834 46.941219 -17.543779 -13.110420 1.000000
40835 47.259514 -16.235046 -13.146619 1.000000
40836 47.778229 -14.965289 -13.165968 1.000000
40837 53.407097 -16.675295 -18.224367 1.000000
40838 51.368023 -16.609238 -18.296299 1.000000
40839 49.616219 -16.262463 -17.910732 1.000000
40840 49.882542 -14.097536 -19.329407 1.000000
40841 49.032654 -14.960902 -18.241276 1.000000
40842 48.376015 -15.747110 -17.099680 1.000000
40843 47.694077 -15.098302 -15.964462 1.000000
40844 47.648525 -14.398313 -14.548131 1.000000
40845 48.338150 -13.682292 -13.212893 1.000000
40846 49.124859 -12.463762 -13.295647 1.000000
40847 50.115459 -11.257847 -13.324849 1.000000
40848 51.158104 -9.951986 -13.285563 1.000000
40849 48.867859 -9.622046 -15.642090 1.000000
40850 50.426041 -9.028516 -14.380861 1.000000
40851 52.189903 -8.499831 -13.160492 1.000000
40852 53.109936 -7.150517 -12.669485 1.000000
40853 53.979015 -5.739697 -11.848745 1.000000
40854 54.750801 -4.217106 -10.966983 1.000000
40855 54.108288 -3.533987 -12.141726 1.000000
40856 53.465431 -2.851115 -13.396112 1.000000
40857 52.804554 -2.254719 -14.746933 1.000000
40858 50.248577 -4.485760 -17.269691 1.000000
40859 51.154530 -3.157703 -16.684559 1.000000
40860 52.159962 -1.705641 -16.071438 1.000000
40861 51.599495 -1.137206 -17.403538 1.000000
40862 51.045776 -0.425526 -18.683973 1.000000
40863 50.582268 0.412283 -19.950132 1.000000
40864 49.887589 -6.372682 -23.208529 1.000000
40865 49.286949 -5.197219 -23.280172 1.000000
40866 48.829224 -4.054191 -23.099911 1.000000
40867 50.937923 -3.235547 -25.183720 1.000000
40868 49.318508 -3.061591 -24.213833 1.000000
40869 48.595245 -2.694652 -22.762081 1.000000
40870 48.765789 -1.312500 -22.233240 1.000000
40871 49.437077 -0.041616 -21.657284 1.000000
40872 50.361835 1.255749 -21.271915 1.000000
40873 50.105423 2.058340 -22.379295 1.000000
40874 49.745918 2.827272 -23.402889 1.000000
40875 49.441505 3.727527 -24.350172 1.000000
40876 50.148827 2.355702 -26.840755 1.000000
40877 49.436932 3.440996 -26.171204 1.000000
40878 49.131454 4.503870 -25.143118 1.000000
40879 48.573830 4.956333 -26.006428 1.000000
40880 47.911621 5.472857 -27.108994 1.000000
40881 47.244530 6.091113 -28.362396 1.000000
40882 48.052864 6.316084 -29.875311 1.000000
40883 49.245625 7.130882 -30.849804 1.000000
