#!ascii label, projected from MNI152 2 mm to fsaverage6
327
53 50.539600 20.422819 18.839502 1.000000
250 41.686424 14.102905 20.813892 1.000000
383 54.868782 23.692539 12.072285 1.000000
384 46.868225 27.291157 13.654947 1.000000
730 39.145622 10.523294 21.908764 1.000000
878 49.065880 29.359394 9.228230 1.000000
1110 54.635456 22.667835 17.576002 1.000000
1111 54.721230 18.837805 15.160665 1.000000
1112 54.885326 16.700899 17.358971 1.000000
1602 45.922287 16.906610 19.736868 1.000000
1603 50.322590 14.478366 19.449236 1.000000
1604 46.741352 11.688102 19.287483 1.000000
1853 52.924629 24.590763 7.643672 1.000000
1854 53.837757 27.247076 8.080158 1.000000
1855 52.176899 26.326019 13.379735 1.000000
1856 50.666058 25.061930 18.669237 1.000000
1859 46.360863 22.219433 18.783007 1.000000
1860 41.244724 19.254711 19.666285 1.000000
1861 37.491032 15.975911 21.747486 1.000000
2163 50.884228 21.026134 10.959867 1.000000
3030 53.053875 21.637245 18.686329 1.000000
3031 55.121742 19.743900 18.100605 1.000000
3032 52.996788 18.832840 18.877653 1.000000
3630 43.651562 15.624661 20.420383 1.000000
3631 46.269703 14.370844 20.846979 1.000000
3632 44.378799 12.749554 20.892315 1.000000
4075 48.006084 28.635601 11.290116 1.000000
4076 50.602654 27.675802 11.057390 1.000000
4077 49.690777 27.061008 13.576673 1.000000
4078 51.530346 25.749645 16.397081 1.000000
4079 48.855408 26.071987 16.195448 1.000000
4086 46.865238 24.327604 19.830914 1.000000
4087 44.212303 22.957228 19.609423 1.000000
4088 43.698311 20.685640 19.087841 1.000000
4770 54.437641 23.902201 9.340544 1.000000
4771 52.327332 22.465818 8.721861 1.000000
4772 53.806355 22.178499 11.086064 1.000000
4773 54.882286 15.819906 13.085429 1.000000
4774 52.415333 16.596821 13.214908 1.000000
4775 52.955860 14.598793 8.763903 1.000000
4778 49.526463 12.426454 16.081375 1.000000
4779 51.300823 13.735449 15.515515 1.000000
5922 40.283951 12.397135 21.374895 1.000000
5923 42.742062 11.144258 20.749500 1.000000
5924 41.639835 9.555986 20.889011 1.000000
6188 50.511913 30.066067 7.138982 1.000000
6189 47.765144 31.211996 8.453745 1.000000
6606 54.995850 23.484262 15.221342 1.000000
6607 54.647839 21.821918 14.225143 1.000000
6608 55.568855 20.675991 16.576206 1.000000
6609 55.653542 17.658039 16.264683 1.000000
6610 55.483215 14.924785 13.678378 1.000000
7578 48.241154 18.658331 19.080618 1.000000
7579 50.458504 17.390079 19.576464 1.000000
7580 48.262825 15.700239 20.421787 1.000000
7581 48.504444 13.147203 19.479931 1.000000
7582 47.896690 10.851712 16.132296 1.000000
7583 45.059242 10.156660 19.097538 1.000000
8185 54.271473 25.870539 7.756579 1.000000
8186 54.554180 25.647949 9.948488 1.000000
8187 51.782238 28.359308 8.485200 1.000000
8188 52.969769 26.809244 10.493074 1.000000
8189 53.943493 25.333017 12.970978 1.000000
8190 53.697662 24.714241 16.010159 1.000000
8191 52.827770 23.919598 18.359240 1.000000
8192 50.818245 22.766144 18.849812 1.000000
8198 46.302559 26.254730 16.062693 1.000000
8199 48.140800 25.478956 18.484827 1.000000
8200 48.749702 23.666965 19.015873 1.000000
8201 48.384418 21.244864 18.564930 1.000000
8202 45.886070 19.620594 18.815943 1.000000
8203 43.503838 17.954691 19.432928 1.000000
8204 41.262436 16.635868 20.287296 1.000000
8206 39.059349 17.724171 20.667454 1.000000
8207 39.423790 15.008636 21.250702 1.000000
8208 38.123238 13.229065 22.150791 1.000000
9052 49.283043 21.160063 8.874539 1.000000
9054 52.653923 20.205627 13.707520 1.000000
9055 49.768116 17.863935 12.719373 1.000000
9060 52.558968 15.873433 18.611809 1.000000
9061 53.914497 14.352056 14.634069 1.000000
10710 51.803108 21.059860 18.769253 1.000000
10711 53.094460 20.338409 18.750992 1.000000
10712 51.827168 19.738810 18.965921 1.000000
11310 42.606163 14.921707 20.626654 1.000000
11311 43.980721 14.214949 20.721178 1.000000
11312 43.037453 13.409739 20.768295 1.000000
11755 47.432472 27.936579 12.450689 1.000000
11756 48.788139 27.776428 12.233581 1.000000
11757 48.227642 27.149929 13.613086 1.000000
11758 49.201084 26.506580 14.916736 1.000000
11759 47.821156 26.573425 14.854666 1.000000
11766 44.530666 23.905811 20.101871 1.000000
11768 42.845863 22.342493 19.552402 1.000000
12450 54.818012 23.819881 10.562598 1.000000
12451 54.345253 22.905422 10.145696 1.000000
12452 54.676594 22.831413 11.496895 1.000000
12453 54.856251 14.739449 11.073638 1.000000
12454 53.946819 15.087191 10.939219 1.000000
12455 54.097023 14.391873 8.878725 1.000000
12459 49.873394 11.900344 14.085342 1.000000
13710 39.639774 11.457433 21.589695 1.000000
13711 40.906128 10.969934 21.169657 1.000000
13712 40.384640 9.998561 21.403076 1.000000
14153 48.471977 31.542938 7.320221 1.000000
14850 54.907379 23.041645 16.552799 1.000000
14851 55.316010 22.083315 16.044567 1.000000
14852 55.286217 21.723351 17.057064 1.000000
14853 55.097740 18.113480 17.996628 1.000000
14854 55.633129 18.590668 17.355606 1.000000
14855 55.517212 17.147173 16.774698 1.000000
14856 55.675316 16.184238 15.190531 1.000000
14857 55.380352 15.743780 15.656461 1.000000
16650 46.993114 17.637430 19.369789 1.000000
16651 48.248192 17.033558 19.713039 1.000000
16652 47.174274 16.235687 20.164528 1.000000
16653 46.620399 12.884976 20.667538 1.000000
16654 47.523705 13.681208 20.619976 1.000000
16655 47.624866 12.430124 19.405659 1.000000
16656 48.222702 12.149214 17.857273 1.000000
16657 47.392296 11.401564 17.750095 1.000000
16658 43.395397 9.852382 20.188467 1.000000
16659 44.028629 10.524317 20.329559 1.000000
16660 44.436771 9.432013 19.023060 1.000000
17982 54.318260 26.536081 7.900091 1.000000
17983 54.585224 25.758106 8.791155 1.000000
17984 54.299934 26.474720 8.997393 1.000000
17985 49.753403 29.727276 8.167011 1.000000
17986 51.164795 29.144140 7.641164 1.000000
17987 50.433964 28.843815 8.828943 1.000000
17988 51.414276 27.015905 12.210690 1.000000
17989 51.842224 27.209055 10.767694 1.000000
17990 52.446594 26.584997 11.959446 1.000000
17991 53.411938 26.073248 11.708609 1.000000
17992 53.090973 25.872852 13.303312 1.000000
17993 53.859520 25.052105 14.541550 1.000000
17994 52.948853 25.581072 14.761432 1.000000
17995 51.098412 25.454809 17.703552 1.000000
17996 52.390766 24.987755 17.607967 1.000000
17997 51.794121 24.532719 18.639923 1.000000
17998 51.949074 23.351360 18.907389 1.000000
17999 50.911148 23.923569 19.079248 1.000000
18015 46.051907 25.879847 17.480305 1.000000
18016 47.313244 25.775818 17.288845 1.000000
18017 46.994175 25.521196 18.667339 1.000000
18018 46.591774 23.292728 19.241261 1.000000
18019 47.798409 24.023895 19.329348 1.000000
18020 47.546059 22.890387 18.824139 1.000000
18021 48.577843 22.454714 18.619343 1.000000
18022 47.307446 21.725559 18.547567 1.000000
18023 47.128593 20.475361 18.654720 1.000000
18024 45.999901 21.002655 18.697529 1.000000
18025 42.476898 19.935078 19.351238 1.000000
18026 43.577583 19.398869 19.159016 1.000000
18027 42.391762 18.653290 19.520630 1.000000
18028 42.347889 17.291111 19.815796 1.000000
18029 41.208153 17.915123 19.934614 1.000000
18035 38.204094 16.866528 21.181952 1.000000
18036 39.213287 16.365303 20.916733 1.000000
18037 38.410461 15.507906 21.404739 1.000000
18038 38.739689 14.197571 21.718821 1.000000
18039 37.762794 14.625356 21.944921 1.000000
20073 51.651970 21.651196 9.658310 1.000000
20074 50.795185 21.841223 8.687834 1.000000
20075 50.094353 21.107668 9.812001 1.000000
20076 48.530510 20.245594 9.909300 1.000000
20077 49.288239 20.181057 11.011454 1.000000
20078 54.656200 20.383236 15.098463 1.000000
20079 53.878258 21.050941 13.979795 1.000000
20080 53.798988 19.527439 14.630552 1.000000
20081 51.190624 15.429062 11.246443 1.000000
20082 51.011715 17.202671 13.210600 1.000000
20083 49.820793 15.791684 11.401508 1.000000
20093 50.431610 15.828665 20.046808 1.000000
20094 51.553841 16.650867 19.553894 1.000000
20095 51.290333 15.160765 19.203705 1.000000
20096 51.737488 13.064247 13.373846 1.000000
20097 52.544079 14.223450 15.216702 1.000000
20098 52.993385 13.355388 12.912671 1.000000
20099 54.179951 13.521484 12.375593 1.000000
23886 54.046593 22.224766 18.289532 1.000000
23887 54.945667 21.306768 17.849951 1.000000
23888 54.176910 20.856035 18.468096 1.000000
23889 54.251392 19.223577 18.612701 1.000000
23890 54.063850 17.636297 18.475735 1.000000
24966 44.783367 16.216702 20.072800 1.000000
24967 46.035522 15.634268 20.386669 1.000000
24968 44.975075 15.005098 20.645447 1.000000
24969 45.320683 13.533206 20.923740 1.000000
24970 45.739105 12.074003 20.542131 1.000000
25767 48.534912 29.042349 10.259248 1.000000
25768 49.836853 28.514912 9.992134 1.000000
25769 49.342903 28.208942 11.097366 1.000000
25770 50.175591 27.502125 12.248500 1.000000
25771 51.031425 26.810833 13.493355 1.000000
25772 51.958191 26.099594 14.895114 1.000000
25773 50.690922 26.386047 14.954729 1.000000
25774 50.194008 26.020817 16.354923 1.000000
25775 49.866856 25.640799 17.540951 1.000000
25786 46.543671 25.212046 19.745413 1.000000
25787 45.780109 24.582773 20.226398 1.000000
25788 45.595444 23.576458 19.757849 1.000000
25789 45.279087 22.543118 19.200644 1.000000
25790 44.990711 21.415268 18.900061 1.000000
25791 43.896431 21.885159 19.197712 1.000000
25792 42.592339 21.213444 19.332581 1.000000
25793 41.314289 20.518431 19.584492 1.000000
25798 36.735455 16.507811 22.257025 1.000000
25799 36.885048 15.126788 22.355230 1.000000
27018 53.781128 24.164860 8.324323 1.000000
27019 52.711670 23.426294 8.213717 1.000000
27020 53.647583 23.038507 8.979094 1.000000
27021 53.199318 22.154722 9.680158 1.000000
27022 52.432564 21.645138 10.962839 1.000000
27023 54.791607 17.254887 14.576834 1.000000
27024 53.768364 17.854340 14.381595 1.000000
27025 53.827351 16.229729 13.228592 1.000000
27026 52.613129 15.222766 11.055605 1.000000
27027 51.553932 14.590994 8.906647 1.000000
27032 50.016197 13.526403 17.816919 1.000000
27033 50.865070 14.198578 17.673279 1.000000
27034 50.364765 13.112516 15.879738 1.000000
27035 50.705666 12.564576 13.798616 1.000000
29178 40.924751 13.242793 21.131983 1.000000
29179 42.194569 12.580137 20.835836 1.000000
29180 41.524151 11.753735 21.015530 1.000000
29181 42.191593 10.426397 20.822422 1.000000
29799 49.856544 30.972391 6.754356 1.000000
29800 49.158501 30.643835 7.806401 1.000000
29801 48.381310 30.322407 8.829532 1.000000
29804 47.730888 29.999508 9.714915 1.000000
29805 47.208817 29.589544 10.622139 1.000000
29806 46.675301 28.930187 11.613983 1.000000
30774 54.984825 23.743097 13.729838 1.000000
30775 54.871765 22.836676 13.180033 1.000000
30776 55.082642 22.673979 14.679335 1.000000
30777 55.153900 21.275974 15.564878 1.000000
30778 55.360737 19.735012 15.909765 1.000000
30779 55.542896 20.217388 17.381683 1.000000
30780 55.665092 19.189541 16.649126 1.000000
30781 55.461609 18.215746 15.549614 1.000000
30782 55.536095 16.650785 14.815196 1.000000
30783 55.478157 15.372881 13.197513 1.000000
30784 55.271217 14.278789 11.430634 1.000000
33186 49.460735 19.616472 18.918751 1.000000
33187 50.597076 18.926609 19.161076 1.000000
33188 49.395103 18.023315 19.393116 1.000000
33189 49.322693 16.462965 20.033373 1.000000
33190 49.398125 15.114337 20.479265 1.000000
33191 47.218166 15.096372 20.674997 1.000000
33192 48.426033 14.451721 20.543409 1.000000
33193 49.375999 13.817813 19.432316 1.000000
33194 49.121971 12.835475 17.867458 1.000000
33195 48.618633 11.655713 16.100216 1.000000
33197 43.460354 11.963556 20.782539 1.000000
33198 44.814930 11.302843 20.396893 1.000000
33199 45.888733 10.918844 19.184408 1.000000
33201 45.933514 9.870782 17.770487 1.000000
33202 46.638969 10.684052 17.705553 1.000000
34859 53.785561 25.204412 7.679116 1.000000
34860 54.426807 24.941338 8.563158 1.000000
34861 54.716675 24.751202 9.631398 1.000000
34862 54.664997 24.677328 10.971394 1.000000
34864 52.454723 28.631506 7.402431 1.000000
34865 52.967602 27.812084 8.319283 1.000000
34866 51.124683 27.933517 9.721211 1.000000
34867 52.483727 27.509832 9.418526 1.000000
34868 53.516777 27.147495 9.154846 1.000000
34869 53.900749 26.341095 10.228964 1.000000
34870 54.202240 25.469929 11.378187 1.000000
34871 54.576508 24.598484 12.589575 1.000000
34872 54.550556 24.489979 14.311007 1.000000
34873 54.450134 24.133245 15.704931 1.000000
34874 54.292755 23.620508 16.967207 1.000000
34875 52.727489 25.346621 16.253544 1.000000
34876 53.423260 24.334684 17.321911 1.000000
34877 53.847607 23.345581 17.971218 1.000000
34878 53.006195 22.793552 18.622952 1.000000
34879 51.864479 22.197901 18.813740 1.000000
34880 50.670776 21.553371 18.717077 1.000000
34898 46.558620 26.715261 14.860518 1.000000
34899 47.554066 26.111822 16.012688 1.000000
34900 48.541401 25.693012 17.378834 1.000000
34901 49.395699 25.310196 18.522764 1.000000
34902 47.714417 25.055317 19.443254 1.000000
34903 48.775566 24.836466 19.260181 1.000000
34904 49.872723 24.424644 19.137829 1.000000
34905 49.831558 23.157192 18.911757 1.000000
34906 49.584206 22.041496 18.639204 1.000000
34907 49.460621 20.855646 18.658495 1.000000
34908 48.286156 20.067833 18.737560 1.000000
34909 47.031902 19.121269 18.876713 1.000000
34910 45.879280 18.163921 19.195541 1.000000
34911 44.788342 20.199017 18.863485 1.000000
34912 44.711876 18.770878 19.095928 1.000000
34913 44.745914 17.374973 19.531754 1.000000
34914 43.581200 16.720633 19.879314 1.000000
34915 42.416161 16.143133 20.282833 1.000000
34916 41.411076 15.370755 20.687122 1.000000
34922 40.078884 18.479698 20.140804 1.000000
34923 40.167946 17.135609 20.412811 1.000000
34924 40.330517 15.861010 20.751059 1.000000
34925 40.509605 14.526602 21.056681 1.000000
34926 39.817219 13.688553 21.473755 1.000000
34927 39.162743 12.845426 21.747677 1.000000
34928 38.565159 11.821337 22.069040 1.000000
34929 37.166576 13.679471 22.525955 1.000000
34930 37.547859 12.204381 22.524189 1.000000
37398 51.329933 22.865423 8.121962 1.000000
37399 49.832237 22.303144 8.235521 1.000000
37400 48.342518 21.639505 8.403746 1.000000
37401 47.813271 20.452982 9.030783 1.000000
37404 54.201256 22.101374 12.782568 1.000000
37405 53.123878 21.489784 12.504072 1.000000
37406 51.688763 20.726715 12.374220 1.000000
37407 52.438965 18.499411 14.149584 1.000000
37408 51.218067 19.252136 13.393295 1.000000
37409 50.246887 19.821562 12.242197 1.000000
37410 48.652153 18.502361 11.852663 1.000000
37422 51.657471 18.170551 19.214609 1.000000
37423 52.772083 17.239943 19.081234 1.000000
37424 53.773720 16.295353 18.020426 1.000000
37425 52.026184 14.824018 17.367311 1.000000
37426 53.344215 15.159500 16.859287 1.000000
37427 54.518944 15.437576 16.227325 1.000000
37428 54.970055 14.579102 14.156141 1.000000
37429 55.036114 13.842443 11.903079 1.000000
