#!ascii label, projected from MNI152 2 mm to fsaverage6
180
22 48.940086 26.209553 4.660007 1.000000
738 51.159969 28.605801 0.852534 1.000000
739 47.655285 30.335541 -1.076292 1.000000
740 44.645203 27.577148 3.577699 1.000000
1136 43.969078 31.359791 -7.307137 1.000000
1138 42.693539 29.466787 -9.029487 1.000000
1139 40.194492 26.356161 -9.927335 1.000000
1618 50.676842 32.759117 -5.694901 1.000000
1619 45.044090 32.495140 -3.943975 1.000000
1852 53.161762 27.340906 3.832401 1.000000
1872 52.332428 31.511524 1.699181 1.000000
2647 46.333660 25.583570 5.717957 1.000000
2658 50.201729 27.168848 2.708386 1.000000
2659 48.080299 28.367151 2.111342 1.000000
2660 46.884155 26.832806 3.924089 1.000000
3057 43.230324 30.470325 -8.057750 1.000000
3058 39.268337 29.995749 -5.553060 1.000000
3655 51.522968 33.234604 -3.749393 1.000000
3656 44.272125 30.481192 0.272495 1.000000
3657 46.247986 31.528706 -2.239996 1.000000
3658 42.881439 31.806889 -0.916644 1.000000
3659 41.788277 32.449883 -2.547402 1.000000
4072 53.232666 28.777081 4.298837 1.000000
4113 49.782478 32.613804 4.381156 1.000000
4114 50.343861 34.080402 3.378272 1.000000
4115 52.082020 30.950867 3.325363 1.000000
4116 53.045887 29.229223 2.536342 1.000000
4855 43.543987 26.848118 -13.663162 1.000000
5936 51.939636 30.296331 -0.740035 1.000000
5937 50.966377 30.715464 -2.190128 1.000000
5938 49.133629 29.334797 -0.159724 1.000000
5939 45.754745 29.201878 1.349390 1.000000
6652 47.452141 31.964355 -9.208538 1.000000
6654 46.666191 31.451405 -10.334795 1.000000
6655 45.827431 30.330938 -11.362425 1.000000
6656 45.207890 28.392868 -11.906841 1.000000
6657 43.745190 26.501001 -12.050334 1.000000
6658 41.626823 27.910992 -9.618785 1.000000
7615 49.678520 31.488811 -3.575693 1.000000
7616 48.187401 32.021496 -4.888566 1.000000
7617 47.613770 32.450157 -6.939673 1.000000
7618 44.494068 32.331841 -6.062295 1.000000
7619 40.889275 32.010513 -3.894470 1.000000
8182 51.419292 26.582565 3.898080 1.000000
8235 50.572685 33.991344 1.506778 1.000000
8237 52.549786 29.749887 0.855419 1.000000
8238 52.296867 27.817043 2.332689 1.000000
9154 41.845013 25.161480 -12.519231 1.000000
10327 47.601967 25.891378 5.190743 1.000000
10338 49.529469 26.694000 3.577043 1.000000
10339 48.533325 27.073771 3.274906 1.000000
10340 47.829002 26.451572 4.196485 1.000000
10341 46.489525 26.217636 4.720985 1.000000
10737 39.610664 30.273981 -5.083251 1.000000
11336 42.579754 30.488209 1.065227 1.000000
11337 43.600407 31.229473 -0.258988 1.000000
11338 41.939064 31.233791 0.542733 1.000000
11752 52.680225 29.657812 4.638532 1.000000
11794 51.037354 31.758108 3.863860 1.000000
11795 51.960327 30.690220 4.232121 1.000000
11796 52.715050 29.822781 3.666959 1.000000
13733 51.603321 29.329372 -0.058458 1.000000
13734 50.794788 29.538334 -0.671995 1.000000
13735 50.177364 28.994755 0.339738 1.000000
13736 46.355282 27.998516 2.868404 1.000000
13737 46.782185 28.737732 1.825274 1.000000
13738 45.160969 28.327595 2.545704 1.000000
13739 44.046795 28.863560 2.047462 1.000000
14926 45.818855 31.619999 -8.482875 1.000000
14927 47.106567 31.748188 -9.866257 1.000000
14928 45.483727 31.256695 -8.927910 1.000000
14929 42.980042 30.059803 -8.571339 1.000000
14930 44.665440 30.467693 -9.850752 1.000000
14931 44.498650 29.757412 -10.368721 1.000000
14932 45.641266 29.387909 -11.755173 1.000000
14933 44.107948 28.864914 -10.614241 1.000000
14934 43.643341 27.964375 -10.820216 1.000000
14935 42.223179 28.749409 -9.369488 1.000000
16726 49.487377 30.174231 -1.748999 1.000000
16727 50.454876 31.178223 -2.841558 1.000000
16728 48.836365 30.838614 -2.297408 1.000000
16729 45.555565 32.083454 -2.990109 1.000000
16730 47.202049 31.834091 -3.573469 1.000000
16731 46.650444 32.262630 -4.393700 1.000000
16732 47.759315 32.339527 -5.759124 1.000000
16733 46.301064 32.537392 -5.473053 1.000000
16734 46.149147 32.490334 -6.650340 1.000000
16735 44.717270 32.489929 -5.098465 1.000000
16737 41.344803 32.326111 -3.304247 1.000000
17977 52.495369 26.883038 3.773967 1.000000
17978 52.294861 26.495686 4.845284 1.000000
17979 53.164589 26.833019 4.797311 1.000000
18101 51.559731 32.729153 2.464570 1.000000
18102 50.500710 34.107918 2.446613 1.000000
18103 51.739449 32.878685 1.644810 1.000000
18106 52.483421 30.774582 0.386737 1.000000
18107 52.600395 30.541027 1.243333 1.000000
18108 53.177692 28.141933 3.079578 1.000000
18109 52.893921 28.418583 2.337390 1.000000
18110 52.786572 27.500317 2.964073 1.000000
18111 51.925915 27.056152 3.082905 1.000000
20326 42.117794 26.153345 -11.063009 1.000000
20327 42.729774 25.693768 -12.205083 1.000000
20328 41.281639 25.501154 -11.268857 1.000000
23216 50.720203 27.889856 1.855304 1.000000
23217 49.710449 28.452234 1.452586 1.000000
23218 49.204243 27.793304 2.379388 1.000000
23219 47.556015 27.595861 3.041818 1.000000
23220 45.794136 27.282856 3.779525 1.000000
23222 45.453987 26.624817 4.527416 1.000000
23932 42.029243 31.024212 -5.824187 1.000000
23933 43.580307 30.922985 -7.603952 1.000000
23934 41.676067 30.444393 -6.289597 1.000000
23935 41.384438 30.161144 -6.780525 1.000000
23936 41.031025 29.862064 -7.290048 1.000000
23937 40.551964 29.412415 -7.735536 1.000000
25011 51.095837 33.008411 -4.742474 1.000000
25012 45.942883 30.498184 -0.449475 1.000000
25013 47.069702 31.000113 -1.641088 1.000000
25014 45.241863 31.165668 -0.928658 1.000000
25015 44.598232 31.758652 -1.597612 1.000000
25016 43.989464 32.231621 -2.449969 1.000000
25017 43.502930 32.502937 -3.470284 1.000000
25018 42.283894 32.249763 -1.686084 1.000000
25762 53.424675 27.987560 3.970170 1.000000
25837 50.130344 33.356041 3.861995 1.000000
25838 51.299416 32.354614 3.117153 1.000000
25839 52.276573 31.292068 2.522252 1.000000
25840 52.708576 30.253366 2.035504 1.000000
25841 52.801105 29.990057 2.805836 1.000000
25842 53.128822 28.822781 3.260493 1.000000
29210 51.969063 31.479630 -1.226923 1.000000
29211 51.675739 31.801819 -2.084703 1.000000
29212 51.320538 30.424652 -1.560151 1.000000
29213 49.994530 29.800909 -1.265907 1.000000
29214 48.253826 29.760605 -0.655364 1.000000
29215 48.507019 28.943542 1.010111 1.000000
29216 47.440105 29.370396 0.599525 1.000000
29217 46.539051 29.839457 0.088586 1.000000
29218 44.841236 29.737011 0.837261 1.000000
29219 43.242878 29.646378 1.527770 1.000000
30885 45.068417 30.961197 -9.312860 1.000000
30891 44.793663 27.305429 -12.888782 1.000000
30892 44.581085 27.415195 -11.945159 1.000000
30893 43.007061 26.994747 -10.953557 1.000000
30894 40.962711 27.086462 -9.756732 1.000000
30895 39.969337 28.808117 -8.033792 1.000000
30896 39.348457 28.107904 -8.255285 1.000000
33283 51.397675 32.110107 -2.950501 1.000000
33284 50.950409 32.204933 -3.875449 1.000000
33285 50.315735 32.093193 -4.783090 1.000000
33286 48.011623 31.443579 -2.888172 1.000000
33287 48.923622 31.747198 -4.281220 1.000000
33288 49.737453 32.102962 -5.524577 1.000000
33289 49.258167 32.267513 -6.234937 1.000000
33290 48.992798 32.505642 -7.206386 1.000000
33291 48.813049 32.585411 -8.453035 1.000000
33292 47.534023 32.287956 -8.179274 1.000000
33293 45.942543 32.053730 -7.660340 1.000000
33294 44.261421 31.859400 -6.845809 1.000000
33295 43.063023 32.446507 -4.422970 1.000000
33296 42.799259 32.178799 -5.181653 1.000000
33297 42.438549 31.666782 -5.613914 1.000000
34852 50.202656 26.418880 4.193293 1.000000
34853 50.051338 25.961355 5.346949 1.000000
34854 51.227661 26.208782 5.020413 1.000000
34999 51.340923 33.937260 -1.142726 1.000000
35007 51.472221 33.426899 -0.157527 1.000000
35009 52.262489 31.095392 -0.448428 1.000000
35010 52.250195 29.978918 0.036609 1.000000
35011 52.080971 29.037451 0.650127 1.000000
35012 52.795631 29.439377 1.727213 1.000000
35013 52.476936 28.703461 1.554234 1.000000
35014 51.782581 28.228525 1.605100 1.000000
35015 51.342896 27.449848 2.493104 1.000000
35016 50.780773 26.855780 3.253969 1.000000
37702 43.892048 26.435211 -12.950238 1.000000
37703 42.935204 25.784275 -13.250798 1.000000
37704 41.964722 25.278311 -13.676999 1.000000
37706 40.975800 24.799747 -12.958699 1.000000
