#!ascii label, projected from MNI152 2 mm to fsaverage6
256
51 38.189148 1.239098 48.063839 1.000000
243 46.131264 -4.784131 50.212608 1.000000
244 44.779644 2.742776 43.915939 1.000000
724 50.161533 -4.661145 48.737270 1.000000
875 38.247364 -7.458827 56.124672 1.000000
876 42.229095 -6.561663 55.024719 1.000000
1088 38.226723 4.613698 54.587879 1.000000
1090 40.578278 5.573872 50.725807 1.000000
1589 41.971527 -2.929689 43.921124 1.000000
1590 42.271297 1.808596 47.225777 1.000000
1591 47.148430 -0.800720 46.248924 1.000000
1592 50.817848 0.120181 45.605659 1.000000
1849 37.127655 -3.665572 43.674400 1.000000
1850 41.875309 -5.766796 49.069286 1.000000
1851 44.770176 -7.477516 52.670067 1.000000
2137 39.968185 4.887566 45.159321 1.000000
2795 38.597149 -7.906676 58.920856 1.000000
2796 40.499596 -7.418126 58.259266 1.000000
3008 37.872368 2.906146 51.386944 1.000000
3009 40.057446 5.070501 52.980812 1.000000
3010 39.870148 2.910167 50.632511 1.000000
3608 44.256489 -4.385788 46.657463 1.000000
3609 44.913067 -1.942475 44.979877 1.000000
3610 46.741997 -3.370794 47.968163 1.000000
3612 50.890701 -2.253618 47.529247 1.000000
4066 39.609882 -5.578791 45.475414 1.000000
4067 39.879662 -6.471191 49.068520 1.000000
4068 42.682587 -8.073236 55.185020 1.000000
4069 43.639099 -6.899402 54.048016 1.000000
4711 43.737110 2.839967 45.904976 1.000000
4712 41.438454 4.124827 46.794235 1.000000
4713 41.903118 3.694081 44.476528 1.000000
5909 47.203297 -6.476600 51.018364 1.000000
5910 48.421349 -4.616404 50.098148 1.000000
6183 37.971687 -7.272370 52.547417 1.000000
6184 40.116394 -6.574712 52.629688 1.000000
6185 40.240360 -6.706355 55.776806 1.000000
6186 41.972210 -7.600703 56.893333 1.000000
6569 39.620239 7.864779 51.599602 1.000000
6570 39.363705 7.445567 48.806602 1.000000
6571 46.391239 1.566315 42.339523 1.000000
6572 42.785133 2.370238 42.066185 1.000000
7547 39.392822 -0.610715 44.759411 1.000000
7548 40.295040 1.118024 47.736034 1.000000
7549 41.926003 -0.154861 44.992477 1.000000
7550 44.443142 0.834204 45.327568 1.000000
7551 46.571297 1.768322 45.572315 1.000000
7552 48.923798 -2.523365 48.472214 1.000000
7553 48.972633 -0.057782 46.410610 1.000000
7554 48.293068 1.926358 44.516243 1.000000
7555 49.812481 1.016440 43.302116 1.000000
8163 36.065445 2.943030 52.325367 1.000000
8164 36.260212 1.398871 48.579189 1.000000
8172 35.486298 -0.841644 45.294243 1.000000
8173 37.283146 -0.725431 44.981453 1.000000
8174 39.341805 -3.245052 43.642410 1.000000
8175 41.914753 -5.038592 45.748158 1.000000
8176 44.031822 -5.240798 49.639812 1.000000
8177 42.197926 -6.192258 52.511158 1.000000
8178 44.084850 -5.825961 52.287800 1.000000
8179 45.802242 -6.030385 51.977764 1.000000
8180 45.382801 -8.098394 51.023796 1.000000
8977 41.152580 3.562626 49.197853 1.000000
8978 40.130821 5.354080 47.905163 1.000000
8980 40.073780 3.818401 42.458996 1.000000
10476 39.757378 -8.312744 59.678352 1.000000
10688 37.910988 2.056698 49.724152 1.000000
10689 38.922920 2.871026 51.051807 1.000000
10690 39.029858 2.002265 49.645088 1.000000
11288 45.173393 -4.616553 48.638088 1.000000
11289 45.534779 -3.939169 47.370975 1.000000
11290 46.409447 -4.205167 49.136238 1.000000
11749 42.837425 -8.334278 54.144508 1.000000
12391 44.239708 3.078321 44.883633 1.000000
12392 42.940437 3.429946 45.405220 1.000000
12393 43.277000 3.209876 44.046345 1.000000
13689 47.868679 -6.646412 50.122559 1.000000
14145 38.059578 -7.384425 54.349720 1.000000
14146 39.083515 -6.961881 54.325920 1.000000
14147 39.210041 -7.072562 56.029491 1.000000
14149 41.311073 -7.468057 57.727947 1.000000
14150 41.813763 -8.401472 57.622795 1.000000
14151 42.014568 -8.568386 56.582874 1.000000
14783 38.238342 5.767227 55.755383 1.000000
14785 39.069473 5.932862 54.907509 1.000000
14786 40.513584 5.464730 51.917366 1.000000
14787 40.195736 6.461848 52.557076 1.000000
14788 40.269547 6.614633 51.194660 1.000000
14789 39.584633 7.703892 50.179970 1.000000
14790 40.051331 6.507352 49.828651 1.000000
14791 47.194954 0.915790 41.558685 1.000000
16583 40.525330 -1.761667 43.890896 1.000000
16584 40.641399 -0.502973 44.809498 1.000000
16585 41.966553 -1.484766 44.084297 1.000000
16586 46.122639 -1.389705 45.694366 1.000000
16587 44.746403 -0.477417 44.891579 1.000000
16588 45.958549 0.045064 45.411346 1.000000
16589 45.538902 1.286148 45.505913 1.000000
16590 47.024197 0.531199 45.794231 1.000000
16591 49.367809 -4.633368 49.576672 1.000000
16592 48.704762 -3.550669 49.371113 1.000000
16593 49.721100 -3.432234 48.985474 1.000000
16594 50.928253 -1.013190 46.606209 1.000000
16595 49.965675 -1.091203 47.194973 1.000000
16596 49.889919 0.115625 46.158833 1.000000
16597 48.837574 1.191351 45.528694 1.000000
16598 49.655003 1.136810 45.054382 1.000000
16599 49.027309 1.499884 43.886574 1.000000
17929 35.075085 2.882024 52.714478 1.000000
17930 35.133312 2.091984 50.715416 1.000000
17931 36.128334 2.209523 50.426926 1.000000
17932 35.370689 1.299209 48.781578 1.000000
17953 36.204346 -2.252690 44.029861 1.000000
17954 36.347710 -0.811601 45.105476 1.000000
17955 37.115337 -2.090601 43.912296 1.000000
17956 38.138130 -1.939504 43.861549 1.000000
17957 38.137974 -3.477166 43.662567 1.000000
17958 40.827538 -5.906677 47.258862 1.000000
17959 40.799511 -5.302447 45.531002 1.000000
17960 41.896202 -5.595756 47.351658 1.000000
17961 43.002155 -5.286064 47.656689 1.000000
17962 42.921913 -5.486835 49.305443 1.000000
17963 41.224449 -6.382442 54.095440 1.000000
17964 41.185211 -6.352622 52.604816 1.000000
17965 42.233658 -6.322550 53.865013 1.000000
17966 44.310322 -7.189911 53.400780 1.000000
17967 43.996532 -6.426917 53.233631 1.000000
17968 44.745346 -6.555867 52.867638 1.000000
17969 44.976669 -5.856670 52.221214 1.000000
17970 45.413975 -6.822536 52.389870 1.000000
17971 46.004807 -7.128571 51.797432 1.000000
17972 45.119740 -7.799053 51.904442 1.000000
19891 41.247776 1.346392 47.432552 1.000000
19892 40.991898 2.185405 48.984619 1.000000
19893 41.621193 2.662256 48.324432 1.000000
19894 40.754959 4.652766 45.954998 1.000000
19895 40.673428 4.714047 47.376270 1.000000
19896 39.994930 5.135853 46.595028 1.000000
19897 39.491386 5.921018 47.146095 1.000000
19898 39.311897 5.663241 45.882496 1.000000
19899 41.649376 2.228107 41.245430 1.000000
19900 41.230061 2.969250 42.343147 1.000000
19901 40.222660 3.007497 41.443268 1.000000
23463 38.353401 -7.582731 57.688763 1.000000
23464 39.279400 -7.290135 57.536285 1.000000
23465 39.547699 -7.575878 58.732231 1.000000
23846 38.081688 3.662657 53.070915 1.000000
23847 39.214764 4.760539 53.885109 1.000000
23848 39.011658 3.793689 52.595543 1.000000
23849 39.922207 4.032227 51.905079 1.000000
23850 40.502800 4.341953 51.132915 1.000000
24926 43.231461 -3.783356 44.986938 1.000000
24927 43.496937 -2.512967 44.356140 1.000000
24928 44.570595 -3.346297 45.615944 1.000000
24929 45.880085 -2.752731 46.313274 1.000000
24930 46.991585 -2.181489 47.009914 1.000000
24931 50.731869 -4.700458 47.671318 1.000000
24932 50.615242 -3.444658 48.251278 1.000000
24933 51.391407 -3.531815 47.258904 1.000000
25750 38.331932 -4.828257 44.182213 1.000000
25752 39.716953 -6.194396 47.240578 1.000000
25753 40.857868 -6.102939 49.050465 1.000000
25754 42.750618 -7.209457 55.371693 1.000000
25755 42.994316 -6.676727 54.540173 1.000000
25756 43.221931 -7.479730 54.628174 1.000000
25757 43.589348 -7.747272 53.818260 1.000000
25758 43.925812 -8.078127 52.913708 1.000000
25759 44.133934 -8.348427 51.927013 1.000000
26911 43.111900 2.330997 46.716927 1.000000
26912 42.134178 3.087712 47.559219 1.000000
26913 42.495258 3.365161 46.529675 1.000000
26914 41.648666 4.025664 45.587395 1.000000
26915 40.821850 4.311063 44.576782 1.000000
29147 46.895622 -5.472373 51.053062 1.000000
29148 47.294533 -4.661990 50.281349 1.000000
29149 47.847431 -5.600984 50.617081 1.000000
29150 48.706322 -5.692344 49.956474 1.000000
29151 49.413849 -5.768701 48.993614 1.000000
29788 38.912422 -6.864006 50.889343 1.000000
29789 39.042511 -6.868636 52.589211 1.000000
29790 40.178112 -6.651255 54.235371 1.000000
29791 41.264854 -6.551584 55.437553 1.000000
29792 40.274166 -6.986911 57.144722 1.000000
29793 41.266651 -6.901359 56.601673 1.000000
29794 42.142311 -6.995172 56.031750 1.000000
29795 42.415794 -7.849953 56.062939 1.000000
29796 42.023903 -8.781762 55.474140 1.000000
30685 39.757973 6.180426 53.830067 1.000000
30686 39.547611 7.847609 53.101646 1.000000
30691 45.568584 2.235268 43.130383 1.000000
30692 43.717857 2.640841 42.872028 1.000000
30693 44.428314 1.859672 41.964195 1.000000
33101 38.601204 0.311176 46.319988 1.000000
33102 39.296234 1.146349 47.989395 1.000000
33103 39.735161 0.341175 46.195034 1.000000
33104 40.883842 0.461402 46.146282 1.000000
33105 42.070198 0.840079 46.168110 1.000000
33106 43.457993 -1.012623 44.381268 1.000000
33107 43.273666 0.314326 45.112450 1.000000
33108 43.193169 1.400393 46.115883 1.000000
33109 44.145618 1.898035 45.793671 1.000000
33110 45.071526 2.310879 45.465599 1.000000
33111 45.854092 2.527384 44.925148 1.000000
33112 47.624336 -3.833171 49.377617 1.000000
33113 47.866505 -2.852641 48.332420 1.000000
33114 48.027905 -1.630830 47.392067 1.000000
33115 49.903687 -2.308311 48.217964 1.000000
33116 48.980278 -1.277879 47.427429 1.000000
33117 48.070507 -0.374349 46.523422 1.000000
33118 47.960991 0.939001 45.806641 1.000000
33119 47.423107 2.050462 45.153778 1.000000
33120 46.609936 2.407464 44.187275 1.000000
33121 47.398418 1.916169 43.403706 1.000000
33122 48.223591 1.322586 42.682991 1.000000
34792 37.261204 4.706314 55.293518 1.000000
34794 36.123272 3.791766 54.170074 1.000000
34795 37.092442 3.711963 53.629078 1.000000
34796 37.031044 2.888103 51.819317 1.000000
34797 37.018303 2.177930 50.065899 1.000000
34798 37.207115 1.354687 48.274551 1.000000
34822 34.959114 0.225769 47.121483 1.000000
34823 35.818474 0.314141 46.844307 1.000000
34824 36.707832 0.407171 46.701439 1.000000
34825 37.664101 0.378371 46.479210 1.000000
34826 38.265774 -0.659729 44.854385 1.000000
34827 39.291531 -1.892184 43.848015 1.000000
34828 40.597069 -3.111184 43.701233 1.000000
34829 39.498734 -4.645000 44.231934 1.000000
34830 40.698753 -4.359359 44.276127 1.000000
34831 41.980080 -4.083926 44.568565 1.000000
34832 43.100483 -4.766351 46.128620 1.000000
34833 44.147816 -4.975034 48.086487 1.000000
34834 45.090630 -4.986122 49.959435 1.000000
34835 39.966545 -6.543569 50.941219 1.000000
34836 41.000553 -6.268538 50.953079 1.000000
34837 41.997337 -5.953071 50.931561 1.000000
34838 43.127949 -6.317075 53.570717 1.000000
34839 43.183228 -5.961071 52.374084 1.000000
34840 42.961693 -5.659993 50.956390 1.000000
34841 43.985924 -5.455958 51.080177 1.000000
34842 44.985317 -5.344621 51.234394 1.000000
34843 45.975609 -5.390859 51.259827 1.000000
34844 46.572468 -6.278845 51.585869 1.000000
34845 46.449017 -7.332643 51.127998 1.000000
37177 40.090324 1.966316 49.387012 1.000000
37178 40.698975 3.156029 50.065998 1.000000
37179 40.690422 4.540634 49.894161 1.000000
37180 41.316444 4.032827 48.106335 1.000000
37181 40.698822 4.696675 48.689373 1.000000
37182 40.402275 5.438080 49.247246 1.000000
37183 39.798122 6.174711 48.466278 1.000000
37186 42.302982 3.101537 43.271301 1.000000
37187 40.949020 3.699194 43.396049 1.000000
37188 40.050838 4.489621 43.694420 1.000000
37190 39.241238 4.800742 42.959839 1.000000
37191 39.175392 5.277904 44.438324 1.000000
