#!ascii label, projected from MNI152 2 mm to fsaverage6
1810
7 46.091331 -43.958580 7.236150 1.000000
89 53.214897 -31.127811 1.439064 1.000000
91 58.935829 -40.881462 -4.968043 1.000000
137 44.229408 -49.419277 20.706863 1.000000
138 53.735291 -57.563774 5.979241 1.000000
142 53.817329 -44.483452 29.149860 1.000000
143 59.406975 -39.985649 14.100746 1.000000
209 46.138573 -36.760406 5.093200 1.000000
210 45.039528 -36.945793 -2.708164 1.000000
211 51.372368 -43.647636 0.496788 1.000000
299 47.941032 -52.503410 27.131054 1.000000
300 46.146503 -56.441521 20.729223 1.000000
301 47.329395 -59.352943 27.008978 1.000000
313 52.496124 -48.079315 24.756260 1.000000
347 56.363686 -58.173534 0.959875 1.000000
449 45.969723 -27.356424 -2.513105 1.000000
450 52.325478 -32.853020 -9.136168 1.000000
569 44.766472 -48.149231 13.100924 1.000000
570 54.605785 -50.980816 7.118955 1.000000
571 49.918453 -54.662140 13.293402 1.000000
572 45.459114 -57.037529 12.086878 1.000000
585 57.733112 -44.077576 20.629009 1.000000
586 51.391125 -44.698162 17.573929 1.000000
587 49.932480 -39.654121 11.925762 1.000000
596 57.877472 -35.461197 6.306381 1.000000
625 61.926552 -49.750984 3.481408 1.000000
689 44.782608 -40.411827 6.370833 1.000000
690 45.384499 -41.540871 2.207478 1.000000
691 48.541656 -43.859428 4.096315 1.000000
780 45.081573 -55.682961 28.407604 1.000000
793 52.814587 -52.050545 28.653942 1.000000
984 57.691078 -27.271805 0.737068 1.000000
985 53.255424 -25.676533 -1.106333 1.000000
986 49.259209 -28.849407 0.601732 1.000000
987 51.057629 -39.400646 -4.620005 1.000000
988 47.828903 -35.367249 -6.209002 1.000000
989 55.323128 -36.300682 -6.530830 1.000000
990 59.825317 -33.609474 -9.290908 1.000000
991 62.300621 -37.675007 -6.238624 1.000000
1259 43.744984 -48.672935 16.799671 1.000000
1260 46.842400 -51.404388 12.505964 1.000000
1261 44.428391 -52.615410 16.518248 1.000000
1262 50.503731 -59.618256 19.569302 1.000000
1263 49.865547 -58.130501 16.476139 1.000000
1297 57.266407 -42.117676 26.530903 1.000000
1298 60.015991 -42.793388 22.760571 1.000000
1299 56.391735 -44.332695 25.303387 1.000000
1300 49.038883 -48.297493 22.808071 1.000000
1301 52.023254 -46.372215 21.029610 1.000000
1302 47.589424 -46.546383 19.275211 1.000000
1303 46.221928 -45.271812 16.306950 1.000000
1319 61.608997 -27.669165 6.101887 1.000000
1322 62.675636 -37.766304 12.550795 1.000000
1323 62.839703 -35.833000 8.438170 1.000000
1324 58.972431 -37.770298 10.077576 1.000000
1325 53.734093 -37.684929 8.670339 1.000000
1326 55.250927 -39.624290 12.765870 1.000000
1396 56.691120 -55.144653 8.295436 1.000000
1397 58.080402 -50.732750 5.225610 1.000000
1398 58.955994 -55.327141 4.842687 1.000000
1399 55.044212 -54.505424 -2.953213 1.000000
1400 59.471088 -51.562489 -2.393705 1.000000
1401 57.517921 -49.344536 -5.303765 1.000000
1402 60.344189 -43.591194 -7.713368 1.000000
1403 54.542278 -47.962379 -8.131039 1.000000
1527 49.264412 -34.285347 2.994975 1.000000
1528 45.725250 -32.796986 1.246113 1.000000
1529 44.337868 -37.331890 1.433742 1.000000
1530 47.749886 -41.278923 -1.766246 1.000000
1531 55.000896 -43.052811 -2.936178 1.000000
1691 45.542263 -51.025536 24.148102 1.000000
1692 43.550709 -53.369904 20.900223 1.000000
1693 43.806355 -54.434898 24.544209 1.000000
1694 46.484970 -58.030128 23.839752 1.000000
1714 54.745331 -48.335918 30.681217 1.000000
1715 53.978004 -47.633282 27.242594 1.000000
1716 54.220695 -50.264397 27.692097 1.000000
1717 50.833481 -50.310555 25.603901 1.000000
1731 62.422432 -40.272266 15.725635 1.000000
1774 49.912098 -59.743927 5.423093 1.000000
1775 56.314049 -60.490410 4.080681 1.000000
1777 51.705971 -58.484234 0.940778 1.000000
1793 53.848946 -25.860729 -12.711016 1.000000
2005 44.803402 -25.927097 -6.928766 1.000000
2006 44.169670 -31.845654 -2.491155 1.000000
2007 45.417854 -30.814856 -7.081560 1.000000
2008 49.107918 -29.048786 -10.578026 1.000000
2009 57.387409 -29.602423 -10.999162 1.000000
2345 45.866043 -46.239372 10.098761 1.000000
2346 50.404476 -47.238060 6.193825 1.000000
2347 49.155071 -49.847977 9.212068 1.000000
2348 52.358604 -53.239838 9.897058 1.000000
2349 53.788200 -56.864948 10.555833 1.000000
2350 47.291862 -55.440258 16.833963 1.000000
2351 50.977955 -57.449577 13.129869 1.000000
2352 49.186989 -56.681202 8.270219 1.000000
2353 44.694389 -58.035572 7.811540 1.000000
2392 61.147236 -41.460262 18.978399 1.000000
2393 58.836090 -42.782295 16.753115 1.000000
2394 53.402241 -45.645947 23.503286 1.000000
2395 54.904808 -44.573891 19.065861 1.000000
2396 55.193657 -42.459309 15.961313 1.000000
2397 50.123451 -42.440613 15.086917 1.000000
2398 45.599335 -43.324619 13.532862 1.000000
2399 45.469257 -40.812099 10.503374 1.000000
2420 64.555244 -26.638790 1.055107 1.000000
2421 60.533592 -30.546362 1.276474 1.000000
2423 62.571320 -32.776756 4.831853 1.000000
2424 56.003185 -32.945290 3.651219 1.000000
2425 51.902184 -35.482307 6.078616 1.000000
2426 48.252167 -38.120274 8.299043 1.000000
2509 53.783173 -46.851780 3.732948 1.000000
2510 57.520557 -45.866558 1.923543 1.000000
2511 61.210854 -44.888412 -0.602606 1.000000
2609 45.024807 -42.249969 6.805544 1.000000
2610 45.812859 -42.624901 4.969717 1.000000
2611 47.141041 -44.002983 5.626060 1.000000
2904 55.548706 -29.235525 1.205417 1.000000
2905 53.442909 -28.004633 0.870076 1.000000
2906 51.273224 -29.774464 1.494797 1.000000
2907 54.960869 -40.035534 -4.985494 1.000000
2908 53.137611 -37.786663 -5.454331 1.000000
2909 56.901928 -38.526237 -5.616965 1.000000
2910 58.722107 -36.918232 -6.208659 1.000000
2911 60.728497 -39.423008 -5.670432 1.000000
3179 43.801281 -48.945515 18.749844 1.000000
3180 43.624062 -50.751694 16.569010 1.000000
3181 43.248844 -51.056446 18.621960 1.000000
3217 55.508057 -42.988316 27.756378 1.000000
3218 57.253670 -43.595318 25.858484 1.000000
3219 55.374104 -44.595142 27.397518 1.000000
3220 46.609341 -48.546524 21.536901 1.000000
3221 48.298523 -47.400566 21.012589 1.000000
3222 45.842693 -47.743309 19.787027 1.000000
3223 45.282806 -47.263767 18.112972 1.000000
3239 60.738197 -29.821859 7.934748 1.000000
3242 60.879982 -38.740723 13.074804 1.000000
3243 60.698029 -37.377842 11.198161 1.000000
3244 59.183857 -38.443378 12.089605 1.000000
3245 57.109558 -38.480186 11.253589 1.000000
3246 57.423317 -39.663467 13.377690 1.000000
3316 55.619953 -56.714703 7.684955 1.000000
3317 58.051399 -55.376179 6.666739 1.000000
3318 56.500896 -57.169952 5.559068 1.000000
3319 54.530731 -54.317280 -4.289292 1.000000
3320 56.564362 -52.190746 -4.300114 1.000000
3321 55.062202 -51.318920 -5.373567 1.000000
3322 55.798779 -48.301651 -6.595032 1.000000
3504 47.626240 -35.301727 4.241541 1.000000
3505 45.994072 -35.289085 2.825038 1.000000
3506 44.913857 -37.048923 3.368740 1.000000
3507 48.119442 -42.947212 1.094836 1.000000
3508 46.385700 -41.628826 0.090056 1.000000
3509 49.581589 -42.745575 -0.942521 1.000000
3510 51.243214 -42.175636 -2.585308 1.000000
3511 53.249153 -43.443714 -1.365556 1.000000
3779 46.686127 -51.864819 25.765280 1.000000
3780 44.059120 -52.509167 24.701126 1.000000
3781 44.951622 -53.033119 26.450674 1.000000
3782 45.589203 -57.716045 27.831234 1.000000
3783 45.133385 -57.057354 26.002081 1.000000
3784 46.829098 -58.720661 25.433277 1.000000
3785 48.585369 -59.484844 23.708593 1.000000
3817 56.025139 -49.710167 30.821514 1.000000
3818 55.329853 -49.575413 29.078283 1.000000
3819 55.292084 -50.948154 29.395721 1.000000
3820 50.465294 -52.276482 27.530178 1.000000
3821 51.824146 -51.252014 27.063202 1.000000
3822 49.362072 -51.583813 25.944859 1.000000
3823 48.388432 -50.746574 24.477959 1.000000
3916 47.801159 -60.215931 5.791053 1.000000
3917 51.150532 -61.346703 4.880319 1.000000
3947 58.328133 -25.811239 -13.000910 1.000000
4392 49.341797 -26.584820 -1.600762 1.000000
4393 51.230083 -24.782463 -2.302252 1.000000
4394 47.591572 -25.552568 -3.003380 1.000000
4396 44.978477 -26.536350 -4.571384 1.000000
4397 44.085213 -34.817726 -0.578412 1.000000
4398 44.537384 -32.213661 -0.346367 1.000000
4399 44.314781 -34.428474 -2.772275 1.000000
4400 49.931671 -34.240803 -7.800708 1.000000
4401 46.534481 -33.174046 -6.747012 1.000000
4402 48.414207 -32.229591 -8.395619 1.000000
4403 47.036385 -30.075220 -8.970501 1.000000
4404 50.723846 -31.005810 -9.691071 1.000000
4405 53.208607 -29.487900 -10.954126 1.000000
4406 54.817467 -31.201893 -10.004972 1.000000
4407 62.742950 -34.001080 -8.159433 1.000000
4408 62.294807 -31.676794 -9.642752 1.000000
5219 45.449837 -47.422062 11.630167 1.000000
5220 47.513706 -48.155464 9.418367 1.000000
5221 46.644577 -49.306446 10.930880 1.000000
5222 48.350197 -53.060345 12.857180 1.000000
5223 49.579521 -52.412159 10.999544 1.000000
5224 51.237213 -54.140614 11.609556 1.000000
5225 53.590363 -55.233593 10.661545 1.000000
5226 52.696156 -55.897869 12.030652 1.000000
5227 44.682575 -54.988087 20.838434 1.000000
5228 44.849823 -54.663086 18.829327 1.000000
5229 46.409931 -55.961761 18.829502 1.000000
5230 47.348351 -57.448231 14.516055 1.000000
5231 50.123596 -57.662842 14.627020 1.000000
5232 48.202446 -57.041248 12.496730 1.000000
5233 49.758114 -56.955853 10.893490 1.000000
5234 47.102287 -56.676750 9.898193 1.000000
5235 46.958790 -57.188068 7.540050 1.000000
5236 44.753788 -57.049480 9.539087 1.000000
5335 59.113232 -43.888042 21.337708 1.000000
5336 60.747272 -42.219933 20.622402 1.000000
5337 59.588268 -43.021889 19.441463 1.000000
5338 59.916626 -42.178886 17.590565 1.000000
5339 58.408226 -43.525017 18.499760 1.000000
5340 53.300823 -47.889957 26.063232 1.000000
5341 53.396370 -46.528740 25.495499 1.000000
5342 52.689117 -46.917736 24.164993 1.000000
5343 52.090637 -45.744373 19.045410 1.000000
5344 53.167591 -45.524254 20.135811 1.000000
5345 53.431313 -44.650776 18.290623 1.000000
5346 55.167431 -43.780735 17.354013 1.000000
5347 53.199902 -43.712738 16.911341 1.000000
5348 52.865349 -42.539169 15.491705 1.000000
5349 50.767651 -43.707222 16.384893 1.000000
5350 44.788902 -46.437508 14.977255 1.000000
5351 45.875172 -44.411713 15.010968 1.000000
5352 44.875622 -45.826172 13.436951 1.000000
5353 44.833969 -44.751942 11.944494 1.000000
5404 65.654907 -28.493109 1.716354 1.000000
5405 62.726646 -28.676752 1.129289 1.000000
5406 63.861137 -30.245581 2.028700 1.000000
5410 60.769295 -35.729130 7.200475 1.000000
5411 62.871681 -34.436661 6.619404 1.000000
5412 60.400017 -34.049034 5.558389 1.000000
5413 59.558929 -32.529991 4.099990 1.000000
5414 57.156384 -33.919212 5.212913 1.000000
5415 53.935982 -34.113270 4.966079 1.000000
5416 54.932026 -35.367348 6.108455 1.000000
5417 51.911903 -38.455383 10.417244 1.000000
5418 51.009083 -37.775364 8.483377 1.000000
5419 49.169247 -38.661793 10.130558 1.000000
5420 46.671364 -39.192272 9.606161 1.000000
5421 47.342632 -39.981976 11.426743 1.000000
5626 52.557442 -49.026924 6.419137 1.000000
5627 51.971722 -47.095909 4.881305 1.000000
5628 54.300995 -49.071724 5.328565 1.000000
5629 59.972374 -50.545788 4.428608 1.000000
5630 57.970501 -48.478596 3.245391 1.000000
5631 60.124249 -47.654282 2.514912 1.000000
5632 59.236336 -45.535011 0.771157 1.000000
5633 62.062855 -46.865196 1.697174 1.000000
5637 60.980976 -48.571190 -3.733308 1.000000
5847 45.124359 -38.585964 5.739314 1.000000
5848 44.457760 -39.116005 3.819913 1.000000
5849 44.870392 -41.022320 4.338637 1.000000
5850 46.795799 -42.858223 3.091865 1.000000
5851 49.937248 -43.753868 2.209136 1.000000
6011 48.942364 -53.120647 28.867340 1.000000
6012 46.060535 -53.555023 28.182291 1.000000
6015 46.047295 -58.047966 29.593700 1.000000
6035 54.741772 -51.781654 30.112873 1.000000
6036 53.687916 -52.487549 30.398340 1.000000
6037 51.409340 -52.799400 29.284313 1.000000
6378 59.545330 -25.217016 0.279657 1.000000
6379 57.316883 -24.603916 -0.819656 1.000000
6380 55.458992 -26.284397 0.062233 1.000000
6381 51.344353 -27.243143 -0.203717 1.000000
6382 47.364769 -28.169872 -0.846174 1.000000
6383 47.581551 -38.352997 -3.850986 1.000000
6384 46.204475 -36.204147 -4.522870 1.000000
6385 49.436954 -37.248817 -5.275941 1.000000
6386 51.654285 -36.056675 -6.746710 1.000000
6387 53.956642 -34.725044 -8.482500 1.000000
6388 56.400352 -33.076530 -9.700693 1.000000
6389 57.561470 -35.150303 -8.050280 1.000000
6390 60.733925 -35.615383 -7.323286 1.000000
6391 63.639973 -36.158058 -6.954112 1.000000
6875 44.143223 -48.604801 14.829854 1.000000
6876 45.582909 -50.022316 12.610594 1.000000
6877 44.529907 -50.390064 14.469070 1.000000
6878 45.635811 -52.127357 14.452669 1.000000
6879 46.942272 -53.588390 14.741102 1.000000
6880 48.226536 -58.045601 20.295372 1.000000
6881 48.382477 -57.324348 18.621111 1.000000
6882 50.094093 -58.815331 17.997028 1.000000
6884 44.736256 -57.616131 14.547734 1.000000
6885 43.047752 -57.463024 12.059721 1.000000
6886 42.255978 -57.888233 14.939116 1.000000
6943 58.960571 -40.928040 26.205021 1.000000
6944 60.125099 -41.086216 24.132481 1.000000
6945 58.764519 -42.774895 24.664911 1.000000
6946 58.375721 -43.919716 23.688103 1.000000
6947 57.086895 -44.369251 22.835276 1.000000
6948 51.194294 -48.262001 23.680597 1.000000
6949 52.001396 -47.157982 22.860838 1.000000
6950 50.854843 -47.315544 21.904516 1.000000
6951 50.411720 -46.458633 20.149822 1.000000
6952 49.606987 -45.561684 18.271957 1.000000
6953 48.737007 -44.672447 16.947495 1.000000
6954 46.849094 -45.944691 17.619902 1.000000
6955 44.930645 -46.806236 16.469568 1.000000
6990 62.612080 -36.455315 10.530065 1.000000
6991 60.750969 -36.846962 9.196390 1.000000
6992 58.394367 -36.964558 7.963474 1.000000
6993 55.632336 -36.784851 7.245111 1.000000
6994 56.523926 -37.780128 9.259634 1.000000
6995 54.574574 -38.484344 10.747844 1.000000
6996 52.605865 -39.540810 12.269117 1.000000
7120 56.088642 -53.014965 7.835721 1.000000
7121 56.404846 -50.913712 6.089003 1.000000
7122 57.967010 -53.072243 6.788302 1.000000
7123 59.381256 -53.107399 5.670673 1.000000
7124 60.481041 -52.897686 4.169915 1.000000
7125 55.614544 -55.848675 -0.893181 1.000000
7126 58.015480 -54.690453 -0.270521 1.000000
7127 57.212872 -52.923393 -2.717294 1.000000
7128 58.791859 -50.539001 -4.273326 1.000000
7129 60.274048 -47.596855 -5.253985 1.000000
7131 58.737770 -46.512108 -6.472960 1.000000
7132 57.045105 -45.375507 -7.771613 1.000000
7401 51.090851 -32.925743 1.930598 1.000000
7402 49.116180 -31.689789 1.838011 1.000000
7403 47.394924 -33.566238 2.136956 1.000000
7404 44.720871 -34.997169 1.307702 1.000000
7405 44.401562 -37.277813 -0.659724 1.000000
7406 44.472820 -39.629784 1.648326 1.000000
7407 45.096001 -39.725914 -0.495517 1.000000
7408 46.187668 -39.243336 -2.403261 1.000000
7409 49.370430 -40.512627 -3.333141 1.000000
7410 53.021065 -41.295998 -3.977376 1.000000
7411 57.009655 -42.024479 -4.148983 1.000000
7787 44.780064 -50.107666 22.507217 1.000000
7788 43.292671 -51.353699 20.835526 1.000000
7789 43.432133 -51.920799 22.854239 1.000000
7790 43.552376 -53.869286 22.748608 1.000000
7791 44.565247 -55.518150 22.466320 1.000000
7792 44.273598 -54.956860 26.529196 1.000000
7793 44.801857 -56.238182 24.211868 1.000000
7794 46.145660 -57.208893 22.319834 1.000000
7795 48.299610 -58.709034 22.055103 1.000000
7796 51.084419 -60.173927 21.321188 1.000000
7840 53.597649 -46.568653 30.143055 1.000000
7841 54.315968 -46.479057 28.402164 1.000000
7842 54.635426 -48.198734 28.946613 1.000000
7843 54.231712 -48.899792 27.631968 1.000000
7844 53.391376 -49.283955 26.316370 1.000000
7845 53.749126 -51.270912 28.309443 1.000000
7846 52.788654 -50.351768 26.576605 1.000000
7847 51.931202 -49.323872 25.160246 1.000000
7848 49.832520 -49.267899 24.143902 1.000000
7849 47.370518 -49.646545 23.093712 1.000000
7880 62.791840 -39.433434 14.011971 1.000000
7881 61.022469 -40.536716 14.798447 1.000000
7978 51.870186 -58.903656 5.309300 1.000000
7979 54.880566 -59.251350 4.840791 1.000000
7980 53.240448 -60.663910 4.737500 1.000000
7985 53.885185 -58.466602 1.181041 1.000000
7986 53.455894 -56.419579 -1.086119 1.000000
7987 53.230751 -56.175049 -3.061629 1.000000
8021 49.725311 -25.722055 -12.078321 1.000000
8593 45.429043 -25.358448 -9.264860 1.000000
8594 47.262016 -30.716766 1.085146 1.000000
8595 45.731380 -30.050842 -0.345344 1.000000
8596 44.743793 -29.426727 -2.249493 1.000000
8597 45.194225 -33.890572 -4.870439 1.000000
8598 44.463966 -31.396912 -4.863542 1.000000
8599 44.271080 -28.858509 -4.727167 1.000000
8600 44.799583 -28.338989 -7.123538 1.000000
8601 46.068024 -27.776279 -9.198648 1.000000
8602 47.741985 -26.893070 -10.867891 1.000000
8603 51.407860 -27.602478 -11.801322 1.000000
8604 55.717152 -27.763702 -12.134665 1.000000
8605 60.088814 -27.923771 -11.813102 1.000000
8606 58.900928 -31.351391 -10.333493 1.000000
8607 61.558937 -29.552027 -10.664698 1.000000
9593 46.107330 -44.897690 8.685460 1.000000
9594 48.258965 -45.617928 6.699191 1.000000
9595 47.994995 -46.666241 7.878915 1.000000
9596 49.986111 -48.458828 7.746240 1.000000
9597 51.814148 -50.330761 7.901924 1.000000
9598 48.029766 -50.816978 10.819992 1.000000
9599 50.791138 -51.445812 9.403347 1.000000
9600 53.541893 -52.150707 8.541116 1.000000
9601 54.761127 -54.134632 9.268714 1.000000
9602 54.968666 -56.023384 9.432635 1.000000
9603 53.734398 -57.026085 8.768042 1.000000
9604 43.670647 -53.084492 18.777838 1.000000
9605 45.674229 -54.052269 16.699818 1.000000
9606 48.529018 -54.939075 15.076663 1.000000
9607 49.080784 -56.698193 16.852373 1.000000
9608 50.146847 -56.433372 15.220819 1.000000
9609 51.469971 -56.327301 13.591847 1.000000
9610 52.586071 -57.276379 11.872192 1.000000
9611 51.834969 -57.045006 9.727354 1.000000
9612 51.557716 -57.073296 7.024524 1.000000
9613 49.356342 -57.929005 6.081856 1.000000
9614 47.163918 -58.721729 6.371104 1.000000
9616 42.430920 -57.931438 9.838045 1.000000
9735 61.603931 -40.594135 17.294373 1.000000
9736 60.563190 -41.571369 16.183100 1.000000
9737 59.164360 -41.606983 15.597092 1.000000
9738 54.511589 -45.658714 26.740711 1.000000
9739 54.678028 -44.829861 24.654367 1.000000
9740 55.387428 -44.796394 22.204830 1.000000
9741 52.633160 -46.000931 22.153728 1.000000
9742 54.173992 -45.303383 21.310539 1.000000
9743 56.198456 -44.481815 19.959282 1.000000
9744 56.770851 -43.740387 17.922306 1.000000
9745 57.245659 -42.607578 16.418865 1.000000
9746 57.203289 -41.155006 15.062343 1.000000
9747 55.145912 -41.121078 14.459908 1.000000
9748 52.598122 -41.081978 13.914813 1.000000
9749 49.851372 -41.069172 13.486163 1.000000
9750 48.011688 -43.755562 15.843390 1.000000
9751 47.609585 -42.683033 14.503797 1.000000
9752 47.370369 -41.350883 12.963567 1.000000
9753 45.509693 -42.058208 11.958055 1.000000
9754 44.946663 -43.548393 10.413817 1.000000
9755 44.948086 -42.435326 8.877528 1.000000
9816 62.977501 -24.837078 0.533790 1.000000
9817 61.201038 -26.993383 0.898366 1.000000
9818 59.176636 -29.056433 0.865754 1.000000
9819 56.951683 -30.993067 1.067962 1.000000
9823 64.740868 -34.535797 7.995474 1.000000
9824 64.958969 -33.103901 6.017396 1.000000
9825 64.631264 -31.605000 3.819665 1.000000
9826 61.783577 -31.538296 2.857645 1.000000
9827 58.307293 -31.972769 2.291978 1.000000
9828 54.662586 -32.656731 2.027466 1.000000
9829 52.634880 -33.684685 3.299969 1.000000
9830 50.660629 -34.621067 4.695951 1.000000
9831 48.846600 -35.856285 5.707154 1.000000
9832 52.784637 -36.745060 7.054271 1.000000
9833 49.963623 -36.964928 6.955682 1.000000
9834 47.190117 -37.376007 6.640704 1.000000
9835 45.892231 -38.871323 7.718015 1.000000
9836 45.065697 -40.547760 8.432747 1.000000
10081 49.739906 -45.491779 5.386281 1.000000
10082 51.308392 -45.147736 4.137974 1.000000
10083 52.920837 -44.558083 2.852123 1.000000
10084 56.096107 -48.892570 4.223376 1.000000
10085 55.587841 -46.333466 2.959420 1.000000
10086 54.659283 -44.392895 1.250045 1.000000
10087 56.315819 -44.481609 -0.526575 1.000000
10088 58.155334 -44.086712 -1.952494 1.000000
10089 60.311241 -43.137985 -3.190380 1.000000
10090 58.029278 -58.197510 4.278737 1.000000
10091 59.875294 -55.552197 3.283313 1.000000
10092 61.832520 -52.390900 2.448235 1.000000
10093 60.380505 -53.409142 -0.209814 1.000000
10095 63.298119 -48.962780 1.945139 1.000000
10096 63.814392 -45.855724 0.298989 1.000000
10097 63.307518 -43.790321 -2.000167 1.000000
10098 62.404335 -41.838318 -4.088975 1.000000
10099 63.811310 -40.398571 -4.868028 1.000000
10289 45.448456 -43.114437 7.012459 1.000000
10290 45.861145 -43.238525 6.109625 1.000000
10291 46.565533 -43.997692 6.402719 1.000000
10584 54.423267 -30.172140 1.323753 1.000000
10585 53.440838 -29.494720 1.387450 1.000000
10586 52.286163 -30.404135 1.606352 1.000000
10587 56.874004 -40.420746 -5.015517 1.000000
10588 55.932579 -39.297832 -5.346801 1.000000
10589 57.854454 -39.725334 -5.375695 1.000000
10590 58.761738 -38.920616 -5.653159 1.000000
10591 59.840923 -40.205299 -5.290191 1.000000
10859 44.028545 -49.141556 19.787937 1.000000
10860 43.373390 -49.967632 18.724340 1.000000
10861 43.508003 -50.146652 19.740063 1.000000
10893 53.001038 -44.504089 30.169674 1.000000
10895 53.680908 -43.436581 29.665165 1.000000
10896 54.527626 -42.637440 29.068615 1.000000
10897 54.615753 -43.599052 28.561230 1.000000
10898 55.544086 -43.849323 27.665844 1.000000
10899 54.696552 -44.508686 28.281214 1.000000
10900 45.295715 -48.869701 21.175264 1.000000
10901 46.228432 -48.044655 20.661499 1.000000
10902 44.973366 -48.547916 20.288883 1.000000
10903 44.705986 -48.242294 19.330601 1.000000
10920 61.891144 -30.094156 8.159342 1.000000
10922 60.194450 -39.327011 13.474759 1.000000
10923 60.000134 -38.501545 12.595026 1.000000
10924 59.227043 -39.137009 13.047076 1.000000
10925 58.328651 -39.032070 12.658293 1.000000
10926 58.409752 -39.748367 13.692563 1.000000
10996 54.697338 -57.160229 6.885268 1.000000
10997 55.985329 -56.929790 6.603658 1.000000
10998 55.078224 -57.526375 5.812219 1.000000
10999 54.161438 -54.243553 -4.759104 1.000000
11000 54.830383 -52.980030 -4.750424 1.000000
11001 54.234844 -52.678612 -5.360562 1.000000
11002 54.396942 -51.016060 -6.084998 1.000000
11003 53.782936 -52.487244 -6.186057 1.000000
11184 46.885044 -35.982445 4.720645 1.000000
11185 46.106739 -36.029846 3.989290 1.000000
11186 45.471523 -36.888882 4.272582 1.000000
11187 49.691414 -43.257854 0.617361 1.000000
11188 48.796570 -42.850677 -0.011189 1.000000
11189 50.464436 -43.222546 -0.369626 1.000000
11190 51.354542 -43.124306 -1.235495 1.000000
11191 52.343445 -43.604889 -0.498547 1.000000
11459 47.367378 -52.157513 26.472153 1.000000
11460 45.819473 -52.347828 26.181629 1.000000
11461 46.450184 -52.598980 26.856785 1.000000
11462 46.285576 -58.595055 27.403193 1.000000
11463 46.063454 -58.289696 26.527964 1.000000
11464 47.026150 -59.033997 26.203619 1.000000
11465 47.887459 -59.438515 25.140810 1.000000
11497 56.290535 -50.480877 30.938715 1.000000
11498 55.958351 -50.456936 29.990601 1.000000
11499 55.807392 -51.164364 30.341557 1.000000
11500 49.167328 -52.397270 27.295324 1.000000
11501 49.949055 -51.962273 26.712589 1.000000
11502 48.607929 -52.057293 26.481716 1.000000
11503 48.030384 -51.707226 25.717966 1.000000
12072 47.541801 -26.931335 -1.935535 1.000000
12073 48.464760 -26.111835 -2.308434 1.000000
12074 46.715096 -26.456711 -2.756211 1.000000
12075 46.060432 -25.944824 -3.648117 1.000000
12076 45.354343 -26.943054 -3.492398 1.000000
12077 44.289536 -35.968163 -1.771525 1.000000
12078 44.122581 -34.618767 -1.695046 1.000000
12079 44.594521 -35.697216 -2.821843 1.000000
12080 51.145473 -33.597496 -8.495797 1.000000
12081 49.141655 -33.226532 -8.091660 1.000000
12082 50.340969 -32.633198 -8.732421 1.000000
12083 49.443085 -31.648144 -9.050689 1.000000
12084 51.571747 -31.915527 -9.334335 1.000000
12085 52.755898 -31.157085 -9.827059 1.000000
12086 53.617096 -32.011986 -9.617231 1.000000
12088 63.802696 -33.148766 -8.437531 1.000000
12899 45.154297 -47.836746 12.373117 1.000000
12900 45.995872 -48.439953 11.168730 1.000000
12901 45.522346 -48.738510 12.027730 1.000000
12902 49.130119 -53.853935 13.111676 1.000000
12903 49.818172 -53.608795 12.230433 1.000000
12904 50.598812 -54.439125 12.453768 1.000000
12905 52.032246 -55.052589 11.874148 1.000000
12906 51.449303 -55.284325 12.640446 1.000000
12907 45.362877 -55.668468 20.810812 1.000000
12908 45.382496 -55.519176 19.874847 1.000000
12909 46.245880 -56.180950 19.732122 1.000000
12910 46.313564 -57.197937 13.365030 1.000000
12911 47.653816 -57.190685 13.450604 1.000000
12912 46.817993 -56.913940 12.262692 1.000000
12913 47.474693 -56.848682 11.195751 1.000000
12914 46.222389 -56.824535 10.952257 1.000000
12915 45.909290 -56.762341 9.636077 1.000000
12916 45.004482 -56.967449 10.765570 1.000000
13015 58.453053 -44.033516 20.952496 1.000000
13016 59.360107 -43.492607 20.284166 1.000000
13017 58.748821 -43.653542 19.923578 1.000000
13018 59.036022 -43.202007 18.971283 1.000000
13019 58.073353 -43.890190 19.600760 1.000000
13020 53.028667 -48.071030 25.385813 1.000000
13021 52.939747 -47.382607 25.179470 1.000000
13022 52.588570 -47.542328 24.526604 1.000000
13023 51.799034 -45.152691 18.338024 1.000000
13024 52.793995 -45.178345 18.714426 1.000000
13025 52.538799 -44.688122 17.960350 1.000000
13026 53.281487 -44.210991 17.528469 1.000000
13027 52.302299 -44.246426 17.249924 1.000000
13028 52.133350 -43.735512 16.646526 1.000000
13029 51.055092 -44.227104 16.970142 1.000000
13030 44.596199 -47.320805 14.037555 1.000000
13031 44.818146 -46.205769 14.229550 1.000000
13032 44.768494 -47.039265 13.308368 1.000000
13033 44.974991 -46.646950 12.573702 1.000000
13085 64.880539 -29.433207 1.812171 1.000000
13086 65.209602 -30.204950 2.514822 1.000000
13090 59.337696 -35.572292 6.646213 1.000000
13091 60.578358 -34.909878 6.336045 1.000000
13092 59.139854 -34.743435 5.924585 1.000000
13093 58.858643 -34.027309 5.373458 1.000000
13094 57.594532 -34.716534 5.729588 1.000000
13095 56.083935 -34.610638 5.696039 1.000000
13096 56.466125 -35.412491 6.168453 1.000000
13097 50.909161 -38.968636 11.166954 1.000000
13098 50.536720 -38.499413 10.227124 1.000000
13099 49.479649 -39.075558 10.988333 1.000000
13100 48.220284 -39.248280 10.793584 1.000000
13101 48.599117 -39.758327 11.680721 1.000000
13306 53.632812 -50.009174 6.814928 1.000000
13307 53.439564 -49.045570 5.888568 1.000000
13308 54.529835 -50.009708 6.332360 1.000000
13309 60.996326 -50.204853 3.946524 1.000000
13310 60.190685 -49.087799 3.532830 1.000000
13311 61.183746 -48.656532 3.144873 1.000000
13312 61.073303 -47.261040 2.137447 1.000000
13313 62.101757 -48.260094 2.709219 1.000000
13584 44.911572 -39.485302 6.086931 1.000000
13585 44.662239 -39.798481 5.077553 1.000000
13586 44.750553 -40.744877 5.364786 1.000000
13587 47.059280 -43.339855 4.458035 1.000000
13588 46.282944 -42.758495 4.054114 1.000000
13589 47.654030 -43.415199 3.546857 1.000000
13590 48.304279 -43.409019 2.595203 1.000000
13591 49.255119 -43.796181 3.144774 1.000000
13860 47.907383 -53.530159 29.448938 1.000000
13865 45.739742 -57.033409 29.910685 1.000000
13901 51.739216 -52.985413 30.380365 1.000000
13902 50.530735 -53.170937 30.095600 1.000000
13903 50.172318 -52.974030 29.073706 1.000000
14469 58.725159 -26.247147 0.554362 1.000000
14470 57.544544 -25.781647 0.114400 1.000000
14471 56.571739 -26.710251 0.476280 1.000000
14472 51.318317 -28.415180 0.803930 1.000000
14473 52.378395 -27.568247 0.382083 1.000000
14474 50.249577 -28.034113 0.184431 1.000000
14475 49.263306 -27.730785 -0.482785 1.000000
14476 48.279919 -28.509115 -0.103807 1.000000
14477 49.266136 -38.863110 -4.272803 1.000000
14478 48.467236 -37.798485 -4.572391 1.000000
14479 50.200401 -38.291466 -4.871591 1.000000
14480 54.237587 -36.960991 -5.902068 1.000000
14481 52.367085 -36.826088 -5.989998 1.000000
14482 53.499512 -36.170288 -6.699043 1.000000
14483 52.817982 -35.467560 -7.665094 1.000000
14484 54.688427 -35.565285 -7.544960 1.000000
14485 55.808178 -34.907825 -8.380301 1.000000
14486 56.368713 -35.745277 -7.261293 1.000000
14487 60.487617 -37.273167 -6.215269 1.000000
14488 59.668499 -36.285698 -6.656989 1.000000
14489 61.394470 -36.617653 -6.640044 1.000000
14490 62.242516 -35.877449 -7.100942 1.000000
14491 62.964783 -36.903572 -6.542551 1.000000
15299 43.867275 -48.636379 15.800458 1.000000
15300 44.186897 -49.491802 14.641497 1.000000
15301 43.806515 -49.557365 15.637835 1.000000
15302 44.005188 -51.765728 16.473013 1.000000
15303 44.476738 -51.512184 15.415289 1.000000
15304 45.035419 -52.375652 15.439049 1.000000
15305 46.293213 -52.910423 14.594424 1.000000
15306 45.662231 -53.115307 15.548353 1.000000
15307 49.491333 -58.860252 19.967243 1.000000
15308 49.460030 -58.468891 19.143738 1.000000
15309 50.213795 -59.256359 18.750072 1.000000
15313 46.048164 -58.008575 15.610728 1.000000
15314 44.664742 -58.041004 15.739784 1.000000
15315 43.459698 -57.692005 14.738794 1.000000
15408 56.451843 -41.610394 28.061157 1.000000
15410 57.484375 -41.224495 27.781961 1.000000
15412 58.096138 -41.597878 26.192236 1.000000
15413 58.706841 -41.887947 25.176037 1.000000
15414 58.068993 -42.526085 25.579309 1.000000
15415 56.952019 -44.044128 25.566189 1.000000
15416 57.868694 -43.770721 24.782909 1.000000
15417 57.437553 -44.166683 24.433214 1.000000
15418 57.827599 -44.236191 23.218946 1.000000
15419 56.775780 -44.358639 24.068529 1.000000
15420 50.160370 -48.240112 23.224384 1.000000
15421 50.970669 -47.731312 22.806356 1.000000
15422 49.886303 -47.762325 22.420601 1.000000
15423 47.897545 -46.941223 20.119783 1.000000
15424 49.301926 -46.936653 20.617481 1.000000
15425 48.988735 -46.435959 19.760368 1.000000
15426 50.025223 -46.032917 19.235250 1.000000
15427 48.534634 -46.010986 18.867451 1.000000
15428 48.113152 -45.649002 17.966915 1.000000
15429 47.295200 -46.252335 18.426170 1.000000
15430 44.299767 -47.861767 17.503780 1.000000
15431 45.065372 -47.037876 17.331755 1.000000
15432 44.223656 -47.734161 16.568298 1.000000
15433 44.277184 -47.623375 15.686742 1.000000
15475 59.762562 -28.436024 6.779173 1.000000
15477 60.066883 -27.271393 6.242008 1.000000
15487 63.498833 -37.148224 12.288073 1.000000
15488 63.521168 -36.372341 11.327680 1.000000
15489 62.522919 -36.990047 11.605650 1.000000
15490 59.886261 -37.442829 10.655504 1.000000
15491 60.657906 -37.029377 10.267771 1.000000
15492 59.843201 -37.311840 9.628067 1.000000
15493 59.702080 -36.990406 8.572708 1.000000
15494 58.765099 -37.508781 9.060371 1.000000
15495 57.456890 -37.452423 8.535086 1.000000
15496 57.865650 -37.872295 9.678551 1.000000
15497 56.166725 -39.072548 12.078119 1.000000
15498 55.853180 -38.519051 10.994563 1.000000
15499 54.897316 -39.019623 11.796265 1.000000
15500 53.598774 -38.968624 11.517179 1.000000
15501 53.962975 -39.557964 12.483722 1.000000
15706 56.538513 -54.087288 8.162294 1.000000
15707 57.029613 -53.093578 7.286366 1.000000
15708 57.467072 -54.186401 7.570516 1.000000
15709 58.484783 -55.371208 5.760182 1.000000
15710 58.886719 -54.294147 6.173743 1.000000
15711 59.301674 -54.297070 5.314677 1.000000
15712 59.910736 -53.062309 4.942664 1.000000
15713 59.676758 -54.175159 4.483039 1.000000
15714 55.299957 -54.828987 -1.932816 1.000000
15715 56.382988 -54.248859 -1.622428 1.000000
15716 56.152660 -53.693367 -2.698606 1.000000
15717 57.076679 -50.731079 -4.870522 1.000000
15718 57.779591 -51.342609 -4.350204 1.000000
15719 58.253090 -49.981346 -4.795081 1.000000
15720 59.492321 -49.077721 -4.761304 1.000000
15721 58.917358 -48.575806 -5.343591 1.000000
15722 59.577324 -47.110588 -5.937240 1.000000
15723 58.096306 -48.119812 -5.978110 1.000000
15724 55.091412 -47.897194 -7.351248 1.000000
15725 56.446159 -46.948830 -7.162171 1.000000
15726 55.621735 -46.511982 -7.872100 1.000000
16269 50.143459 -33.706535 2.444064 1.000000
16270 49.126572 -33.197918 2.151251 1.000000
16271 48.282772 -33.975075 2.505338 1.000000
16272 44.850204 -36.189220 2.282171 1.000000
16273 45.313576 -35.177437 2.081992 1.000000
16274 44.440289 -36.155033 1.396658 1.000000
16275 44.228996 -36.123680 0.386171 1.000000
16276 44.270134 -37.379143 0.356128 1.000000
16277 44.608860 -40.392052 3.021571 1.000000
16278 44.385639 -39.406883 2.731755 1.000000
16279 44.821114 -40.659344 1.904876 1.000000
16280 47.041210 -41.560570 -0.869567 1.000000
16281 45.657326 -40.787788 -0.199434 1.000000
16282 46.256157 -40.650993 -1.216312 1.000000
16283 45.609684 -39.586048 -1.487990 1.000000
16284 46.944202 -40.335201 -2.117771 1.000000
16285 47.665840 -39.937408 -2.904386 1.000000
16286 48.526775 -40.905426 -2.560426 1.000000
16287 53.148811 -42.585625 -2.773941 1.000000
16288 52.148933 -41.767239 -3.312014 1.000000
16289 54.071815 -42.167793 -3.505424 1.000000
16290 54.986279 -41.622417 -4.131776 1.000000
16291 55.961311 -42.577248 -3.572267 1.000000
17099 45.053768 -50.542854 23.352865 1.000000
17100 43.949402 -50.909031 22.776993 1.000000
17101 44.223305 -51.308086 23.652889 1.000000
17102 43.768303 -53.452583 24.679958 1.000000
17103 43.503895 -53.194450 23.752148 1.000000
17104 43.654350 -54.153404 23.629837 1.000000
17105 43.942284 -54.695637 22.675333 1.000000
17106 44.016731 -55.018349 23.503712 1.000000
17107 45.350246 -54.537567 28.442905 1.000000
17108 44.870598 -54.184429 27.481775 1.000000
17109 44.600891 -55.311878 27.463654 1.000000
17110 45.750175 -57.503559 24.876469 1.000000
17111 44.945190 -56.652363 25.113413 1.000000
17112 45.560020 -57.175301 24.011175 1.000000
17113 45.385212 -56.793079 23.180920 1.000000
17114 46.264172 -57.620228 23.118399 1.000000
17115 47.129185 -58.058704 22.267715 1.000000
17116 47.236031 -58.456856 23.023441 1.000000
17117 49.951984 -60.187183 23.508730 1.000000
17118 49.888073 -59.785450 22.649704 1.000000
17119 51.181549 -60.602581 22.294233 1.000000
17208 54.517113 -48.314800 31.794012 1.000000
17210 53.789806 -47.523438 31.583338 1.000000
17212 54.082542 -47.445854 30.550816 1.000000
17213 54.297424 -47.365791 29.566278 1.000000
17214 54.779743 -48.254967 29.813656 1.000000
17215 54.841045 -50.070980 28.358082 1.000000
17216 54.777763 -49.320518 28.320312 1.000000
17217 54.315834 -49.601746 27.650736 1.000000
17218 53.803112 -49.112617 26.932520 1.000000
17219 53.838501 -49.723869 26.994076 1.000000
17220 53.812347 -51.944038 29.421021 1.000000
17221 54.204063 -51.513844 29.210133 1.000000
17222 53.316418 -51.628857 28.569113 1.000000
17223 51.283699 -50.776985 26.319065 1.000000
17224 52.302410 -50.742874 26.820404 1.000000
17225 51.818336 -50.285156 26.115219 1.000000
17226 52.349670 -49.863243 25.867218 1.000000
17227 51.403919 -49.783527 25.429071 1.000000
17228 50.990711 -49.302826 24.709179 1.000000
17229 50.294872 -49.789574 24.864813 1.000000
17230 46.971966 -50.857353 24.279188 1.000000
17231 47.876408 -50.202374 23.768379 1.000000
17232 46.491821 -50.361336 23.526646 1.000000
17233 46.030251 -49.815945 22.786674 1.000000
17299 62.613209 -39.911335 14.802177 1.000000
17300 61.877861 -40.046501 14.287788 1.000000
17301 61.785480 -40.585545 15.208206 1.000000
17506 50.882870 -59.412331 5.351446 1.000000
17507 52.558266 -59.833508 4.995932 1.000000
17508 51.565773 -60.228016 5.042974 1.000000
17509 51.709423 -62.213268 4.531526 1.000000
17510 52.770355 -61.973866 4.515431 1.000000
17519 51.836609 -59.475548 1.792430 1.000000
17520 52.982269 -59.637489 1.845142 1.000000
17521 52.761669 -58.469013 1.072452 1.000000
17522 53.644966 -57.315845 0.127836 1.000000
17523 52.631470 -57.510551 -0.024868 1.000000
17525 52.350231 -56.685486 -2.073948 1.000000
17527 53.346397 -56.404621 -3.643077 1.000000
17597 51.702492 -25.926138 -12.322576 1.000000
18932 55.343365 -25.177374 -0.950351 1.000000
18934 54.354271 -24.869394 -1.572945 1.000000
18942 45.214848 -25.100239 -5.672427 1.000000
18944 45.100052 -24.756889 -6.837507 1.000000
18946 45.037983 -25.665461 -8.166761 1.000000
18947 47.249443 -32.168816 1.665964 1.000000
18948 48.185402 -31.136013 1.562183 1.000000
18949 46.366886 -31.741587 1.181193 1.000000
18950 44.230217 -32.002617 -1.388465 1.000000
18951 45.063957 -31.069336 -0.298651 1.000000
18952 44.638126 -30.812124 -1.270694 1.000000
18953 45.184837 -29.690908 -1.292010 1.000000
18954 44.330284 -30.598522 -2.379347 1.000000
18955 46.968616 -35.779404 -5.384126 1.000000
18956 45.642372 -35.042236 -4.730295 1.000000
18957 46.324146 -34.711086 -5.622317 1.000000
18958 45.944847 -32.003117 -6.947903 1.000000
18959 45.297569 -32.341034 -5.950033 1.000000
18960 44.869804 -31.099091 -6.035960 1.000000
18961 44.278141 -30.125080 -4.823456 1.000000
18962 44.561806 -29.855377 -6.047578 1.000000
18963 44.439259 -28.619080 -5.992637 1.000000
18964 45.034878 -29.631664 -7.147779 1.000000
18965 48.028484 -29.620403 -9.821774 1.000000
18966 46.496147 -28.929163 -9.111219 1.000000
18967 47.408585 -28.518955 -9.988647 1.000000
18968 46.869694 -27.366917 -10.101819 1.000000
18969 48.339832 -28.014795 -10.722246 1.000000
18970 49.406143 -27.386438 -11.333468 1.000000
18971 50.209099 -28.366989 -11.243212 1.000000
18972 55.267387 -29.572926 -10.976597 1.000000
18973 54.395153 -28.648504 -11.592886 1.000000
18974 56.534473 -28.723278 -11.548676 1.000000
18975 57.864418 -27.860188 -12.020002 1.000000
18976 58.731110 -28.788427 -11.473976 1.000000
18977 58.282478 -33.312286 -9.599441 1.000000
18978 57.678661 -32.183636 -10.095753 1.000000
18979 59.436878 -32.396343 -9.927688 1.000000
18981 62.065117 -30.466976 -10.184258 1.000000
21419 45.987110 -45.582935 9.368414 1.000000
21420 46.966663 -45.823841 8.251519 1.000000
21421 46.802540 -46.508244 8.970906 1.000000
21422 48.354378 -49.055157 9.337687 1.000000
21423 48.692459 -48.296974 8.562481 1.000000
21424 49.634666 -49.166012 8.497195 1.000000
21425 50.925793 -49.317253 7.778514 1.000000
21426 50.470264 -50.077179 8.508272 1.000000
21427 46.141827 -50.713562 12.565163 1.000000
21428 46.716808 -50.414833 11.658312 1.000000
21429 47.404427 -51.129765 11.709579 1.000000
21430 50.998745 -52.869476 10.426320 1.000000
21431 50.133263 -51.901379 10.201629 1.000000
21432 51.567284 -52.319092 9.636168 1.000000
21433 52.199097 -51.793171 8.887617 1.000000
21434 52.996552 -52.642017 9.192308 1.000000
21435 54.263203 -53.115601 8.894995 1.000000
21436 53.592358 -53.622375 9.600995 1.000000
21437 53.886829 -56.105324 10.731779 1.000000
21438 54.367096 -55.629314 10.096519 1.000000
21439 54.317078 -56.484245 9.998133 1.000000
21440 54.583733 -56.776245 9.264812 1.000000
21441 53.764893 -56.995544 9.734659 1.000000
21442 43.216423 -52.356281 20.884552 1.000000
21443 43.265259 -52.243713 19.844851 1.000000
21444 43.584644 -53.186329 19.845610 1.000000
21445 45.946476 -55.064739 17.769787 1.000000
21446 45.203541 -54.344246 17.785084 1.000000
21447 46.442604 -54.766125 16.845642 1.000000
21448 47.034756 -54.445854 15.820093 1.000000
21449 47.909630 -55.170319 15.904704 1.000000
21450 49.589817 -57.651989 17.598457 1.000000
21451 48.668083 -56.969555 17.748722 1.000000
21452 49.892113 -57.412376 16.736158 1.000000
21453 50.443733 -57.519135 13.852313 1.000000
21454 50.702957 -57.101135 15.063162 1.000000
21455 51.154247 -57.096485 14.229990 1.000000
21456 50.728176 -56.373085 14.440445 1.000000
21457 51.793343 -57.043526 13.484167 1.000000
21458 52.410454 -56.971313 12.824018 1.000000
21459 51.781261 -57.387524 12.533285 1.000000
21460 49.385517 -56.742695 9.625326 1.000000
21461 50.782597 -56.982368 10.313251 1.000000
21462 50.488392 -56.751057 8.972509 1.000000
21463 51.605145 -56.891693 8.518819 1.000000
21464 50.309395 -56.828896 7.587854 1.000000
21465 50.347324 -57.432686 6.359649 1.000000
21466 49.183811 -57.109016 6.985641 1.000000
21467 45.845589 -57.550365 7.592845 1.000000
21468 46.984489 -57.894951 6.817729 1.000000
21469 45.917099 -58.297890 7.026774 1.000000
21470 46.139275 -59.083107 6.624407 1.000000
21472 41.905369 -57.788158 12.223391 1.000000
21473 42.574455 -57.557678 10.880954 1.000000
21474 41.472214 -58.060291 11.109911 1.000000
21765 60.124504 -42.062340 23.447697 1.000000
21766 60.834190 -41.022442 23.291454 1.000000
21767 60.682667 -41.846905 22.473454 1.000000
21768 60.991943 -41.864410 19.780432 1.000000
21769 61.535778 -41.234489 20.616503 1.000000
21770 61.796547 -40.893394 19.868231 1.000000
21772 62.000328 -40.491524 19.060892 1.000000
21773 62.268017 -40.073997 18.188980 1.000000
21774 61.323875 -40.946213 18.186995 1.000000
21775 59.449078 -42.587318 17.151264 1.000000
21776 60.199516 -41.856503 16.862011 1.000000
21777 59.719704 -42.197029 16.442509 1.000000
21778 59.904015 -41.667343 15.858838 1.000000
21779 59.051716 -42.225262 16.161554 1.000000
21780 54.299873 -47.199005 27.814072 1.000000
21781 54.463654 -46.182903 27.608084 1.000000
21782 54.029999 -46.757698 26.987360 1.000000
21783 53.279259 -46.017517 24.581343 1.000000
21784 53.806988 -45.548393 25.251434 1.000000
21785 53.934578 -45.214725 24.132713 1.000000
21786 54.938038 -44.752987 23.420191 1.000000
21787 54.278728 -45.130272 22.941217 1.000000
21788 51.919121 -46.704094 21.978855 1.000000
21789 52.228535 -46.543713 22.537827 1.000000
21790 52.417439 -46.208847 21.611156 1.000000
21791 53.976616 -45.007984 19.681265 1.000000
21792 53.647118 -45.378357 20.751087 1.000000
21793 54.602856 -44.957218 20.164082 1.000000
21794 55.229725 -44.898479 20.644691 1.000000
21795 55.535797 -44.537003 19.516026 1.000000
21796 56.505562 -44.087769 18.919075 1.000000
21797 55.746590 -44.142677 18.593407 1.000000
21798 55.194447 -43.116745 16.697145 1.000000
21799 56.174416 -43.170086 16.918530 1.000000
21800 56.214527 -42.494450 16.203575 1.000000
21801 57.193645 -41.897400 15.825398 1.000000
21802 56.219887 -41.779884 15.500308 1.000000
21803 56.179035 -41.044910 14.760725 1.000000
21804 55.162159 -41.813469 15.211078 1.000000
21805 51.544128 -42.478584 15.271032 1.000000
21806 52.711769 -41.830654 14.682485 1.000000
21807 51.328022 -41.778858 14.496553 1.000000
21808 51.197121 -41.013668 13.693464 1.000000
21809 49.925240 -41.784554 14.251785 1.000000
21810 47.396782 -44.891701 16.667521 1.000000
21811 48.320480 -44.213829 16.402416 1.000000
21812 47.123714 -44.468300 16.129164 1.000000
21813 45.767803 -43.860519 14.310397 1.000000
21814 46.726223 -43.463589 14.798523 1.000000
21815 46.520691 -42.903347 14.084926 1.000000
21816 47.451382 -42.047493 13.719816 1.000000
21817 46.383781 -42.293602 13.332634 1.000000
21818 46.319641 -41.637501 12.588091 1.000000
21819 45.531528 -42.751507 12.750648 1.000000
21820 45.167667 -45.521740 10.998395 1.000000
21821 44.897522 -44.118778 11.224112 1.000000
21822 45.289124 -44.961540 10.182528 1.000000
21823 45.356075 -44.298901 9.463547 1.000000
21972 65.231445 -25.545893 1.013330 1.000000
21974 63.804729 -25.740269 0.786837 1.000000
21975 62.159088 -25.881836 0.715667 1.000000
21976 62.936687 -26.888275 0.922099 1.000000
21977 61.640270 -29.642414 1.128908 1.000000
21978 60.993969 -28.860302 0.915890 1.000000
21979 59.911491 -29.844666 0.944760 1.000000
21980 58.059826 -30.037716 0.887784 1.000000
21981 58.800903 -30.751871 1.125755 1.000000
21990 63.645763 -35.620232 9.176414 1.000000
21991 64.591019 -34.963223 9.111285 1.000000
21992 63.804108 -35.204288 8.221341 1.000000
21993 62.711926 -33.543148 5.739833 1.000000
21994 63.873657 -33.742180 6.305781 1.000000
21995 63.801941 -32.890472 5.400503 1.000000
21996 64.837364 -32.291420 4.935522 1.000000
21997 63.641346 -32.179420 4.340312 1.000000
21998 63.418541 -31.577358 3.284114 1.000000
21999 62.302391 -32.131416 3.769824 1.000000
22000 57.802757 -32.691914 3.847822 1.000000
22001 58.911549 -32.147816 3.219992 1.000000
22002 57.146221 -32.470787 2.981902 1.000000
22003 56.464905 -32.336220 2.149296 1.000000
22004 55.348145 -32.854401 2.796491 1.000000
22005 53.590782 -33.209694 2.594630 1.000000
22006 54.337059 -33.307308 3.469605 1.000000
22007 52.876625 -34.795647 5.536547 1.000000
22008 52.340340 -34.353050 4.840432 1.000000
22009 51.270805 -34.954292 5.418878 1.000000
22010 49.705360 -35.178917 5.209885 1.000000
22011 50.351082 -35.639816 5.905114 1.000000
22012 54.666584 -37.323479 7.921341 1.000000
22013 54.273579 -36.740295 7.099275 1.000000
22014 53.291740 -37.322922 7.779630 1.000000
22015 49.646595 -37.897339 8.412596 1.000000
22016 50.561821 -37.456383 7.641805 1.000000
22017 49.087715 -37.650978 7.565714 1.000000
22018 48.547134 -37.113453 6.832262 1.000000
22019 47.733089 -37.807762 7.480310 1.000000
22020 46.497486 -38.166958 7.186952 1.000000
22021 46.959698 -38.380798 8.107205 1.000000
22022 45.987209 -39.937214 10.084220 1.000000
22023 45.722343 -39.750267 9.067817 1.000000
22024 45.238148 -40.586586 9.467405 1.000000
22025 44.884186 -41.421265 8.714372 1.000000
22026 44.961658 -41.573639 9.753997 1.000000
22636 49.394794 -46.428558 6.384566 1.000000
22637 48.968811 -45.593613 6.020477 1.000000
22638 50.106964 -46.390522 5.714010 1.000000
22639 52.922691 -47.032402 4.253623 1.000000
22640 51.765503 -46.199280 4.485414 1.000000
22641 52.646442 -45.981121 3.898408 1.000000
22642 52.115917 -44.849396 3.510451 1.000000
22643 53.432789 -45.719601 3.549738 1.000000
22644 57.261517 -50.877552 5.512035 1.000000
22645 56.310619 -49.891689 5.219161 1.000000
22646 57.149666 -49.854988 4.789027 1.000000
22647 57.842079 -47.050285 2.518428 1.000000
22648 56.789581 -47.376884 2.930533 1.000000
22649 56.536854 -46.127201 2.431089 1.000000
22650 55.320557 -45.211098 2.363108 1.000000
22651 56.159210 -45.043224 1.625110 1.000000
22652 55.547260 -44.486656 0.314625 1.000000
22653 56.969261 -44.934826 0.867133 1.000000
22654 60.193989 -45.332439 0.067980 1.000000
22655 58.735424 -44.799736 -0.611305 1.000000
22656 59.712017 -44.490135 -1.305008 1.000000
22657 59.198681 -43.661961 -2.562220 1.000000
22658 60.746117 -44.046158 -1.905720 1.000000
22659 55.645794 -59.965424 4.478747 1.000000
22660 56.496735 -58.904457 4.584484 1.000000
22661 57.328514 -59.520485 4.260728 1.000000
22665 60.769592 -54.015846 2.735646 1.000000
22667 58.765053 -53.023590 -1.360115 1.000000
22668 59.285553 -54.099724 -0.202856 1.000000
22669 59.920277 -52.404121 -1.177737 1.000000
22672 62.999290 -49.449558 0.343727 1.000000
22673 62.902428 -50.094288 1.363337 1.000000
22674 63.636818 -48.388470 0.927198 1.000000
22675 63.725136 -47.248112 1.235169 1.000000
22676 64.229843 -46.748150 0.203589 1.000000
22678 64.255959 -44.248062 -1.807730 1.000000
22679 64.141808 -43.212940 -2.726310 1.000000
22680 62.985851 -42.829475 -3.136180 1.000000
22681 63.851921 -42.185009 -3.590087 1.000000
22682 63.152527 -41.184471 -4.376027 1.000000
23127 44.808113 -41.307793 6.602376 1.000000
23128 44.984840 -41.609985 5.630355 1.000000
23129 45.357353 -42.476379 5.858512 1.000000
23130 46.458645 -43.320499 5.267350 1.000000
23131 47.807384 -43.947975 4.870683 1.000000
23658 56.624226 -28.280994 1.013165 1.000000
23659 55.630150 -27.666601 0.850537 1.000000
23660 54.537682 -28.617331 1.135474 1.000000
23661 52.383739 -28.860760 1.222170 1.000000
23662 50.306293 -29.263977 1.148573 1.000000
23663 52.947548 -39.767941 -4.813712 1.000000
23664 52.046253 -38.677227 -5.100317 1.000000
23665 53.982372 -38.919071 -5.239678 1.000000
23666 55.032570 -38.093941 -5.528030 1.000000
23667 56.068737 -37.339397 -5.862687 1.000000
23668 57.043915 -36.583237 -6.331747 1.000000
23669 57.809776 -37.707367 -5.912888 1.000000
23670 59.689007 -38.052376 -5.999473 1.000000
23671 61.531567 -38.498959 -5.964767 1.000000
24155 43.685131 -48.795380 17.790890 1.000000
24156 43.459278 -49.682293 16.684008 1.000000
24157 43.352768 -49.842796 17.683613 1.000000
24158 43.354813 -50.903160 17.650042 1.000000
24159 43.602184 -51.917122 17.606998 1.000000
24222 55.466072 -42.094822 28.510706 1.000000
24223 56.438683 -42.548714 27.100821 1.000000
24224 57.365974 -42.979134 26.119823 1.000000
24225 56.446453 -43.345276 26.871897 1.000000
24226 56.295258 -44.009819 26.656067 1.000000
24227 55.972858 -44.476467 26.425831 1.000000
24228 47.767456 -48.395699 22.190060 1.000000
24229 48.649254 -47.877426 21.923182 1.000000
24230 47.381802 -47.877094 21.352922 1.000000
24231 47.024860 -47.421772 20.489666 1.000000
24232 46.706585 -47.121155 19.536655 1.000000
24233 46.393890 -46.865730 18.674768 1.000000
24234 45.537956 -47.491802 18.925491 1.000000
24235 44.430111 -48.035244 18.374537 1.000000
24262 59.350227 -29.509533 7.729591 1.000000
24263 61.177410 -28.848026 6.886223 1.000000
24265 62.212627 -29.315994 7.167158 1.000000
24268 61.770683 -38.317661 12.792116 1.000000
24269 61.625225 -37.504902 11.856917 1.000000
24270 60.704578 -37.990486 12.214926 1.000000
24271 59.941750 -37.890266 11.638544 1.000000
24272 59.045052 -38.026588 11.116193 1.000000
24273 58.069275 -38.109684 10.664156 1.000000
24274 58.230110 -38.522896 11.662714 1.000000
24275 57.288105 -39.021862 12.333005 1.000000
24276 56.460579 -39.643776 13.093122 1.000000
24400 56.350533 -56.024059 8.158717 1.000000
24401 57.448742 -55.257324 7.591164 1.000000
24402 56.869598 -56.171112 7.300236 1.000000
24403 57.337105 -56.269970 6.260135 1.000000
24404 57.959862 -56.428234 5.217395 1.000000
24405 54.864216 -54.487995 -3.714519 1.000000
24406 55.836906 -53.544029 -3.541167 1.000000
24407 55.356220 -53.214500 -4.149913 1.000000
24408 55.795753 -51.723778 -4.798860 1.000000
24409 56.270855 -50.186432 -5.342734 1.000000
24410 56.666687 -48.787590 -5.886194 1.000000
24411 55.449196 -49.726639 -5.974733 1.000000
24412 54.651344 -49.403492 -6.760434 1.000000
24738 48.460136 -34.753563 3.609821 1.000000
24739 47.510616 -34.680305 2.969381 1.000000
24740 46.787586 -35.333103 3.576908 1.000000
24741 45.354057 -36.114437 3.154361 1.000000
24742 44.532692 -37.205261 2.440985 1.000000
24743 46.622288 -42.327122 1.596704 1.000000
24744 45.837273 -41.619946 1.159431 1.000000
24745 47.207310 -42.348228 0.582059 1.000000
24746 47.859444 -42.302341 -0.425636 1.000000
24747 48.623344 -42.089264 -1.356848 1.000000
24748 49.467266 -41.803459 -2.252383 1.000000
24749 50.415966 -42.536797 -1.780300 1.000000
24750 52.279369 -42.851433 -2.033071 1.000000
24751 54.163280 -43.339520 -2.199488 1.000000
25235 46.110817 -51.441368 25.002705 1.000000
25236 44.673370 -51.687584 24.547792 1.000000
25237 45.222057 -52.004181 25.372585 1.000000
25238 44.531445 -52.802795 25.562611 1.000000
25239 44.041954 -53.716473 25.629578 1.000000
25240 45.218193 -56.730629 28.158443 1.000000
25241 44.823963 -56.457466 27.239273 1.000000
25242 45.323860 -57.376678 26.920460 1.000000
25243 45.909645 -57.922737 25.679617 1.000000
25244 46.612652 -58.368206 24.668379 1.000000
25245 47.382832 -58.846973 23.814177 1.000000
25246 47.601013 -59.111927 24.496002 1.000000
25248 50.111687 -60.542950 24.293339 1.000000
25302 55.344292 -48.990429 31.968857 1.000000
25303 55.420570 -49.050785 30.734119 1.000000
25304 55.313427 -48.980804 29.864264 1.000000
25305 55.722076 -49.676231 29.890966 1.000000
25306 55.450268 -50.359428 29.112263 1.000000
25307 54.743813 -50.687988 28.502829 1.000000
25308 51.640282 -52.194378 27.960056 1.000000
25309 52.333466 -51.678658 27.814518 1.000000
25310 51.217793 -51.797894 27.176025 1.000000
25311 50.679298 -51.416077 26.369242 1.000000
25312 50.087410 -50.962776 25.695969 1.000000
25313 49.659966 -50.505104 25.042080 1.000000
25314 48.885937 -51.216778 25.217762 1.000000
25315 47.532581 -51.366650 24.949390 1.000000
25480 48.921593 -59.984020 5.608729 1.000000
25481 50.555950 -60.475647 5.170166 1.000000
25482 49.467949 -60.729034 5.284356 1.000000
25483 50.087505 -61.621185 5.057148 1.000000
25490 51.599041 -57.709156 -0.047423 1.000000
25535 56.054462 -25.810720 -12.957743 1.000000
26336 51.275654 -26.108204 -1.314369 1.000000
26337 52.269966 -25.288479 -1.709032 1.000000
26338 50.243088 -25.725256 -1.968825 1.000000
26339 49.337841 -25.194239 -2.590679 1.000000
26340 48.525536 -24.638773 -3.193450 1.000000
26342 46.883904 -25.000996 -3.798739 1.000000
26343 45.566826 -25.509922 -4.644335 1.000000
26344 44.776237 -26.233484 -5.750284 1.000000
26345 44.604717 -33.657665 0.513727 1.000000
26346 45.059032 -32.510540 0.547186 1.000000
26347 44.230385 -33.446682 -0.475300 1.000000
26348 44.078911 -33.305527 -1.514335 1.000000
26349 44.173279 -33.091438 -2.621981 1.000000
26350 48.843941 -34.802284 -7.061497 1.000000
26351 47.181450 -34.283062 -6.534625 1.000000
26352 48.096870 -33.806541 -7.329009 1.000000
26353 47.394997 -32.730103 -7.615873 1.000000
26354 46.773354 -31.631067 -7.884790 1.000000
26355 46.140007 -30.521418 -8.053146 1.000000
26356 47.640251 -31.194794 -8.693348 1.000000
26357 48.732056 -30.651798 -9.498347 1.000000
26358 49.916359 -30.031958 -10.209547 1.000000
26359 51.137486 -29.309765 -10.919516 1.000000
26360 51.933067 -30.261515 -10.317645 1.000000
26361 53.997314 -30.350712 -10.420758 1.000000
26362 56.004845 -30.360229 -10.470967 1.000000
26363 61.320320 -33.810989 -8.758490 1.000000
26364 61.080048 -32.636757 -9.522288 1.000000
26365 62.474251 -32.863178 -8.929171 1.000000
26366 63.628857 -31.932072 -9.141416 1.000000
27827 45.725605 -46.899921 10.823690 1.000000
27828 46.645134 -47.195732 9.704584 1.000000
27829 46.340405 -47.885742 10.430161 1.000000
27830 47.162193 -48.849152 10.191650 1.000000
27831 47.902168 -49.614502 10.067175 1.000000
27832 47.581879 -52.298443 12.628583 1.000000
27833 48.184143 -51.924126 11.703974 1.000000
27834 49.014496 -52.753387 11.891940 1.000000
27835 50.417553 -53.298439 11.292301 1.000000
27836 51.789604 -53.769417 10.749898 1.000000
27837 52.972088 -54.199780 10.321187 1.000000
27838 52.509956 -54.681694 11.115138 1.000000
27839 53.147717 -55.620827 11.309491 1.000000
27840 53.422901 -56.423035 11.368421 1.000000
27841 44.036118 -54.210560 20.884296 1.000000
27842 44.068943 -54.029213 19.899574 1.000000
27843 44.674843 -54.821217 19.890985 1.000000
27844 45.626091 -55.352516 18.836103 1.000000
27845 46.785976 -55.747353 17.767584 1.000000
27846 48.710785 -57.940815 15.486267 1.000000
27847 49.933182 -57.885120 15.570117 1.000000
27848 48.743889 -57.539818 14.539642 1.000000
27849 49.052101 -57.371613 13.595289 1.000000
27850 49.618031 -57.236561 12.745336 1.000000
27851 50.394005 -57.243206 12.048979 1.000000
27852 48.899010 -56.997383 11.578682 1.000000
27853 48.353302 -56.799000 10.356484 1.000000
27854 48.108837 -56.650230 9.041372 1.000000
27855 48.039669 -56.860981 7.777853 1.000000
27856 46.892868 -56.739117 8.620378 1.000000
27857 45.808235 -57.012268 8.480196 1.000000
27858 44.745918 -57.441780 8.491220 1.000000
28035 59.695740 -43.382690 22.047268 1.000000
28036 60.470539 -42.557564 21.540491 1.000000
28037 59.958618 -43.152809 20.897022 1.000000
28038 60.165169 -42.756653 19.999304 1.000000
28039 60.327412 -42.287300 19.081882 1.000000
28040 60.436329 -41.779716 18.209164 1.000000
28041 59.738556 -42.534412 18.414684 1.000000
28042 59.278156 -42.855625 17.928116 1.000000
28043 58.637077 -43.161072 17.536388 1.000000
28044 53.644470 -47.856678 26.635792 1.000000
28045 53.592487 -47.067013 26.450115 1.000000
28046 53.250446 -47.272198 25.800827 1.000000
28047 53.009167 -46.755013 24.844715 1.000000
28048 52.894386 -46.283794 23.814724 1.000000
28049 52.156139 -46.166847 20.019741 1.000000
28050 52.606377 -46.008465 20.629923 1.000000
28051 52.715416 -45.718849 19.594959 1.000000
28052 53.365868 -45.117798 19.138298 1.000000
28053 54.184349 -44.634987 18.667347 1.000000
28054 55.103600 -44.245491 18.104454 1.000000
28055 54.195030 -44.223106 17.800816 1.000000
28056 54.136353 -43.677845 17.063835 1.000000
28057 54.187420 -43.086891 16.490650 1.000000
28058 54.108238 -42.520325 15.736464 1.000000
28059 53.102661 -43.167793 16.240292 1.000000
28060 51.833820 -43.154987 15.994398 1.000000
28061 50.421394 -43.083839 15.797079 1.000000
28062 45.342045 -45.764336 15.746295 1.000000
28063 46.028053 -44.892174 15.652174 1.000000
28064 45.229919 -45.448517 15.004555 1.000000
28065 45.133644 -45.034924 14.295847 1.000000
28066 45.072948 -44.542656 13.580676 1.000000
28067 45.021511 -43.963688 12.828174 1.000000
28068 44.859856 -45.307304 12.705487 1.000000
28069 45.092186 -46.110329 11.764583 1.000000
28160 65.214722 -27.607197 1.335006 1.000000
28161 63.755299 -27.729671 1.078932 1.000000
28162 64.371651 -28.582409 1.340917 1.000000
28163 63.319286 -29.482218 1.435512 1.000000
28164 62.199242 -30.244076 1.594551 1.000000
28170 61.886635 -35.864014 7.793785 1.000000
28171 62.852253 -35.178932 7.468151 1.000000
28172 61.793282 -35.042511 6.867819 1.000000
28173 61.697071 -34.219078 6.055207 1.000000
28174 61.544140 -33.403217 5.194262 1.000000
28175 61.250404 -32.640148 4.367249 1.000000
28176 60.022755 -33.256596 4.899710 1.000000
28177 58.379028 -33.205349 4.678577 1.000000
28178 56.668507 -33.255863 4.510364 1.000000
28179 55.006367 -33.457409 4.333078 1.000000
28180 55.566753 -33.939308 5.113552 1.000000
28181 54.507191 -34.629250 5.635444 1.000000
28182 53.478264 -35.326336 6.096974 1.000000
28183 52.789265 -38.060387 9.557284 1.000000
28184 52.341286 -37.741245 8.574705 1.000000
28185 51.431042 -38.090343 9.422503 1.000000
28186 50.122627 -38.181000 9.317549 1.000000
28187 48.822769 -38.317009 9.241059 1.000000
28188 47.500347 -38.580677 9.000585 1.000000
28189 47.853111 -38.840847 9.921128 1.000000
28190 47.041859 -39.495090 10.518412 1.000000
28191 46.252804 -40.301476 11.013708 1.000000
28558 51.478954 -48.142761 6.230781 1.000000
28559 51.142372 -47.199345 5.551138 1.000000
28560 52.294849 -48.114708 5.600266 1.000000
28561 53.142456 -48.140663 4.968957 1.000000
28562 54.074318 -48.070251 4.331876 1.000000
28563 59.005634 -50.673553 4.849599 1.000000
28564 58.089165 -49.699219 4.352589 1.000000
28565 59.109112 -49.496201 3.939105 1.000000
28566 59.114155 -48.159187 2.879733 1.000000
28567 58.825012 -46.726982 2.059935 1.000000
28568 58.330353 -45.667530 1.417446 1.000000
28569 59.752235 -46.416027 1.716288 1.000000
28570 60.710155 -46.181355 1.246454 1.000000
28571 61.728004 -45.801277 0.637917 1.000000
28577 60.210472 -50.091549 -3.126466 1.000000
28578 60.646751 -50.831158 -2.053119 1.000000
28579 61.392597 -49.150181 -2.656448 1.000000
29001 45.599300 -37.629635 5.384747 1.000000
29002 44.993187 -37.810760 4.532452 1.000000
29003 44.754517 -38.794228 4.792288 1.000000
29004 44.580467 -40.093922 4.053419 1.000000
29005 45.067242 -41.291607 3.284435 1.000000
29006 45.306221 -41.878319 4.642446 1.000000
29007 45.681389 -42.083374 3.695383 1.000000
29008 46.102753 -42.251148 2.656886 1.000000
29009 47.442238 -42.920082 2.053670 1.000000
29010 48.977486 -43.335144 1.601587 1.000000
29011 50.644379 -43.659111 1.389483 1.000000
29387 48.470863 -52.792896 27.944391 1.000000
29388 47.004280 -52.927216 27.640707 1.000000
29389 47.464138 -53.292503 28.503485 1.000000
29390 46.596752 -53.938610 29.023335 1.000000
29391 45.874310 -54.877686 29.336893 1.000000
29394 45.523853 -55.930786 29.325291 1.000000
29395 45.562908 -56.961426 29.075459 1.000000
29396 45.923378 -57.948223 28.704840 1.000000
29397 46.551876 -58.808113 28.324224 1.000000
29441 55.557281 -51.663841 30.668270 1.000000
29443 54.292458 -52.137886 30.339396 1.000000
29444 53.281487 -52.295296 29.485193 1.000000
29445 52.829151 -52.874744 30.906164 1.000000
29446 52.568245 -52.655621 29.716898 1.000000
29447 52.125587 -52.437508 28.766336 1.000000
29448 50.935532 -52.561241 28.351013 1.000000
29449 49.698536 -52.676826 28.171412 1.000000
30242 58.412903 -24.844391 -0.262330 1.000000
30243 56.394966 -25.435318 -0.392973 1.000000
30244 54.324024 -25.997656 -0.518298 1.000000
30245 54.472801 -27.157917 0.473715 1.000000
30246 53.328758 -26.782990 -0.049417 1.000000
30247 52.259022 -26.474482 -0.651849 1.000000
30248 50.300575 -26.962885 -0.911543 1.000000
30249 48.397278 -27.370621 -1.205990 1.000000
30250 46.659924 -27.749584 -1.647462 1.000000
30251 46.145485 -37.687653 -3.379733 1.000000
30252 45.566124 -36.560783 -3.655939 1.000000
30253 46.833607 -37.242863 -4.194815 1.000000
30254 47.664448 -36.790382 -4.995180 1.000000
30255 48.646091 -36.316895 -5.794946 1.000000
30256 51.193859 -37.529110 -5.404950 1.000000
30257 50.525764 -36.639133 -5.980279 1.000000
30258 49.696190 -35.761585 -6.610188 1.000000
30259 50.854931 -35.241508 -7.421735 1.000000
30260 51.957020 -34.554714 -8.194384 1.000000
30261 53.173676 -33.785454 -8.927193 1.000000
30262 54.475567 -32.950020 -9.549424 1.000000
30263 55.124725 -33.933174 -9.114985 1.000000
30264 57.094929 -34.118462 -9.042879 1.000000
30265 58.753216 -34.388832 -8.736002 1.000000
30266 58.081654 -35.985176 -6.959428 1.000000
30267 59.155560 -35.344261 -7.662584 1.000000
30268 60.253960 -34.665699 -8.326879 1.000000
30269 61.742481 -34.869556 -7.840543 1.000000
30270 63.116539 -35.119556 -7.472125 1.000000
31403 44.425560 -48.365139 13.956340 1.000000
31404 45.049480 -49.111153 12.830629 1.000000
31405 44.626820 -49.391205 13.665306 1.000000
31406 44.993416 -50.176441 13.530034 1.000000
31407 45.558224 -50.981487 13.468027 1.000000
31408 44.006767 -50.530251 15.493240 1.000000
31409 44.982033 -51.287102 14.434874 1.000000
31410 46.261101 -51.790180 13.438540 1.000000
31411 46.920631 -52.580635 13.601067 1.000000
31412 47.710239 -53.370964 13.758670 1.000000
31413 48.447308 -54.086815 13.995581 1.000000
31414 47.035522 -57.211060 20.563406 1.000000
31415 47.171490 -56.928944 19.664362 1.000000
31416 48.280373 -57.701977 19.457485 1.000000
31417 49.436913 -58.056801 18.381479 1.000000
31418 49.946972 -58.471771 17.256634 1.000000
31422 47.375336 -57.931080 15.537242 1.000000
31423 46.064426 -57.518604 14.478414 1.000000
31424 44.957939 -57.282539 13.314127 1.000000
31425 44.217697 -57.265553 12.056331 1.000000
31426 43.742870 -57.471489 13.363879 1.000000
31427 42.556629 -57.664497 13.471870 1.000000
31428 41.396194 -57.993782 13.727974 1.000000
31563 59.463036 -41.053856 25.156921 1.000000
31564 59.429554 -42.083683 24.357342 1.000000
31565 59.446373 -42.891880 23.770874 1.000000
31566 58.102852 -43.250793 25.194006 1.000000
31567 58.744629 -43.450123 24.205967 1.000000
31568 59.284351 -43.535385 23.196583 1.000000
31569 58.785267 -44.021202 22.571184 1.000000
31570 58.120674 -44.231113 22.076315 1.000000
31571 57.392986 -44.254494 21.754053 1.000000
31572 52.026997 -48.184258 24.054798 1.000000
31573 52.168163 -47.568916 23.824121 1.000000
31574 51.765327 -47.691341 23.196224 1.000000
31575 51.585846 -47.184044 22.249790 1.000000
31576 51.504829 -46.793137 21.441685 1.000000
31577 49.619705 -47.353020 21.542639 1.000000
31578 50.682991 -46.896984 21.070667 1.000000
31579 51.485939 -46.483875 20.528721 1.000000
31580 51.332539 -46.141354 19.552500 1.000000
31581 50.987236 -45.618633 18.660625 1.000000
31582 50.520287 -45.137539 17.910517 1.000000
31583 50.109604 -44.699619 17.267546 1.000000
31584 49.164970 -45.117168 17.522995 1.000000
31585 47.735443 -45.278267 17.243208 1.000000
31586 46.528271 -45.601677 16.928595 1.000000
31587 46.074406 -46.635818 17.898249 1.000000
31588 45.757027 -46.314621 17.136456 1.000000
31589 45.465954 -46.037605 16.416880 1.000000
31590 44.792820 -46.660194 15.709898 1.000000
31591 44.398720 -47.484806 14.831137 1.000000
31669 63.614277 -35.971142 10.288342 1.000000
31670 62.694252 -36.177521 9.455806 1.000000
31671 61.635021 -36.902699 10.823778 1.000000
31672 61.620613 -36.624111 9.802302 1.000000
31673 61.785271 -36.403389 8.798433 1.000000
31674 60.779640 -36.470684 8.153223 1.000000
31675 59.524158 -36.326878 7.540700 1.000000
31676 58.122704 -36.222088 7.019011 1.000000
31677 56.713978 -36.153893 6.682893 1.000000
31678 57.016441 -36.829071 7.515810 1.000000
31679 56.101360 -37.322746 8.166731 1.000000
31680 55.104443 -37.700127 8.938194 1.000000
31681 56.907166 -38.200981 10.290986 1.000000
31682 55.540993 -38.142418 10.014348 1.000000
31683 54.174232 -38.053062 9.771151 1.000000
31684 53.257172 -38.473034 10.575068 1.000000
31685 52.225075 -38.974304 11.363306 1.000000
31686 51.254768 -39.600880 12.090882 1.000000
31972 55.412128 -51.919853 7.515778 1.000000
31973 55.530621 -50.968018 6.638985 1.000000
31974 56.383972 -51.947914 6.965722 1.000000
31975 57.231133 -51.936363 6.445153 1.000000
31976 58.045856 -51.937183 5.969314 1.000000
31977 58.256824 -54.263573 6.905612 1.000000
31978 58.785542 -53.143898 6.334390 1.000000
31979 58.893578 -51.840992 5.584147 1.000000
31980 59.692604 -51.853310 5.066004 1.000000
31981 60.503723 -51.732399 4.541003 1.000000
31982 61.379761 -51.408588 3.840878 1.000000
31983 55.932182 -56.943916 0.061302 1.000000
31984 57.254852 -56.400978 0.417554 1.000000
31985 56.765331 -55.290443 -0.526793 1.000000
31986 57.535877 -53.586189 -1.483276 1.000000
31987 58.364391 -52.263710 -2.596779 1.000000
31988 57.010609 -52.697826 -3.632823 1.000000
31989 58.109871 -51.859058 -3.699976 1.000000
31990 59.074787 -51.001396 -3.515781 1.000000
31991 59.810974 -49.538807 -4.037204 1.000000
31992 60.561604 -48.056458 -4.553101 1.000000
31995 61.078453 -46.169960 -5.825730 1.000000
31997 59.501183 -44.950481 -7.118083 1.000000
31998 57.233376 -47.482201 -6.564967 1.000000
31999 57.906353 -45.948666 -7.076143 1.000000
32000 58.683601 -44.360184 -7.787992 1.000000
32703 52.121300 -32.051048 1.620568 1.000000
32704 51.183361 -31.412231 1.715320 1.000000
32705 50.064415 -32.356880 1.894510 1.000000
32706 48.196190 -32.650185 1.978382 1.000000
32707 46.514381 -33.173740 1.748643 1.000000
32708 46.679726 -34.439552 2.430172 1.000000
32709 45.877522 -34.149193 1.898723 1.000000
32710 45.147717 -33.896332 1.260708 1.000000
32711 44.305595 -34.873543 0.439126 1.000000
32712 44.170715 -36.001373 -0.697910 1.000000
32713 44.649445 -37.160595 -1.685446 1.000000
32714 44.623871 -38.029182 3.622086 1.000000
32715 44.357391 -38.267433 2.648740 1.000000
32716 44.292004 -38.487919 1.493490 1.000000
32717 45.160206 -40.758530 0.820847 1.000000
32718 44.720970 -39.777473 0.564825 1.000000
32719 44.431347 -38.589527 0.384658 1.000000
32720 44.721088 -38.592228 -0.700153 1.000000
32721 45.092644 -38.362011 -1.654614 1.000000
32722 45.575172 -38.027637 -2.599014 1.000000
32723 46.848152 -38.798363 -3.195257 1.000000
32724 48.415306 -39.429737 -3.626984 1.000000
32725 50.145973 -39.983082 -4.061635 1.000000
32726 50.252480 -41.428673 -3.052606 1.000000
32727 51.101070 -40.964523 -3.726996 1.000000
32728 52.001801 -40.381981 -4.333193 1.000000
32729 53.977703 -40.723843 -4.545335 1.000000
32730 55.913353 -41.019264 -4.655962 1.000000
32731 57.908375 -41.487057 -4.589697 1.000000
33755 44.496010 -49.728252 21.606833 1.000000
33756 43.624298 -50.326042 20.797810 1.000000
33757 43.731522 -50.611019 21.801350 1.000000
33758 43.345058 -51.575550 21.841551 1.000000
33759 43.252827 -52.637573 21.893345 1.000000
33760 43.652428 -52.274456 23.804974 1.000000
33761 43.327442 -52.948456 22.852255 1.000000
33762 43.511303 -53.609364 21.846958 1.000000
33763 44.008484 -54.500023 21.699078 1.000000
33764 44.621838 -55.166485 21.671921 1.000000
33765 45.323856 -55.936157 21.662928 1.000000
33766 45.527412 -53.232208 27.256771 1.000000
33767 44.421051 -53.934948 26.528534 1.000000
33768 44.082027 -54.750854 25.520939 1.000000
33769 44.468674 -56.070778 26.344448 1.000000
33770 44.324806 -55.690605 25.438660 1.000000
33771 44.197933 -55.361946 24.447449 1.000000
33772 44.601753 -55.900890 23.327930 1.000000
33773 45.296993 -56.370140 22.378326 1.000000
33774 46.083168 -56.760002 21.570225 1.000000
33775 47.058723 -57.669487 21.428080 1.000000
33776 48.238567 -58.402626 21.181969 1.000000
33777 49.641228 -59.114941 20.855478 1.000000
33778 48.456394 -59.166481 22.902462 1.000000
33779 49.804329 -59.424633 21.767399 1.000000
33780 50.745064 -59.887939 20.441479 1.000000
33897 52.937023 -45.628082 30.662207 1.000000
33898 53.472504 -45.461529 29.630310 1.000000
33899 54.008911 -45.445316 28.833542 1.000000
33900 54.024712 -46.550999 29.216736 1.000000
33901 54.380108 -47.363503 28.698071 1.000000
33902 54.343464 -47.994480 28.072042 1.000000
33903 54.954651 -48.949993 29.039505 1.000000
33904 54.555748 -48.736633 28.214428 1.000000
33905 54.088848 -48.370495 27.439510 1.000000
33906 53.731255 -48.534859 26.860703 1.000000
33907 53.401203 -48.629475 26.228174 1.000000
33908 52.934303 -48.705803 25.538965 1.000000
33909 55.046082 -51.414116 29.651636 1.000000
33910 54.545795 -51.118622 28.830072 1.000000
33911 54.056709 -50.803780 27.936108 1.000000
33912 52.882599 -51.260643 27.688549 1.000000
33913 53.303509 -50.866188 27.437878 1.000000
33914 53.543140 -50.242790 27.215225 1.000000
33915 53.220680 -49.806931 26.416422 1.000000
33916 52.693382 -49.318306 25.717529 1.000000
33917 52.328388 -48.725475 24.888540 1.000000
33918 51.531361 -48.736450 24.420307 1.000000
33919 50.502354 -48.700428 23.957769 1.000000
33920 49.399239 -48.741722 23.534267 1.000000
33921 49.097816 -49.974224 24.266850 1.000000
33922 48.658722 -49.426437 23.628855 1.000000
33923 48.216747 -48.898445 22.940609 1.000000
33924 46.961525 -49.063721 22.343988 1.000000
33925 45.649937 -49.315155 22.016552 1.000000
34008 62.773853 -38.704475 13.291987 1.000000
34009 61.832069 -39.181557 13.539499 1.000000
34010 61.028271 -39.668510 13.888697 1.000000
34011 60.263184 -40.264240 14.441490 1.000000
34270 52.852234 -58.212074 5.476615 1.000000
34271 54.266380 -58.319313 5.230432 1.000000
34272 53.453789 -59.169415 4.959548 1.000000
34273 54.136627 -60.092339 4.684516 1.000000
34274 54.762196 -60.851673 4.415910 1.000000
34275 52.224010 -61.101624 4.820474 1.000000
34276 53.818176 -61.524231 4.477869 1.000000
34277 55.321716 -61.432545 4.061722 1.000000
34280 55.466774 -59.643574 1.834464 1.000000
34287 53.092834 -60.824638 2.409207 1.000000
34288 54.145863 -59.707020 1.858402 1.000000
34289 55.153515 -58.431847 1.011664 1.000000
34290 54.785835 -57.159607 0.130809 1.000000
34291 54.507301 -56.040443 -1.011936 1.000000
34292 54.250664 -55.319405 -2.176533 1.000000
34293 52.476105 -56.867016 -1.144707 1.000000
34294 53.260944 -56.057171 -2.194144 1.000000
34295 54.069550 -55.312878 -3.157401 1.000000
34296 54.085114 -55.506569 -3.876836 1.000000
34297 53.895092 -55.552967 -4.388870 1.000000
34298 53.641541 -55.475330 -4.786595 1.000000
36038 50.223335 -30.715302 1.715515 1.000000
36039 49.211353 -30.160542 1.395030 1.000000
36040 48.241905 -29.747265 0.892771 1.000000
36041 45.652271 -31.409052 0.518880 1.000000
36042 46.437672 -30.327244 0.440437 1.000000
36043 47.317829 -29.400965 0.271658 1.000000
36044 46.531067 -29.029221 -0.512931 1.000000
36045 45.821846 -28.674763 -1.396091 1.000000
36046 45.259335 -28.336096 -2.401910 1.000000
36047 45.074928 -35.403336 -3.771710 1.000000
36048 44.698952 -34.157471 -3.826011 1.000000
36049 44.409012 -32.864105 -3.787252 1.000000
36050 45.766670 -33.534946 -5.802404 1.000000
36051 44.798016 -32.680927 -4.894566 1.000000
36052 44.210552 -31.628073 -3.699732 1.000000
36053 44.203739 -30.374592 -3.601687 1.000000
36054 44.416588 -29.173075 -3.535749 1.000000
36055 44.804993 -27.999058 -3.539718 1.000000
36056 44.539989 -27.682293 -4.646836 1.000000
36057 44.517963 -27.394358 -5.859160 1.000000
36058 44.691658 -27.140064 -7.050933 1.000000
36059 45.681717 -29.309444 -8.139643 1.000000
36060 45.353130 -28.062353 -8.200190 1.000000
36061 45.128036 -26.876575 -8.182985 1.000000
36062 45.663910 -26.555170 -9.250154 1.000000
36063 46.339489 -26.176859 -10.195239 1.000000
36064 47.163124 -25.795517 -11.054605 1.000000
36065 48.681419 -26.355068 -11.511023 1.000000
36066 50.537022 -26.676661 -11.857976 1.000000
36067 52.620361 -26.759098 -12.304237 1.000000
36068 52.296833 -28.536961 -11.527432 1.000000
36069 53.503063 -27.697897 -12.103680 1.000000
36070 54.830261 -26.764984 -12.574950 1.000000
36071 57.060139 -26.842770 -12.603375 1.000000
36072 59.263855 -26.926153 -12.452246 1.000000
36073 61.429607 -27.042660 -12.006961 1.000000
36074 55.626465 -32.097706 -9.971336 1.000000
36075 56.895622 -31.275852 -10.290903 1.000000
36076 58.141685 -30.486649 -10.614421 1.000000
36077 60.773987 -31.433893 -10.088166 1.000000
36078 60.245544 -30.451611 -10.499020 1.000000
36079 59.544849 -29.656429 -10.949908 1.000000
36080 60.895130 -28.791616 -11.198039 1.000000
36081 62.289742 -27.923437 -11.343168 1.000000
39017 46.117466 -44.384106 7.978414 1.000000
39018 47.075390 -44.787010 7.001831 1.000000
39019 47.075378 -45.264828 7.597997 1.000000
39020 48.181709 -46.091805 7.243234 1.000000
39021 49.317635 -46.954987 6.953621 1.000000
39022 47.807350 -47.385406 8.646439 1.000000
39023 49.061363 -47.552170 7.741132 1.000000
39024 50.243462 -47.742619 6.894166 1.000000
39025 51.286308 -48.658848 6.985325 1.000000
39026 52.236176 -49.597054 7.157731 1.000000
39027 53.224945 -50.638592 7.493474 1.000000
39028 46.134380 -49.680397 11.742826 1.000000
39029 47.346397 -50.083485 10.796209 1.000000
39030 48.601460 -50.383461 9.985120 1.000000
39031 48.732079 -51.536388 10.879232 1.000000
39032 49.362263 -51.117290 10.078980 1.000000
39033 49.944523 -50.640545 9.209619 1.000000
39034 51.318634 -50.963913 8.635266 1.000000
39035 52.711517 -51.230522 8.172615 1.000000
39036 54.111885 -51.554405 7.801814 1.000000
39037 54.844513 -52.516579 8.143291 1.000000
39038 55.434681 -53.601982 8.568523 1.000000
39039 55.875477 -54.605614 8.849639 1.000000
39040 54.090740 -54.624092 9.937318 1.000000
39041 55.034248 -55.053589 9.496574 1.000000
39042 55.820606 -55.586945 8.875119 1.000000
39043 55.463203 -56.348133 8.750345 1.000000
39044 54.662598 -56.890129 8.248177 1.000000
39045 53.712463 -57.137890 7.442930 1.000000
39046 43.253307 -51.169609 19.753078 1.000000
39047 43.326141 -52.069927 18.737371 1.000000
39048 43.984444 -52.865490 17.618773 1.000000
39049 44.198112 -53.869366 18.845798 1.000000
39050 44.545006 -53.634998 17.699421 1.000000
39051 45.024231 -53.355297 16.566677 1.000000
39052 46.252693 -53.791840 15.701559 1.000000
39053 47.739017 -54.227379 14.918057 1.000000
39054 49.285301 -54.832802 14.093768 1.000000
39055 47.386353 -56.652199 18.679834 1.000000
39056 47.726967 -56.381927 17.780313 1.000000
39057 48.179131 -56.047081 16.832184 1.000000
39058 50.231354 -57.223045 15.920749 1.000000
39059 49.601990 -56.521889 15.956886 1.000000
39060 48.727375 -55.795959 15.979665 1.000000
39061 49.331825 -55.654778 15.151278 1.000000
39062 50.004848 -55.634499 14.285892 1.000000
39063 50.769356 -55.507801 13.446424 1.000000
39064 52.166107 -56.176777 12.808803 1.000000
39065 52.992504 -56.725292 12.083365 1.000000
39066 53.259819 -57.075294 11.212313 1.000000
39067 51.215679 -57.276421 11.463806 1.000000
39068 52.212128 -57.227882 10.826805 1.000000
39069 52.998627 -57.146484 10.236403 1.000000
39070 52.818001 -57.023438 9.272844 1.000000
39071 52.689686 -57.035530 8.009575 1.000000
39072 52.671021 -57.276436 6.472350 1.000000
39073 51.607044 -57.790337 5.866112 1.000000
39074 50.539028 -58.409351 5.661168 1.000000
39075 49.525257 -58.894085 5.747056 1.000000
39076 48.095757 -57.520142 6.798036 1.000000
39077 48.269703 -58.349854 6.196985 1.000000
39078 48.513359 -59.188519 5.834013 1.000000
39079 47.489079 -59.516487 5.971586 1.000000
39080 46.400108 -59.739845 6.242875 1.000000
39082 43.775455 -57.227539 10.741554 1.000000
39083 43.567616 -57.431633 9.595776 1.000000
39106 46.185722 -58.331421 30.578037 1.000000
39107 46.666454 -59.032726 29.332806 1.000000
39435 61.158245 -41.594841 21.408329 1.000000
39443 62.033440 -40.440655 16.428013 1.000000
39444 60.648724 -41.427387 17.329262 1.000000
39445 61.039246 -41.145790 16.611113 1.000000
39446 61.493286 -40.945721 15.896472 1.000000
39447 60.836449 -41.121574 15.482358 1.000000
39448 60.086815 -41.080292 15.178978 1.000000
39449 59.263458 -40.838531 14.919958 1.000000
39450 54.624336 -45.423634 28.016155 1.000000
39451 55.055531 -45.199230 27.104816 1.000000
39452 55.375835 -44.870819 26.168177 1.000000
39453 53.880665 -46.098122 26.251791 1.000000
39454 54.542336 -45.169888 25.836786 1.000000
39455 55.622406 -44.591438 25.033525 1.000000
39456 55.852074 -44.502296 23.758520 1.000000
39457 56.151447 -44.425285 22.533386 1.000000
39458 56.599499 -44.398258 21.467697 1.000000
39459 52.302162 -47.031273 23.511328 1.000000
39460 52.536003 -46.399464 23.137867 1.000000
39461 52.906292 -45.839485 22.829683 1.000000
39462 52.893726 -45.741234 21.234190 1.000000
39463 53.161003 -45.593407 21.836674 1.000000
39464 53.730370 -45.442131 22.440678 1.000000
39465 54.728222 -45.062828 21.845890 1.000000
39466 55.853279 -44.744087 21.122274 1.000000
39467 56.975685 -44.266258 20.315481 1.000000
39468 57.298756 -44.032997 19.282970 1.000000
39469 57.561291 -43.666630 18.208958 1.000000
39470 57.825066 -43.312309 17.296307 1.000000
39471 56.060295 -43.764599 17.665623 1.000000
39472 57.056152 -43.285919 17.085567 1.000000
39473 58.049530 -42.802605 16.545416 1.000000
39474 58.159466 -42.101215 15.994902 1.000000
39475 58.213600 -41.387768 15.337399 1.000000
39476 58.255695 -40.556850 14.548154 1.000000
39477 57.279449 -40.380318 14.264938 1.000000
39478 56.306293 -40.304031 13.924817 1.000000
39479 55.157341 -40.346184 13.668791 1.000000
39480 54.006935 -41.881657 14.957639 1.000000
39481 53.930103 -41.113609 14.151011 1.000000
39482 53.912865 -40.309288 13.350754 1.000000
39483 52.551128 -40.244545 13.076590 1.000000
39484 51.209267 -40.291222 12.915701 1.000000
39485 49.817753 -40.354053 12.717259 1.000000
39486 49.697819 -44.219074 16.702749 1.000000
39487 49.365074 -43.717918 16.177362 1.000000
39488 49.052631 -43.125469 15.552744 1.000000
39489 46.885883 -43.975067 15.461278 1.000000
39490 47.824211 -43.204159 15.194819 1.000000
39491 48.828041 -42.493851 14.827370 1.000000
39492 48.665386 -41.900261 14.021666 1.000000
39493 48.570320 -41.205353 13.253408 1.000000
39494 48.539021 -40.488819 12.508932 1.000000
39495 47.310158 -40.646748 12.203890 1.000000
39496 46.238838 -40.959080 11.790144 1.000000
39497 45.420540 -41.416294 11.195126 1.000000
39498 44.974178 -43.376400 12.024740 1.000000
39499 45.013649 -42.715519 11.257944 1.000000
39500 44.982559 -42.156071 10.450026 1.000000
39501 44.946072 -42.961945 9.642334 1.000000
39502 45.394497 -43.738022 8.747127 1.000000
39503 45.347450 -43.258251 7.993401 1.000000
39685 61.296577 -24.971622 0.463101 1.000000
39686 60.437599 -26.002726 0.701930 1.000000
39687 59.564247 -27.140186 0.817186 1.000000
39688 62.011852 -27.929775 0.918281 1.000000
39689 60.226173 -28.025732 0.900521 1.000000
39690 58.458416 -28.175196 0.886242 1.000000
39691 57.365234 -29.153605 0.951552 1.000000
39692 56.311157 -30.137325 1.039652 1.000000
39693 55.123161 -31.089264 1.219553 1.000000
39706 63.858471 -34.582161 7.261004 1.000000
39707 64.877396 -33.877434 6.978293 1.000000
39711 65.459785 -30.929585 3.465485 1.000000
39712 64.287338 -30.987228 2.832971 1.000000
39713 62.837269 -31.003363 2.346761 1.000000
39714 61.154358 -31.052628 1.974564 1.000000
39715 60.660301 -32.018806 3.493592 1.000000
39716 60.048481 -31.671228 2.561211 1.000000
39717 59.392323 -31.316906 1.689675 1.000000
39718 57.583954 -31.621845 1.521583 1.000000
39719 55.792427 -31.909313 1.493737 1.000000
39720 53.898354 -32.095943 1.502961 1.000000
39721 52.882923 -32.884865 1.922502 1.000000
39722 51.831184 -33.546791 2.481328 1.000000
39723 50.899284 -34.031227 3.158689 1.000000
39724 53.313873 -33.790470 4.158061 1.000000
39725 51.642464 -34.127033 4.014347 1.000000
39726 49.982662 -34.442184 3.841481 1.000000
39727 49.061932 -34.917599 4.477313 1.000000
39728 48.198395 -35.508434 5.023551 1.000000
39729 47.413559 -36.215790 5.479784 1.000000
39730 55.308220 -36.101799 6.610200 1.000000
39731 53.905804 -36.065067 6.575428 1.000000
39732 52.439522 -36.101067 6.554211 1.000000
39733 51.922619 -37.368294 7.713913 1.000000
39734 51.449104 -36.812645 6.994869 1.000000
39735 50.936371 -36.223503 6.485357 1.000000
39736 49.413483 -36.397812 6.368693 1.000000
39737 47.953865 -36.608803 6.175593 1.000000
39738 46.680714 -36.994671 5.874825 1.000000
39739 45.995052 -37.871635 6.283298 1.000000
39740 45.509041 -38.718559 6.690389 1.000000
39741 45.139614 -39.583542 7.083247 1.000000
39742 46.346024 -38.996613 8.694932 1.000000
39743 45.381310 -39.683022 8.113855 1.000000
39744 44.907791 -40.458206 7.384952 1.000000
39745 44.834724 -41.441540 7.631254 1.000000
39746 44.984745 -42.342407 7.829835 1.000000
40477 47.712460 -44.770271 6.256795 1.000000
40478 48.383980 -44.712303 5.564718 1.000000
40479 49.133038 -44.556198 4.904374 1.000000
40480 50.962578 -46.328392 5.030508 1.000000
40481 50.537514 -45.349163 4.791438 1.000000
40482 49.841724 -44.355289 4.146249 1.000000
40483 50.640289 -44.176857 3.285064 1.000000
40484 51.366722 -44.032631 2.428015 1.000000
40485 52.072441 -43.944324 1.656002 1.000000
40486 55.455128 -50.024414 5.708881 1.000000
40487 55.194439 -48.990520 4.756457 1.000000
40488 54.938641 -47.800194 3.794713 1.000000
40489 56.996349 -48.773811 3.735299 1.000000
40490 55.861839 -47.638985 3.332493 1.000000
40491 54.646309 -46.566391 3.379462 1.000000
40492 54.374138 -45.377544 3.022264 1.000000
40493 53.761452 -44.415779 2.089579 1.000000
40494 53.016735 -43.993095 0.776047 1.000000
40495 54.037056 -44.041237 -0.192810 1.000000
40496 54.851665 -44.040943 -1.012793 1.000000
40497 55.674084 -43.892860 -1.832169 1.000000
40498 57.791046 -44.935509 0.132044 1.000000
40499 57.196289 -44.378742 -1.241436 1.000000
40500 56.620613 -43.621613 -2.545896 1.000000
40501 57.584911 -43.224983 -3.161069 1.000000
40502 58.681385 -42.633156 -3.792145 1.000000
40503 59.745827 -42.099770 -4.270535 1.000000
40504 55.695942 -58.142262 5.059588 1.000000
40505 57.258686 -57.644909 4.788566 1.000000
40506 58.577110 -56.724884 4.429829 1.000000
40508 59.181347 -56.912903 3.846383 1.000000
40509 59.373615 -55.458778 3.997325 1.000000
40510 60.144459 -54.153450 3.591080 1.000000
40511 61.222191 -52.663494 3.299920 1.000000
40512 62.155651 -51.101208 3.094813 1.000000
40513 58.626503 -55.760571 0.622826 1.000000
40516 61.105553 -51.637348 -0.946389 1.000000
40519 62.174511 -51.899475 1.590742 1.000000
40520 62.623035 -50.724903 2.254472 1.000000
40521 62.697151 -49.461536 2.821853 1.000000
40522 63.016632 -47.802380 2.058736 1.000000
40523 62.976368 -46.353752 1.071109 1.000000
40524 62.745525 -45.335621 0.036093 1.000000
40525 64.412796 -45.356754 -0.744136 1.000000
40526 63.630943 -44.811741 -0.803689 1.000000
40527 62.332775 -44.388428 -1.241266 1.000000
40528 61.928711 -43.439705 -2.555778 1.000000
40529 61.452229 -42.495350 -3.740320 1.000000
40530 60.734245 -41.489017 -4.629258 1.000000
40531 61.598164 -40.823051 -4.940644 1.000000
40532 62.369129 -39.997070 -5.353995 1.000000
40533 63.083321 -39.052143 -5.702802 1.000000
40535 64.375481 -39.571609 -5.390094 1.000000
40536 63.690022 -38.158138 -5.974484 1.000000
