#!ascii label, projected from MNI152NLin2009cAsym to fsaverage6
122
256 -34.472038 37.758110 -8.783782 1.000000
1128 -28.360867 39.694019 -9.957683 1.000000
1129 -29.198853 34.881702 -7.843184 1.000000
1613 -38.831070 40.850048 -12.557725 1.000000
1614 -32.546646 42.957035 -11.381572 1.000000
2185 -36.171131 31.583597 -10.906165 1.000000
2186 -31.130875 31.233994 -13.260356 1.000000
2187 -27.325872 28.401844 -15.090772 1.000000
3649 -35.209183 45.078209 -10.768903 1.000000
4823 -37.443459 36.463486 -10.497744 1.000000
4824 -38.584465 33.246696 -11.153100 1.000000
4825 -35.351707 34.660118 -9.031425 1.000000
4826 -26.506382 33.685116 -9.014634 1.000000
4827 -30.097591 32.643749 -10.090077 1.000000
4828 -27.692327 31.578625 -11.146756 1.000000
4829 -28.972147 30.202250 -14.247047 1.000000
4830 -25.631104 29.993002 -12.119711 1.000000
6638 -31.173939 38.968971 -8.526045 1.000000
6639 -31.907238 36.238873 -7.619401 1.000000
6640 -28.548611 37.641262 -7.943492 1.000000
6641 -25.821613 36.336777 -8.566333 1.000000
7602 -39.315269 38.176205 -12.567238 1.000000
7603 -36.396164 39.354633 -11.111612 1.000000
7604 -38.455696 43.656124 -12.395871 1.000000
7605 -35.718189 42.074959 -11.327826 1.000000
7606 -33.348888 40.502312 -10.034211 1.000000
7607 -30.597431 40.916931 -10.813944 1.000000
9118 -32.664085 33.353344 -8.961912 1.000000
9119 -33.497265 30.972452 -11.917034 1.000000
9120 -34.619595 29.378576 -15.309001 1.000000
9121 -32.490101 29.912647 -16.584890 1.000000
12503 -35.964954 37.096493 -9.478788 1.000000
12504 -36.510380 35.485497 -9.548660 1.000000
12505 -34.933544 36.234203 -8.641413 1.000000
12507 -27.083424 32.522785 -9.948767 1.000000
12508 -25.950169 31.698517 -10.349105 1.000000
12509 -26.636240 30.800945 -11.575577 1.000000
12510 -24.910313 30.895426 -10.948664 1.000000
14903 -29.660725 39.420052 -9.070642 1.000000
14904 -29.873734 38.288750 -8.077433 1.000000
14905 -28.419033 38.786583 -8.830622 1.000000
14907 -25.826298 37.518871 -9.100710 1.000000
16700 -39.071877 39.536476 -12.556974 1.000000
16701 -37.852623 38.800449 -11.845905 1.000000
16702 -37.599968 40.100231 -11.915926 1.000000
16705 -38.384281 45.126892 -12.150778 1.000000
16706 -33.731285 44.148979 -10.889002 1.000000
16707 -35.383316 43.566711 -11.112471 1.000000
16708 -34.026203 42.708504 -11.079725 1.000000
16709 -34.426167 41.333508 -10.859596 1.000000
16710 -32.880592 41.739773 -10.747995 1.000000
16711 -31.920177 40.830257 -10.210333 1.000000
16712 -31.622919 41.806610 -11.377614 1.000000
20231 -37.391609 32.366692 -10.827299 1.000000
20235 -36.601555 30.137177 -12.179953 1.000000
20236 -30.468353 35.577049 -7.546921 1.000000
20237 -32.270107 34.739433 -8.028090 1.000000
20238 -30.914255 34.152599 -8.219970 1.000000
20239 -30.580393 31.858088 -11.582196 1.000000
20240 -31.794611 31.863495 -10.923201 1.000000
20241 -32.346649 31.075541 -12.679670 1.000000
20242 -34.045677 30.146896 -13.651876 1.000000
20243 -32.854187 30.566845 -14.477806 1.000000
20244 -33.517952 29.791142 -16.129906 1.000000
20245 -31.736378 30.743122 -15.106824 1.000000
20246 -28.100439 29.335629 -14.654854 1.000000
20247 -29.843235 29.522068 -16.109814 1.000000
23919 -27.073400 39.169739 -9.702288 1.000000
24999 -36.785515 45.833702 -11.167902 1.000000
25002 -32.452778 44.369556 -11.603696 1.000000
25003 -31.515717 43.037521 -12.248348 1.000000
27113 -38.840733 35.880985 -11.627645 1.000000
27114 -39.449047 34.253750 -11.857379 1.000000
27115 -38.015179 34.868629 -10.631016 1.000000
27116 -36.954399 33.922039 -10.050137 1.000000
27117 -35.694866 33.142231 -9.791415 1.000000
27118 -27.838266 34.346302 -8.412736 1.000000
27119 -29.648279 33.666939 -8.743162 1.000000
27120 -28.324057 33.255753 -9.384235 1.000000
27121 -28.830547 32.332855 -10.706297 1.000000
27122 -29.331049 31.548237 -12.163730 1.000000
27123 -29.990372 30.915796 -13.792898 1.000000
27124 -28.297531 30.801533 -12.578313 1.000000
27125 -27.354542 30.022846 -13.006968 1.000000
27126 -26.431036 29.169455 -13.402802 1.000000
30848 -32.799187 38.460442 -8.469179 1.000000
30849 -33.233746 36.985706 -8.035877 1.000000
30850 -31.507730 37.694759 -7.812776 1.000000
30851 -30.172131 36.950386 -7.521052 1.000000
30852 -28.785503 36.308701 -7.536095 1.000000
30853 -27.153070 38.146809 -8.849256 1.000000
30854 -27.191151 36.984428 -8.041424 1.000000
30855 -27.412115 35.684280 -7.929090 1.000000
30856 -26.055828 35.051559 -8.479212 1.000000
33250 -39.623558 36.896061 -12.654041 1.000000
33251 -38.319599 37.373711 -11.640812 1.000000
33252 -36.918056 37.952625 -10.721521 1.000000
33253 -35.439816 38.563953 -9.860209 1.000000
33256 -38.636494 42.187866 -12.510566 1.000000
33257 -36.921021 44.369118 -11.684873 1.000000
33258 -37.086864 42.889778 -11.899411 1.000000
33259 -37.312813 41.465828 -11.974797 1.000000
33260 -36.045647 40.650204 -11.491532 1.000000
33261 -34.877075 40.040535 -10.418181 1.000000
33262 -33.850498 39.254463 -9.310524 1.000000
33263 -32.307972 39.704628 -9.208520 1.000000
33264 -30.806351 40.068417 -9.619092 1.000000
33265 -29.423035 40.215458 -10.362803 1.000000
33266 -30.503519 41.779320 -12.238756 1.000000
33267 -29.301807 41.126507 -11.589174 1.000000
33268 -28.199696 40.767216 -10.808099 1.000000
37594 -33.648735 35.440460 -8.115713 1.000000
37595 -34.005630 33.948181 -8.803453 1.000000
37596 -34.432461 32.515018 -9.954332 1.000000
37597 -31.379358 32.890129 -9.422525 1.000000
37598 -33.139442 32.020618 -10.322428 1.000000
37599 -34.882263 31.115406 -11.297542 1.000000
37600 -35.267685 29.884644 -12.834787 1.000000
37601 -35.827007 28.961491 -14.482979 1.000000
37603 -35.158409 28.404133 -16.648605 1.000000
37604 -34.176464 28.602924 -17.304859 1.000000
37606 -30.708435 30.392090 -15.592786 1.000000
