#!ascii label, projected from MNI152NLin2009cAsym to fsaverage6
155
43 -40.612644 3.491040 47.694679 1.000000
215 -37.603016 5.663503 55.381248 1.000000
216 -42.242332 14.096568 45.593281 1.000000
695 -34.164951 8.005838 56.051037 1.000000
696 -37.219662 13.335464 52.794212 1.000000
1537 -39.012875 4.750714 51.121498 1.000000
1538 -39.773693 8.824250 46.805256 1.000000
1539 -40.168365 10.902403 50.819283 1.000000
1540 -39.497475 17.294695 47.972267 1.000000
1809 -40.332588 1.063611 48.355904 1.000000
1810 -36.396553 1.849198 50.730831 1.000000
2920 -42.532051 3.294520 46.132763 1.000000
2922 -39.025326 4.129317 45.159973 1.000000
3520 -38.775734 5.109670 53.511333 1.000000
3521 -39.427052 7.615438 51.423546 1.000000
3522 -39.155472 8.408745 53.496819 1.000000
3524 -38.299683 15.637401 50.336170 1.000000
3525 -37.442032 19.240850 48.923008 1.000000
3978 -38.250355 1.368635 49.083862 1.000000
4443 -41.174000 11.606058 46.245277 1.000000
5857 -36.081123 6.925046 56.077648 1.000000
5858 -37.733711 9.596278 54.705608 1.000000
7423 -39.416794 3.997560 49.186974 1.000000
7424 -38.824360 5.606527 46.983589 1.000000
7425 -38.955605 6.794055 49.131142 1.000000
7426 -40.326439 9.966990 48.796856 1.000000
7427 -41.130455 12.886389 48.182320 1.000000
7428 -38.869656 11.905987 52.054405 1.000000
7429 -40.148064 14.120847 49.467030 1.000000
7430 -41.590759 15.821564 47.122921 1.000000
7431 -40.314476 18.374912 45.403637 1.000000
8052 -43.348984 2.638972 48.017731 1.000000
8061 -41.404350 2.557826 49.349773 1.000000
8062 -39.942020 2.490821 50.361938 1.000000
8063 -38.586075 2.860912 51.768291 1.000000
8064 -37.078697 3.262925 53.767693 1.000000
8067 -35.361027 3.770746 55.029488 1.000000
8068 -33.714218 4.795821 55.401917 1.000000
8650 -38.712395 7.299089 44.934113 1.000000
10600 -41.504700 3.318227 46.911530 1.000000
10601 -40.544548 3.426949 45.555687 1.000000
10602 -39.793228 3.725861 46.396599 1.000000
11200 -38.340652 5.233084 54.441345 1.000000
11201 -38.981926 6.597291 53.693134 1.000000
11202 -38.486328 6.936418 54.661621 1.000000
11204 -36.967403 18.353083 49.852573 1.000000
11206 -36.852257 20.794720 48.392723 1.000000
12123 -41.788429 12.888545 45.934288 1.000000
12124 -41.379452 12.120068 44.960495 1.000000
12125 -41.923748 13.269046 44.596718 1.000000
13600 -35.171925 7.418893 56.080566 1.000000
13601 -36.094746 9.021512 55.799702 1.000000
16315 -39.140282 4.462244 50.065849 1.000000
16316 -38.831718 5.350281 48.987236 1.000000
16317 -38.908367 5.800140 50.138226 1.000000
16318 -39.881542 9.271172 51.211567 1.000000
16319 -39.869282 8.828279 50.097450 1.000000
16320 -40.388378 10.423304 49.843655 1.000000
16321 -40.819630 11.452118 48.543987 1.000000
16322 -40.657082 11.923613 49.498913 1.000000
16323 -37.546761 11.463915 53.804462 1.000000
16324 -38.377632 10.798903 53.476372 1.000000
16325 -38.048698 12.521429 52.538994 1.000000
16326 -38.944756 16.608793 49.180763 1.000000
16327 -39.217327 14.866493 49.984863 1.000000
16328 -40.044868 15.762726 48.760948 1.000000
16329 -40.907520 15.069483 48.280327 1.000000
16330 -40.680359 16.524097 47.609509 1.000000
16331 -41.183678 17.193792 46.359947 1.000000
16332 -39.980324 17.795601 46.719086 1.000000
17663 -44.274998 2.653785 47.357933 1.000000
17686 -42.148079 1.745832 48.655018 1.000000
17687 -41.087669 1.710791 49.068985 1.000000
17688 -40.566799 2.511361 49.749668 1.000000
17689 -40.140053 1.718209 49.439793 1.000000
17690 -37.375053 1.647001 49.778465 1.000000
17691 -38.450813 1.955517 50.498577 1.000000
17692 -37.633781 2.250917 51.247688 1.000000
17693 -37.867443 3.064658 52.696861 1.000000
17694 -36.690983 2.473615 52.312416 1.000000
17701 -34.854836 2.665851 53.880188 1.000000
17702 -34.091122 3.061021 54.244995 1.000000
17703 -34.659130 4.235426 55.256470 1.000000
19083 -39.060551 7.261157 46.936455 1.000000
19084 -38.764397 6.548728 45.999760 1.000000
19085 -39.263039 8.170788 45.936790 1.000000
23686 -43.568031 3.185423 45.319130 1.000000
23688 -41.680000 3.215659 44.788883 1.000000
23689 -39.696739 3.601296 44.323616 1.000000
24766 -38.977333 4.973373 52.302422 1.000000
24767 -39.046741 6.236514 51.395393 1.000000
24768 -39.064983 6.391567 52.644043 1.000000
24769 -39.451302 7.966182 52.531818 1.000000
24770 -39.596951 9.715423 52.176697 1.000000
24772 -37.700165 14.524135 51.509224 1.000000
24773 -37.321236 16.449848 50.529182 1.000000
24774 -37.930641 17.503927 49.544479 1.000000
24775 -38.402996 18.307270 48.385059 1.000000
24776 -38.724266 18.727167 47.103378 1.000000
24777 -37.756794 19.798992 47.708260 1.000000
25590 -39.270496 1.136584 48.528999 1.000000
26427 -40.545609 10.219507 46.558044 1.000000
26428 -40.049541 9.596472 45.585136 1.000000
26429 -40.816490 10.832771 45.189842 1.000000
29023 -36.852207 6.192210 55.876171 1.000000
29024 -37.829090 7.585317 55.316139 1.000000
29025 -37.015663 8.305960 55.721031 1.000000
29026 -36.921101 10.294388 54.986633 1.000000
32761 -39.910469 3.766568 48.516418 1.000000
32762 -39.272301 4.246061 47.210228 1.000000
32763 -38.995766 4.815184 48.069401 1.000000
32764 -38.862568 6.289758 47.963337 1.000000
32765 -39.364422 7.847686 47.907513 1.000000
32766 -39.176636 7.234521 50.289162 1.000000
32767 -39.620808 8.323863 49.035118 1.000000
32768 -40.124195 9.388139 47.719345 1.000000
32769 -40.789345 10.858957 47.460854 1.000000
32770 -41.327820 12.231161 47.216209 1.000000
32771 -41.718658 13.579458 46.848133 1.000000
32772 -38.500458 8.909038 54.278454 1.000000
32773 -39.109486 10.225309 52.942577 1.000000
32774 -39.548512 11.361004 51.560131 1.000000
32775 -38.602360 13.739629 51.210854 1.000000
32776 -39.404823 12.973961 50.803619 1.000000
32777 -40.193279 12.480408 50.223614 1.000000
32778 -40.808994 13.497187 48.948387 1.000000
32779 -41.519016 14.326941 47.659210 1.000000
32780 -42.116745 14.877528 46.448334 1.000000
32781 -42.137634 16.333725 45.873096 1.000000
32782 -41.576012 17.700647 45.126823 1.000000
34468 -44.051147 3.090123 46.474915 1.000000
34469 -43.067677 3.161503 47.233185 1.000000
34470 -42.169106 3.160768 47.981956 1.000000
34496 -42.368492 2.656553 48.719402 1.000000
34497 -41.235821 3.171002 48.813770 1.000000
34498 -40.422157 3.221905 49.480659 1.000000
34499 -39.877861 3.274356 50.038765 1.000000
34500 -39.472931 3.495633 50.778740 1.000000
34501 -39.243179 1.810157 49.844963 1.000000
34502 -39.224216 2.638335 50.921890 1.000000
34503 -39.027695 3.721844 51.652588 1.000000
34504 -38.691433 3.925436 52.830070 1.000000
34505 -38.153801 4.035882 53.885395 1.000000
34506 -37.340675 4.252030 54.842022 1.000000
34512 -35.404594 1.817299 51.785736 1.000000
34513 -35.781521 2.502977 53.280670 1.000000
34514 -36.175323 3.477590 54.623528 1.000000
34515 -36.565216 4.648314 55.498146 1.000000
34516 -35.799595 5.169311 55.797283 1.000000
34517 -35.078102 5.641643 55.889275 1.000000
34518 -33.996170 6.174941 55.950890 1.000000
34521 -32.801105 6.744792 55.967510 1.000000
36202 -38.806896 4.949972 46.026684 1.000000
36203 -38.377647 5.607894 45.011482 1.000000
36205 -39.339321 8.838266 44.613968 1.000000
