#!ascii label, projected from MNI152NLin2009cAsym to fsaverage6
1073
13 -37.586742 24.336662 24.561487 1.000000
94 -36.489849 0.802917 30.982208 1.000000
120 -53.876148 21.509766 16.586203 1.000000
213 -49.792839 2.588277 28.939617 1.000000
262 -37.152458 14.875310 22.522820 1.000000
263 -49.166176 14.207349 21.731754 1.000000
264 -43.093124 21.159397 19.149237 1.000000
391 -45.285591 30.536236 26.426462 1.000000
392 -43.386921 31.059290 20.467737 1.000000
393 -40.749550 38.128300 20.996820 1.000000
454 -52.445549 4.033562 22.002161 1.000000
455 -38.241150 3.472449 23.633318 1.000000
456 -33.829063 13.192700 28.346558 1.000000
457 -37.464134 4.851502 38.815132 1.000000
458 -38.646416 13.729378 35.778000 1.000000
459 -44.895630 23.291805 32.334953 1.000000
742 -35.705173 19.921459 23.120203 1.000000
743 -40.043999 18.083971 20.716032 1.000000
744 -37.769905 22.750322 20.607391 1.000000
892 -42.060326 33.250710 27.470272 1.000000
893 -42.445381 33.721058 23.340145 1.000000
995 -43.017906 -0.533957 29.056156 1.000000
996 -43.623329 2.371229 26.207006 1.000000
997 -36.594563 1.928583 27.143093 1.000000
998 -33.777382 7.713105 25.717432 1.000000
999 -33.292763 6.610954 29.466125 1.000000
1001 -42.032314 1.195522 40.575470 1.000000
1004 -41.659801 14.599277 40.375221 1.000000
1005 -42.499763 19.453892 38.084877 1.000000
1006 -41.209084 19.052788 34.258785 1.000000
1150 -52.670399 18.124975 20.284166 1.000000
1151 -53.223320 14.857603 15.484915 1.000000
1152 -53.766785 17.598103 15.359781 1.000000
1155 -38.787411 33.093533 17.967041 1.000000
1156 -39.701927 28.673065 16.872353 1.000000
1536 -41.916084 -1.880412 32.427071 1.000000
1624 -40.320122 9.838300 21.623768 1.000000
1625 -45.351799 11.344602 19.137762 1.000000
1626 -42.979374 13.790489 23.014977 1.000000
1627 -46.817623 17.158157 21.201614 1.000000
1628 -49.218742 21.487087 18.094257 1.000000
1873 -42.087376 27.587427 26.270573 1.000000
1874 -41.086132 28.468014 22.954443 1.000000
1875 -45.337669 31.849762 23.393871 1.000000
1876 -42.533699 34.406071 20.823019 1.000000
1877 -37.387218 37.254147 17.555895 1.000000
2017 -50.746799 3.840003 25.588146 1.000000
2018 -45.576881 2.558415 22.750803 1.000000
2019 -40.612137 4.769485 20.673708 1.000000
2020 -36.324448 8.746495 23.116299 1.000000
2021 -33.918438 14.409228 24.786823 1.000000
2022 -35.567268 19.675510 27.144547 1.000000
2024 -41.215107 -0.813752 36.863411 1.000000
2025 -37.401352 2.225861 34.990692 1.000000
2026 -39.921108 10.175789 41.682575 1.000000
2027 -37.845894 9.573024 37.035927 1.000000
2028 -35.037785 7.510684 33.418221 1.000000
2029 -35.750050 13.673897 32.204075 1.000000
2030 -38.530876 18.768793 30.872192 1.000000
2031 -41.038216 23.799988 28.240412 1.000000
2032 -45.350739 26.765696 28.857788 1.000000
2033 -43.495380 29.345440 29.339127 1.000000
2211 -48.861042 12.429785 15.012319 1.000000
2217 -40.176151 26.238819 19.295399 1.000000
2218 -44.810936 24.978464 17.112274 1.000000
2219 -50.233173 25.112127 14.469302 1.000000
2662 -36.132423 22.312632 23.639948 1.000000
2663 -36.620338 21.408550 21.744061 1.000000
2664 -36.974308 23.901438 22.426159 1.000000
2915 -39.465382 -0.708165 29.792255 1.000000
2916 -39.659904 0.316130 28.155706 1.000000
2917 -36.379700 1.222521 29.022358 1.000000
2918 -34.323891 3.772571 28.169353 1.000000
2919 -34.400063 3.391898 30.150660 1.000000
3070 -53.348633 20.098463 18.648098 1.000000
3071 -54.250896 17.970671 17.981709 1.000000
3072 -54.336243 19.688282 16.525045 1.000000
3073 -53.192444 19.484249 14.208865 1.000000
3074 -54.214882 21.129543 14.240644 1.000000
3075 -35.822868 34.342358 15.582883 1.000000
3076 -36.337517 31.746618 15.687268 1.000000
3518 -45.237629 -1.530814 31.645044 1.000000
3519 -44.662170 -2.057120 33.703987 1.000000
3667 -38.608829 12.287514 22.721107 1.000000
3668 -41.463661 11.854273 22.500721 1.000000
3669 -39.964375 14.244540 22.423260 1.000000
3670 -41.659054 19.486095 19.840736 1.000000
3671 -43.370838 17.430923 20.531479 1.000000
3672 -44.992645 19.312084 19.502552 1.000000
3673 -48.182331 19.193939 19.567745 1.000000
3674 -46.243965 21.235514 18.612448 1.000000
4117 -44.249245 28.983664 26.471323 1.000000
4118 -43.820217 29.726604 24.973724 1.000000
4119 -45.350807 31.271704 25.049994 1.000000
4120 -41.538307 35.641411 22.175999 1.000000
4121 -43.044914 34.236782 22.004486 1.000000
4122 -41.362297 35.890743 20.640644 1.000000
4123 -40.151413 35.709404 19.296871 1.000000
4124 -39.277367 37.568752 19.337330 1.000000
4415 -55.197327 5.155810 21.061846 1.000000
4417 -52.642120 4.102199 20.348135 1.000000
4419 -49.652031 3.460704 20.849371 1.000000
4420 -52.981224 4.369884 29.316376 1.000000
4421 -53.248840 5.058627 27.423840 1.000000
4422 -49.807560 3.745202 27.410549 1.000000
4423 -40.726036 2.301607 24.802622 1.000000
4424 -44.617390 2.530275 24.470692 1.000000
4425 -41.723194 2.523322 23.072468 1.000000
4426 -42.602242 2.941469 21.525888 1.000000
4427 -39.383564 4.045701 22.092690 1.000000
4428 -38.302990 6.541421 21.885050 1.000000
4429 -36.846832 5.873303 23.175842 1.000000
4430 -33.089134 10.428322 27.036526 1.000000
4431 -33.620949 11.034250 25.389708 1.000000
4432 -33.558731 13.899466 26.504200 1.000000
4433 -34.179249 17.149973 26.018047 1.000000
4434 -34.514061 16.479237 27.954510 1.000000
4438 -39.057465 2.830722 39.327095 1.000000
4439 -41.576763 0.376582 38.889015 1.000000
4440 -38.922760 1.723743 37.718933 1.000000
4441 -39.011467 0.311400 35.789051 1.000000
4442 -37.635010 3.492279 36.743233 1.000000
4446 -40.326080 14.008150 37.884819 1.000000
4447 -39.491646 12.213449 38.709068 1.000000
4448 -38.197609 11.297504 36.288967 1.000000
4449 -36.376026 8.532306 35.171288 1.000000
4450 -36.736397 10.663579 34.216225 1.000000
4451 -35.228889 10.505197 32.748409 1.000000
4452 -37.157463 13.802017 34.085194 1.000000
4453 -43.310871 20.779854 33.527889 1.000000
4454 -39.982990 18.676083 32.532867 1.000000
4455 -41.715431 21.215809 31.653448 1.000000
4456 -39.972836 21.719830 29.643421 1.000000
4457 -43.215633 23.596188 30.125034 1.000000
4458 -43.554058 25.139456 28.408112 1.000000
4459 -45.399822 25.062485 30.493322 1.000000
4890 -47.159523 12.811707 20.438126 1.000000
4891 -47.277340 12.152907 17.525337 1.000000
4892 -49.203758 13.790689 18.524044 1.000000
4893 -53.769203 14.610393 11.913003 1.000000
4894 -52.330833 13.450017 11.847079 1.000000
4895 -52.684181 13.350195 8.227201 1.000000
4905 -42.802132 29.624517 22.067341 1.000000
4906 -40.011620 27.580505 21.234602 1.000000
4907 -41.242561 28.862659 20.298397 1.000000
4908 -40.566368 27.162251 14.231050 1.000000
4909 -41.804127 26.282471 16.264936 1.000000
4910 -44.225384 25.518364 14.485649 1.000000
4911 -47.553722 24.747381 15.992683 1.000000
5944 -36.059013 17.401356 22.628748 1.000000
5945 -38.503075 16.641958 21.724855 1.000000
5946 -37.378895 18.964821 21.641109 1.000000
5947 -38.619896 20.255844 20.536144 1.000000
5948 -40.114155 21.640852 19.662006 1.000000
6214 -43.759445 31.769825 26.632044 1.000000
6215 -43.994419 32.447197 24.941242 1.000000
6216 -41.956287 33.313690 25.321796 1.000000
6217 -40.973358 35.684944 24.052031 1.000000
6396 -55.019371 5.041081 23.010403 1.000000
6397 -46.489014 0.779063 28.718037 1.000000
6398 -46.512543 2.398284 27.681889 1.000000
6399 -43.256756 0.968138 27.796576 1.000000
6400 -39.988533 1.544366 26.471613 1.000000
6401 -37.204479 2.768882 25.319885 1.000000
6402 -35.636383 5.279023 24.576382 1.000000
6403 -34.731422 4.522643 26.259527 1.000000
6404 -33.229301 7.072537 27.490582 1.000000
6405 -33.109558 9.942701 29.033010 1.000000
6408 -43.107807 2.125382 42.570854 1.000000
6409 -39.522408 3.020560 41.312378 1.000000
6410 -37.711109 5.422126 41.153839 1.000000
6414 -42.390049 17.051662 39.584587 1.000000
6415 -40.743931 16.524883 37.104622 1.000000
6416 -39.460278 16.665716 35.149597 1.000000
6417 -42.072929 19.178265 35.961937 1.000000
6418 -43.998322 21.175312 35.300991 1.000000
6419 -45.724800 23.222830 34.547905 1.000000
6420 -46.187702 25.237007 32.804073 1.000000
6678 -51.272591 16.054836 21.656216 1.000000
6679 -51.528015 15.161197 19.084675 1.000000
6680 -53.435467 16.424179 18.775833 1.000000
6681 -54.174633 16.004728 15.571043 1.000000
6687 -41.837067 32.259968 19.271042 1.000000
6688 -41.559978 30.146282 18.893539 1.000000
6689 -39.364342 31.147644 17.605831 1.000000
6690 -38.023994 29.600758 15.122110 1.000000
7420 -46.035286 -0.581138 29.911615 1.000000
7421 -42.421707 -1.541396 30.537100 1.000000
7422 -39.212414 -0.991577 31.611395 1.000000
7630 -41.729782 8.446451 19.697426 1.000000
7631 -43.784531 9.273817 18.226837 1.000000
7632 -42.888130 10.330019 20.574636 1.000000
7633 -44.532726 11.852942 21.858112 1.000000
7634 -46.225208 13.375341 22.867147 1.000000
7635 -41.643124 15.841327 21.549595 1.000000
7636 -44.731804 15.386202 22.453444 1.000000
7637 -48.159630 15.443350 22.968060 1.000000
7638 -50.038677 17.507673 21.540827 1.000000
7639 -50.998020 19.702778 19.422964 1.000000
7640 -51.939598 21.700768 17.689693 1.000000
8239 -39.758339 26.051285 25.592253 1.000000
8240 -39.073711 26.647160 23.779758 1.000000
8241 -41.564148 28.443096 24.715885 1.000000
8242 -43.727577 30.071671 23.394987 1.000000
8243 -44.844692 31.615780 21.877161 1.000000
8244 -44.507030 33.162895 23.308891 1.000000
8245 -44.431866 33.227867 21.809835 1.000000
8246 -43.540230 32.990376 20.648121 1.000000
8247 -41.052834 34.085655 19.553453 1.000000
8248 -38.145489 35.160053 17.910444 1.000000
8249 -35.907379 37.058846 15.125021 1.000000
8624 -54.162163 5.039395 25.361107 1.000000
8625 -51.819252 3.791338 23.657963 1.000000
8626 -47.229118 3.010983 25.842793 1.000000
8627 -48.324028 2.952157 24.091724 1.000000
8628 -49.268101 3.106367 22.634424 1.000000
8629 -46.165154 2.784735 21.124531 1.000000
8630 -43.441460 3.487078 19.910757 1.000000
8632 -39.968109 7.349885 20.691507 1.000000
8633 -38.201591 9.259363 22.277452 1.000000
8634 -36.521137 11.956633 23.078745 1.000000
8635 -34.816956 8.241889 24.285673 1.000000
8636 -34.763542 11.534956 23.989817 1.000000
8637 -35.143719 14.771584 23.406851 1.000000
8638 -34.659039 17.434401 24.168985 1.000000
8639 -35.194813 20.154613 25.003119 1.000000
8640 -36.678436 22.190811 25.716547 1.000000
8644 -45.164757 -0.502866 40.550072 1.000000
8645 -44.505394 -1.385192 38.422356 1.000000
8646 -44.245079 -2.117437 36.057789 1.000000
8647 -41.439766 -1.685392 34.695606 1.000000
8648 -39.023911 -0.631580 33.827259 1.000000
8649 -36.770653 1.255843 33.115273 1.000000
8652 -38.224018 7.579854 40.441669 1.000000
8653 -40.697948 12.369832 41.175541 1.000000
8654 -39.030869 10.118797 39.235249 1.000000
8655 -37.839699 6.813030 38.102928 1.000000
8656 -36.736275 5.987596 36.114952 1.000000
8657 -35.770027 4.962969 34.277325 1.000000
8658 -34.866577 3.931955 32.346405 1.000000
8659 -33.970436 6.889937 31.560745 1.000000
8660 -33.870739 10.081589 31.069973 1.000000
8661 -34.689091 13.078056 30.334423 1.000000
8662 -38.312023 16.571602 33.175972 1.000000
8663 -37.099251 15.986453 31.411203 1.000000
8664 -35.743622 16.059841 29.803503 1.000000
8665 -36.924644 19.284973 29.160162 1.000000
8666 -38.182564 22.067575 27.790522 1.000000
8667 -39.079308 24.052317 26.619751 1.000000
8668 -41.548958 25.421928 27.001806 1.000000
8669 -43.808968 27.048382 27.291265 1.000000
8670 -45.472900 28.650385 27.615295 1.000000
8671 -45.697144 26.835546 30.899176 1.000000
8672 -45.420235 28.365452 29.257431 1.000000
8673 -45.002731 30.136744 28.045914 1.000000
8674 -43.062706 31.372946 28.411301 1.000000
9195 -45.765106 10.005655 16.478086 1.000000
9196 -47.281425 10.405719 14.445636 1.000000
9198 -50.962414 13.900632 15.344978 1.000000
9199 -50.075752 12.310641 11.857992 1.000000
9213 -38.412758 25.909582 21.658298 1.000000
9214 -39.116787 24.547251 19.861511 1.000000
9215 -41.380859 23.556507 18.961973 1.000000
9216 -40.664864 27.614197 18.410479 1.000000
9217 -42.224487 25.250294 17.959114 1.000000
9218 -44.137474 23.425556 18.617035 1.000000
9219 -47.179008 23.712566 18.343931 1.000000
9220 -50.035519 23.802853 17.090830 1.000000
9221 -52.421570 23.633957 15.553752 1.000000
9230 -53.681976 23.244448 13.648193 1.000000
10342 -36.749382 23.381062 24.051527 1.000000
10343 -36.499344 23.113663 22.969450 1.000000
10344 -37.162033 24.259054 23.472998 1.000000
10595 -37.833138 -0.126290 30.361887 1.000000
10596 -37.854816 0.157811 29.466751 1.000000
10597 -36.469215 0.952452 30.018555 1.000000
10598 -35.261662 2.125000 29.626934 1.000000
10599 -35.362892 1.989694 30.586864 1.000000
10750 -53.721203 20.880198 17.642685 1.000000
10751 -54.131001 19.931286 17.771477 1.000000
10752 -54.322029 20.644503 16.792675 1.000000
10753 -54.326885 20.428761 15.512095 1.000000
10754 -54.272545 21.288183 15.538892 1.000000
11198 -46.311092 -1.720264 33.365658 1.000000
11199 -46.063320 -2.033051 34.449806 1.000000
11347 -37.828259 13.540489 22.638891 1.000000
11348 -39.218544 13.325716 22.626583 1.000000
11349 -38.494690 14.512650 22.395710 1.000000
11350 -42.403221 20.281042 19.489635 1.000000
11351 -43.302479 19.395838 19.602936 1.000000
11352 -44.066048 20.272013 19.239002 1.000000
11353 -45.610268 20.265692 19.035254 1.000000
11354 -44.673580 21.152838 18.878927 1.000000
11797 -45.053791 29.732508 26.423504 1.000000
11798 -44.837852 30.120398 25.750235 1.000000
11799 -45.252918 30.875805 25.810688 1.000000
11800 -41.135017 36.895638 21.670986 1.000000
11801 -41.556610 35.732903 21.370220 1.000000
11802 -40.870930 36.853199 20.800266 1.000000
11803 -40.412891 36.757893 20.004955 1.000000
11804 -40.159584 37.849201 20.192997 1.000000
12095 -53.878120 4.586212 21.514736 1.000000
12096 -54.009369 4.626647 20.717800 1.000000
12097 -52.605408 4.145327 21.229832 1.000000
12098 -51.182728 3.810881 20.606138 1.000000
12099 -51.129017 3.740973 21.575771 1.000000
12100 -51.335155 3.481963 29.136175 1.000000
12101 -51.267036 3.990915 28.356670 1.000000
12102 -49.668983 3.273379 28.292034 1.000000
12103 -39.385124 2.624678 24.181040 1.000000
12104 -41.239601 2.410094 23.928158 1.000000
12105 -39.893730 2.874818 23.305624 1.000000
12106 -40.375755 3.131514 22.460857 1.000000
12107 -38.833427 3.754352 22.830826 1.000000
12108 -38.079071 4.878697 22.618437 1.000000
12109 -37.452492 4.581136 23.293278 1.000000
12110 -33.292290 11.855174 27.748367 1.000000
12111 -33.311058 12.126432 26.827679 1.000000
12112 -33.652431 13.560188 27.446545 1.000000
12113 -33.908226 15.246117 27.236628 1.000000
12114 -34.168415 14.818079 28.128418 1.000000
12118 -38.045948 3.831332 39.024559 1.000000
12119 -38.979774 2.382482 38.510361 1.000000
12120 -38.055283 3.308967 38.095886 1.000000
12121 -38.128002 2.524459 37.211021 1.000000
12122 -37.597698 4.195554 37.704941 1.000000
12126 -39.461102 13.686831 36.728138 1.000000
12127 -39.175480 12.616940 37.046234 1.000000
12128 -38.361217 12.253866 36.015381 1.000000
12129 -37.480045 10.891508 35.183441 1.000000
12130 -37.648815 12.177177 34.982632 1.000000
12131 -36.858604 12.130677 34.204155 1.000000
12132 -37.906357 13.781164 34.943047 1.000000
12133 -44.169350 21.965239 33.022751 1.000000
12134 -42.535519 20.953495 32.561020 1.000000
12135 -43.379940 22.323765 32.011162 1.000000
12136 -42.472584 22.577408 30.990566 1.000000
12137 -44.096012 23.474308 31.198994 1.000000
12138 -44.473526 24.233715 30.280415 1.000000
12139 -45.289906 24.184824 31.414820 1.000000
12570 -48.081593 13.410700 21.153376 1.000000
12571 -48.121727 13.397781 19.580513 1.000000
12572 -49.292240 14.013415 20.205297 1.000000
12574 -53.241180 13.949097 10.054149 1.000000
12575 -52.915352 14.033686 8.180792 1.000000
12585 -43.314415 30.204956 21.247015 1.000000
12586 -42.011272 29.279013 21.145699 1.000000
12587 -42.400627 29.865643 20.433701 1.000000
12589 -42.396690 26.224613 14.181368 1.000000
13747 -35.771217 18.669008 22.911886 1.000000
13748 -36.727749 18.281204 22.176458 1.000000
13749 -36.378979 19.503107 22.313602 1.000000
13750 -37.187313 22.010368 21.139797 1.000000
13751 -37.417770 20.816906 21.032131 1.000000
13752 -38.112965 21.423241 20.472340 1.000000
13753 -39.371452 20.970360 20.121151 1.000000
13754 -38.833565 22.168592 19.997314 1.000000
14197 -42.802521 32.358665 27.004063 1.000000
14198 -42.843555 32.487206 26.082050 1.000000
14199 -42.068695 33.271114 26.491577 1.000000
14203 -41.033455 37.095390 23.579029 1.000000
14498 -56.317730 5.612422 22.685995 1.000000
14499 -56.092407 5.649497 23.874809 1.000000
14500 -44.798027 0.002698 28.809723 1.000000
14501 -44.875824 0.810460 28.322851 1.000000
14502 -43.188591 0.196846 28.392202 1.000000
14503 -38.003212 1.036390 27.658665 1.000000
14504 -39.796253 0.947089 27.361191 1.000000
14505 -38.152267 1.508951 26.797195 1.000000
14506 -38.520546 2.000121 25.853189 1.000000
14507 -36.900932 2.365149 26.240101 1.000000
14508 -35.874218 3.494644 25.749210 1.000000
14509 -35.501549 3.127836 26.688269 1.000000
14510 -33.602341 5.174135 28.764175 1.000000
14511 -33.621159 5.451768 27.754507 1.000000
14512 -33.168873 6.826022 28.483994 1.000000
14513 -32.972595 8.481148 28.307369 1.000000
14514 -33.028080 8.316549 29.257374 1.000000
14519 -40.039581 3.112863 42.374744 1.000000
14520 -38.593548 4.085195 42.069950 1.000000
14521 -38.263515 4.129155 41.142113 1.000000
14522 -37.959435 5.421052 42.084572 1.000000
14528 -42.511559 18.233242 38.929497 1.000000
14529 -41.619892 16.731266 38.311859 1.000000
14530 -41.868824 17.959362 37.628841 1.000000
14531 -41.306126 17.907001 36.473316 1.000000
14532 -42.472862 19.237856 36.938061 1.000000
14536 -44.977940 22.117504 35.016308 1.000000
14970 -52.061329 17.055775 21.051647 1.000000
14971 -52.490639 16.432655 20.368679 1.000000
14972 -53.187538 17.277454 19.898775 1.000000
14973 -54.232780 17.780567 16.639889 1.000000
14974 -54.232868 16.935596 16.954830 1.000000
14975 -54.022072 16.719662 15.488523 1.000000
14976 -53.922741 15.816160 13.845865 1.000000
14977 -53.413872 16.470182 14.028845 1.000000
14979 -52.849998 17.339752 14.207922 1.000000
14980 -52.954418 20.191284 13.361277 1.000000
14981 -52.058002 19.205868 13.445386 1.000000
14985 -40.393723 32.710670 18.707397 1.000000
14986 -40.599529 31.699594 18.469677 1.000000
14987 -39.034325 32.079979 17.849159 1.000000
14989 -37.074669 30.717030 15.547503 1.000000
16310 -43.536152 -1.888107 31.996906 1.000000
16311 -43.814980 -1.611909 31.001957 1.000000
16312 -42.185722 -1.778640 31.434473 1.000000
16313 -40.820568 -1.470068 31.024176 1.000000
16314 -40.623920 -1.564126 31.965815 1.000000
16762 -41.033226 9.114978 20.644646 1.000000
16763 -42.227364 9.475263 20.068377 1.000000
16764 -41.597248 10.077568 21.127544 1.000000
16765 -42.119057 12.823796 22.899494 1.000000
16766 -42.912243 11.781515 22.318068 1.000000
16767 -43.692638 12.556790 22.823391 1.000000
16768 -45.421131 12.608701 22.390467 1.000000
16769 -44.544750 13.519229 23.215298 1.000000
16770 -39.248108 17.412722 21.220488 1.000000
16771 -40.011581 16.180325 21.504587 1.000000
16772 -40.927769 16.984438 21.018808 1.000000
16773 -45.099739 17.200857 20.776073 1.000000
16774 -44.226856 16.351206 21.377565 1.000000
16775 -45.802406 16.297239 21.910048 1.000000
16776 -46.415585 15.317099 22.859262 1.000000
16777 -47.581367 16.318897 22.346783 1.000000
16778 -49.254402 16.445740 22.446386 1.000000
16779 -48.515659 17.244120 21.526211 1.000000
16780 -48.667549 20.301685 18.784019 1.000000
16781 -49.644745 19.392923 19.610489 1.000000
16782 -50.056065 20.535564 18.614706 1.000000
16783 -51.412178 20.777946 18.559111 1.000000
16784 -50.563541 21.705273 17.821476 1.000000
18112 -40.975883 26.933786 26.053171 1.000000
18113 -40.577881 27.340250 25.204235 1.000000
18114 -41.763401 28.085270 25.558819 1.000000
18115 -44.812679 30.754166 24.193140 1.000000
18116 -43.845276 29.984232 24.161539 1.000000
18117 -44.789032 30.864141 23.465801 1.000000
18118 -44.549545 30.742075 22.710613 1.000000
18119 -45.233509 31.829792 22.549999 1.000000
18120 -43.113659 33.063774 24.092770 1.000000
18121 -44.204720 32.847900 24.123600 1.000000
18122 -43.514610 33.427757 23.267019 1.000000
18123 -42.983299 34.430595 21.407745 1.000000
18124 -43.825127 33.702503 21.939972 1.000000
18125 -43.537933 33.749107 21.330809 1.000000
18126 -44.090984 33.165539 21.225367 1.000000
18127 -43.056194 33.690269 20.738407 1.000000
18128 -42.398087 33.499512 20.180130 1.000000
18129 -41.881363 34.313519 20.249308 1.000000
18130 -38.685680 36.314030 18.571484 1.000000
18131 -39.128937 35.434818 18.674328 1.000000
18132 -37.797523 36.186386 17.762615 1.000000
18133 -36.821720 36.023533 16.805740 1.000000
18134 -36.635193 37.207924 16.483809 1.000000
19018 -51.956207 4.403954 26.446133 1.000000
19019 -53.667206 5.108170 26.411621 1.000000
19020 -52.496716 4.358235 25.464569 1.000000
19021 -53.056648 4.350245 24.439684 1.000000
19022 -51.342346 3.794389 24.636473 1.000000
19023 -45.061867 2.377898 26.956720 1.000000
19024 -46.773315 2.939742 26.757526 1.000000
19025 -45.456230 2.745090 25.947979 1.000000
19026 -45.073528 2.488315 23.674295 1.000000
19027 -46.485474 2.714859 24.257437 1.000000
19028 -46.975536 2.719909 23.507706 1.000000
19029 -48.818497 2.965222 23.299223 1.000000
19030 -47.447113 2.800740 22.681782 1.000000
19031 -47.736427 2.905504 21.851725 1.000000
19032 -45.886517 2.699713 21.876972 1.000000
19033 -41.446396 3.702314 21.052969 1.000000
19034 -43.043873 3.206555 20.766319 1.000000
19035 -41.972820 4.079406 20.230429 1.000000
19037 -41.245007 5.240418 19.896893 1.000000
19038 -40.896843 6.560372 19.822735 1.000000
19039 -40.135414 6.063815 20.498617 1.000000
19040 -37.320805 7.527743 22.533878 1.000000
19041 -38.173286 7.875035 21.981892 1.000000
19042 -37.259064 9.013867 22.676968 1.000000
19043 -37.361500 10.593791 22.810009 1.000000
19044 -36.338100 10.365416 23.127453 1.000000
19045 -34.581585 6.430459 25.141836 1.000000
19046 -35.159569 6.667153 24.430637 1.000000
19047 -34.222694 7.920676 24.968838 1.000000
19048 -33.745979 12.723261 25.072687 1.000000
19049 -34.131012 11.301436 24.600801 1.000000
19050 -34.254097 12.982181 24.280619 1.000000
19051 -34.900005 13.178183 23.679636 1.000000
19052 -34.446121 14.602595 24.014818 1.000000
19053 -34.795036 16.171413 23.700918 1.000000
19054 -34.251019 16.032381 24.532476 1.000000
19055 -34.691734 18.475187 26.670734 1.000000
19056 -34.629509 18.772573 25.664219 1.000000
19057 -35.270332 19.907078 26.084148 1.000000
19058 -35.830444 21.228443 25.371521 1.000000
19059 -36.192177 21.087322 26.439442 1.000000
19068 -44.023994 0.819004 41.422123 1.000000
19070 -43.563404 0.250491 40.537354 1.000000
19071 -41.322918 -0.185247 37.933014 1.000000
19072 -42.966129 -0.581164 38.694744 1.000000
19073 -42.788139 -1.171712 37.548470 1.000000
19074 -44.308559 -1.875234 37.282326 1.000000
19075 -42.689442 -1.700428 36.494843 1.000000
19076 -42.749641 -1.993195 35.371868 1.000000
19077 -41.320671 -1.343386 35.780434 1.000000
19078 -38.138313 1.149704 35.338337 1.000000
19079 -39.002697 -0.215396 34.840885 1.000000
19080 -38.040310 0.694104 34.510498 1.000000
19081 -37.920010 0.262892 33.522732 1.000000
19082 -37.075417 1.743699 34.094078 1.000000
19088 -39.267353 8.997187 42.246445 1.000000
19089 -38.397827 7.878928 41.584885 1.000000
19090 -39.062878 8.811471 41.020664 1.000000
19093 -41.218307 13.451044 40.874287 1.000000
19094 -38.720299 11.070414 37.717255 1.000000
19095 -39.410820 11.308695 38.906590 1.000000
19096 -38.520473 9.959328 38.071659 1.000000
19097 -38.403278 8.538811 38.571926 1.000000
19098 -37.787056 8.230404 37.491405 1.000000
19099 -37.380459 6.426629 37.036957 1.000000
19100 -37.035248 7.871031 36.568096 1.000000
19101 -35.645531 7.936578 34.300377 1.000000
19102 -35.743896 6.829075 34.807163 1.000000
19103 -35.232533 6.272130 33.894783 1.000000
19104 -35.223701 4.426776 33.323483 1.000000
19105 -34.730320 5.807261 32.864769 1.000000
19106 -34.335499 5.434350 31.902924 1.000000
19107 -34.466045 7.160039 32.498554 1.000000
19108 -35.330410 12.199518 32.625195 1.000000
19109 -34.500427 10.317442 31.959793 1.000000
19110 -34.721737 11.928100 31.745010 1.000000
19111 -34.182446 11.665964 30.791330 1.000000
19112 -35.149158 13.317535 31.317585 1.000000
19113 -40.198181 18.044643 34.714069 1.000000
19114 -38.885536 16.714424 34.205654 1.000000
19115 -39.678333 17.870960 33.731102 1.000000
19116 -39.323822 18.529388 31.709538 1.000000
19117 -38.456184 17.276821 32.004433 1.000000
19118 -37.773037 17.168036 31.204304 1.000000
19119 -36.409035 15.899821 30.606482 1.000000
19120 -37.035931 17.402496 30.385889 1.000000
19121 -36.263748 17.671335 29.616241 1.000000
19122 -37.717319 19.110514 30.005056 1.000000
19123 -40.567730 22.856943 28.968546 1.000000
19124 -39.074673 21.908138 28.666004 1.000000
19125 -39.564171 22.933697 28.133652 1.000000
19126 -38.609108 23.050980 27.184902 1.000000
19127 -40.033501 23.915426 27.418177 1.000000
19128 -40.288216 24.692978 26.831396 1.000000
19129 -41.274700 24.529995 27.547892 1.000000
19130 -44.573601 25.926228 28.575699 1.000000
19131 -43.606380 26.075298 27.769201 1.000000
19132 -44.679256 26.911499 27.925573 1.000000
19133 -44.821774 27.852016 27.439953 1.000000
19134 -45.422096 27.764120 28.205093 1.000000
19135 -45.762970 26.222301 33.030804 1.000000
19136 -46.002407 26.067905 31.908844 1.000000
19137 -45.363857 26.911615 32.080307 1.000000
19138 -43.697735 28.551657 30.157675 1.000000
19139 -44.899822 28.163361 30.196863 1.000000
19140 -44.695000 28.973093 29.468212 1.000000
19141 -45.286018 29.194403 28.598179 1.000000
19142 -44.479652 29.827444 28.753912 1.000000
19143 -44.005867 30.789719 28.164820 1.000000
19144 -43.316025 30.338726 28.784906 1.000000
20430 -44.473743 10.399452 18.665428 1.000000
20431 -44.788544 9.641289 17.363934 1.000000
20432 -45.544147 10.793941 17.900505 1.000000
20433 -48.065762 12.436270 16.322895 1.000000
20434 -47.351017 11.405569 16.019321 1.000000
20435 -48.056103 11.516289 14.737375 1.000000
20437 -48.701229 11.561979 13.298141 1.000000
20438 -52.428364 15.123570 17.268288 1.000000
20439 -51.296700 14.654483 17.253206 1.000000
20440 -52.176353 14.346603 15.412352 1.000000
20441 -51.625465 12.776332 10.089510 1.000000
20442 -51.169174 12.900047 11.842898 1.000000
20443 -50.533623 12.287743 10.146863 1.000000
20475 -40.085121 27.656775 23.433495 1.000000
20476 -38.675526 26.390850 22.727230 1.000000
20477 -39.513580 27.276928 22.399630 1.000000
20478 -39.829552 26.956219 20.235125 1.000000
20479 -39.182106 26.089581 20.475195 1.000000
20480 -39.706615 25.397530 19.613140 1.000000
20481 -40.138092 23.937466 19.318300 1.000000
20482 -40.670502 24.812092 18.970465 1.000000
20483 -40.526134 29.566959 17.929684 1.000000
20484 -40.983246 29.027145 18.767136 1.000000
20485 -40.408638 28.183268 17.592081 1.000000
20486 -43.344551 25.593182 16.542431 1.000000
20487 -42.251373 25.967075 17.268209 1.000000
20488 -43.546700 25.172132 17.582129 1.000000
20489 -43.254951 24.349247 18.278109 1.000000
20490 -44.651390 24.330139 18.190962 1.000000
20491 -45.693176 23.600521 18.541494 1.000000
20492 -46.052391 24.437849 17.878666 1.000000
20493 -48.967865 24.880161 15.217146 1.000000
20494 -48.900185 24.397413 16.787582 1.000000
20495 -50.244904 24.496151 15.984591 1.000000
20496 -51.337036 23.786839 16.331085 1.000000
20497 -51.354675 24.565924 15.140454 1.000000
23224 -35.770271 21.167227 23.300394 1.000000
23225 -36.129086 20.709589 22.402576 1.000000
23226 -36.156837 21.956030 22.608742 1.000000
23227 -36.648289 22.660473 21.977932 1.000000
23228 -37.162540 23.419453 21.450817 1.000000
23677 -41.221653 -0.830280 29.346350 1.000000
23678 -41.340775 -0.234074 28.598965 1.000000
23679 -39.493893 -0.223762 28.971165 1.000000
23680 -37.907555 0.578136 28.516596 1.000000
23681 -36.451324 1.565483 28.079300 1.000000
23682 -35.293941 2.739473 27.625080 1.000000
23683 -35.220165 2.422682 28.579395 1.000000
23684 -34.307808 3.516290 29.182348 1.000000
23685 -33.734192 4.991485 29.774435 1.000000
23958 -52.989960 19.101999 19.535601 1.000000
23959 -53.691113 18.124735 19.274269 1.000000
23960 -53.943584 19.029013 18.651180 1.000000
23961 -54.378792 18.857666 17.325588 1.000000
23962 -54.112976 18.680073 16.116018 1.000000
23963 -53.459831 18.547743 14.947977 1.000000
23964 -53.999626 19.579412 15.229322 1.000000
23965 -53.833973 20.346384 14.213446 1.000000
23966 -53.610863 21.007282 13.148712 1.000000
23967 -37.213890 33.612328 16.933836 1.000000
23968 -37.419018 32.416676 16.973843 1.000000
23969 -35.955040 32.916847 15.748598 1.000000
24763 -46.709499 -1.347994 32.367500 1.000000
24764 -44.940849 -1.838036 32.638718 1.000000
24765 -43.252392 -2.043340 32.963951 1.000000
25033 -39.514385 10.894778 22.376656 1.000000
25034 -40.848824 10.876959 22.103231 1.000000
25035 -39.943001 12.033607 22.627838 1.000000
25036 -40.658287 13.064878 22.734156 1.000000
25037 -41.468235 13.968183 22.679115 1.000000
25038 -40.903847 18.800951 20.270611 1.000000
25039 -41.724583 17.745190 20.558475 1.000000
25040 -42.506950 18.547367 20.013386 1.000000
25041 -44.235394 18.333143 19.996698 1.000000
25042 -45.920967 18.243631 20.094349 1.000000
25043 -47.571587 18.178049 20.375305 1.000000
25044 -46.593941 19.207973 19.502016 1.000000
25045 -47.169868 20.209864 18.883478 1.000000
25046 -47.779194 21.340418 18.287674 1.000000
25843 -43.235641 28.247284 26.406961 1.000000
25844 -42.884155 28.796921 25.727306 1.000000
25845 -43.909740 29.435318 25.722645 1.000000
25846 -44.769531 30.488867 24.976898 1.000000
25847 -45.378242 31.616512 24.230825 1.000000
25848 -41.865837 34.615383 22.678793 1.000000
25849 -42.841007 33.974277 22.646412 1.000000
25850 -42.216663 34.747330 21.970579 1.000000
25851 -42.251720 35.005745 21.355896 1.000000
25852 -41.956409 35.149639 20.702530 1.000000
25853 -41.455280 35.112007 20.060089 1.000000
25854 -40.898632 35.887226 19.907240 1.000000
25855 -39.567486 36.490211 19.250813 1.000000
25856 -38.265240 37.393593 18.459782 1.000000
26377 -56.455238 5.589635 20.523092 1.000000
26379 -55.318840 5.146432 20.277760 1.000000
26381 -52.749500 3.959218 19.261703 1.000000
26383 -51.291908 3.656065 19.631739 1.000000
26384 -49.755707 3.396573 19.925426 1.000000
26385 -48.151157 3.019531 20.113638 1.000000
26387 -54.637012 5.482198 28.420410 1.000000
26388 -52.988853 4.798701 28.420826 1.000000
26389 -51.529621 4.306583 27.400818 1.000000
26390 -50.220154 3.847753 26.479620 1.000000
26391 -42.112514 2.283972 25.481274 1.000000
26392 -44.091343 2.575748 25.289366 1.000000
26393 -42.672951 2.398965 24.664913 1.000000
26394 -43.162670 2.357149 23.843185 1.000000
26395 -43.617455 2.444299 22.925013 1.000000
26396 -43.991245 2.594826 22.048944 1.000000
26397 -42.186394 2.727931 22.264187 1.000000
26398 -40.896275 3.413201 21.749517 1.000000
26399 -39.987816 4.363467 21.369648 1.000000
26400 -39.388145 5.607682 21.254143 1.000000
26401 -38.729923 5.224201 21.946644 1.000000
26402 -37.543419 6.192712 22.556293 1.000000
26403 -36.526276 7.280540 23.146587 1.000000
26404 -33.293736 9.018917 26.379852 1.000000
26405 -33.637070 9.334951 25.529913 1.000000
26406 -33.303104 10.728769 26.175449 1.000000
26407 -33.441971 12.419371 25.905523 1.000000
26408 -33.672394 14.133684 25.621332 1.000000
26409 -33.948116 15.847325 25.434109 1.000000
26410 -33.821327 15.507776 26.315002 1.000000
26411 -34.257996 16.846836 27.009060 1.000000
26412 -34.980499 18.132027 27.654648 1.000000
26418 -40.437004 1.925278 39.853371 1.000000
26419 -41.727268 0.755507 39.706657 1.000000
26420 -40.310490 1.516626 39.041313 1.000000
26421 -40.129040 0.987667 38.238880 1.000000
26422 -40.000648 0.328989 37.309021 1.000000
26423 -40.049206 -0.306548 36.325005 1.000000
26424 -38.960182 0.980612 36.779518 1.000000
26425 -38.140450 1.784259 36.314041 1.000000
26426 -37.565014 2.826785 35.813805 1.000000
26431 -40.577995 11.269690 42.638237 1.000000
26432 -41.035393 14.355072 39.036667 1.000000
26433 -40.619221 13.365601 39.497574 1.000000
26434 -39.947533 12.987005 38.237518 1.000000
26435 -38.921986 11.823918 37.471382 1.000000
26436 -38.039997 10.650652 36.545582 1.000000
26437 -37.049095 9.105165 36.098022 1.000000
26438 -37.286167 10.093022 35.570618 1.000000
26439 -36.583694 9.526155 34.587318 1.000000
26440 -35.860085 9.146826 33.686916 1.000000
26441 -35.075150 8.854017 33.008072 1.000000
26442 -35.961376 10.574161 33.489342 1.000000
26443 -36.059013 12.235670 33.474564 1.000000
26444 -36.376930 13.840075 33.176514 1.000000
26445 -42.273891 19.917028 33.902763 1.000000
26446 -40.662643 18.911663 33.396572 1.000000
26447 -41.606010 19.793831 33.045265 1.000000
26448 -40.907166 19.834219 32.149799 1.000000
26449 -40.114796 19.984732 31.276972 1.000000
26450 -39.277565 20.345463 30.327805 1.000000
26451 -40.827118 21.477825 30.696600 1.000000
26452 -41.559029 22.722214 29.943579 1.000000
26453 -42.144341 23.670036 29.124823 1.000000
26454 -42.289417 24.425480 28.339651 1.000000
26455 -43.448524 24.256811 29.229584 1.000000
26456 -44.589348 25.008852 29.420444 1.000000
26457 -45.350567 25.902563 29.604345 1.000000
26463 -42.125679 29.695465 29.089848 1.000000
27234 -46.260246 12.162001 19.730322 1.000000
27235 -46.361031 11.784872 18.350748 1.000000
27236 -47.197968 12.672693 18.955875 1.000000
27237 -48.090740 13.149137 18.028408 1.000000
27238 -49.061836 13.313087 16.709087 1.000000
27239 -53.740379 14.648458 13.735266 1.000000
27240 -52.860863 14.132655 13.652603 1.000000
27241 -53.233105 13.984858 11.874960 1.000000
27242 -52.625103 13.336752 10.073463 1.000000
27261 -42.097816 29.140814 22.533875 1.000000
27262 -40.469097 28.084635 22.140072 1.000000
27263 -41.314648 28.649841 21.748997 1.000000
27264 -40.714001 28.220810 20.818882 1.000000
27265 -40.287922 27.621374 19.836128 1.000000
27266 -39.744255 27.721272 15.509328 1.000000
27267 -40.450901 27.268686 16.380642 1.000000
27268 -41.192772 26.606710 15.249659 1.000000
27269 -42.876205 25.800634 15.389563 1.000000
27270 -44.610699 25.261255 15.870697 1.000000
27271 -46.167412 24.822739 16.638729 1.000000
27272 -45.991386 25.020437 15.108256 1.000000
27273 -47.420525 25.092966 14.284123 1.000000
29230 -36.494656 16.162281 22.498745 1.000000
29231 -37.859947 15.830594 22.190186 1.000000
29232 -37.208984 17.023777 22.072308 1.000000
29233 -37.878601 17.830412 21.608101 1.000000
29234 -38.520031 18.522390 21.055992 1.000000
29235 -36.882881 20.141794 21.679016 1.000000
29236 -37.895149 19.636112 21.033569 1.000000
29237 -39.271172 19.142416 20.596930 1.000000
29238 -40.074516 19.792751 20.189077 1.000000
29239 -40.803066 20.506458 19.857891 1.000000
29240 -41.539257 21.302954 19.448856 1.000000
29860 -44.736317 31.229176 26.437790 1.000000
29861 -44.772991 31.712622 25.735819 1.000000
29862 -43.855022 32.083626 25.840137 1.000000
29863 -42.878532 32.711033 25.029179 1.000000
29864 -42.095573 33.505497 24.206963 1.000000
29865 -41.377071 34.346916 25.868027 1.000000
29866 -41.243450 34.399040 24.646708 1.000000
29867 -41.512318 34.485073 23.600464 1.000000
29868 -41.253105 35.665619 23.025730 1.000000
29869 -41.166470 37.009590 22.651764 1.000000
29870 -41.091782 38.241417 22.040432 1.000000
30280 -56.416130 5.590836 21.538082 1.000000
30281 -55.137917 5.115499 21.963551 1.000000
30282 -53.759682 4.526279 22.397978 1.000000
30283 -48.145283 1.723470 28.810436 1.000000
30284 -48.080383 2.404574 28.301701 1.000000
30285 -46.549232 1.596600 28.304205 1.000000
30286 -44.965031 1.651709 27.820995 1.000000
30287 -43.373444 1.786657 27.054996 1.000000
30288 -41.435310 0.493447 27.893698 1.000000
30289 -41.626648 1.250426 27.155563 1.000000
30290 -41.778820 1.865885 26.333282 1.000000
30291 -40.290901 2.045617 25.633133 1.000000
30292 -38.914158 2.337404 25.021278 1.000000
30293 -37.725517 3.151693 24.459875 1.000000
30294 -36.822941 4.306560 24.084311 1.000000
30295 -36.288490 3.887105 24.898472 1.000000
30296 -35.133171 4.913252 25.386002 1.000000
30297 -34.133190 6.071853 25.971369 1.000000
30298 -34.435204 4.168614 27.193350 1.000000
30299 -33.782318 5.738171 26.815332 1.000000
30300 -33.415493 7.395020 26.581985 1.000000
30301 -33.090279 8.739526 27.274181 1.000000
30302 -33.051380 10.145582 28.043097 1.000000
30303 -33.390167 11.599615 28.712891 1.000000
30308 -42.485497 1.682058 41.532787 1.000000
30310 -41.115868 2.369471 41.889210 1.000000
30311 -40.652546 2.176094 40.785023 1.000000
30312 -39.244617 3.004275 40.321587 1.000000
30313 -38.071392 4.015393 40.082283 1.000000
30314 -37.567024 5.279288 39.974541 1.000000
30322 -42.085155 15.835356 40.087845 1.000000
30323 -41.378914 15.484835 38.835339 1.000000
30324 -40.542408 15.185797 37.580257 1.000000
30325 -39.706192 15.107198 36.520142 1.000000
30326 -38.993176 15.208647 35.548058 1.000000
30327 -40.090858 16.613216 36.022366 1.000000
30328 -40.814083 18.043606 35.519547 1.000000
30329 -41.674217 19.187332 35.112720 1.000000
30330 -43.036362 20.377983 36.457119 1.000000
30331 -43.018257 20.235859 35.547668 1.000000
30332 -42.756691 20.076797 34.655785 1.000000
30333 -43.780586 20.916767 34.464848 1.000000
30334 -44.760002 21.933426 34.097340 1.000000
30335 -45.506813 23.116718 33.403465 1.000000
30336 -45.838707 24.149883 32.573380 1.000000
30337 -46.088051 24.239229 33.784157 1.000000
30942 -50.303402 15.108957 21.882818 1.000000
30943 -50.500313 14.761525 20.594181 1.000000
30944 -51.572254 15.578115 20.662170 1.000000
30945 -52.550434 15.773422 19.059040 1.000000
30946 -53.401203 15.643721 17.298061 1.000000
30947 -53.958241 17.134182 18.452526 1.000000
30948 -54.031616 16.182556 17.150154 1.000000
30949 -53.949310 15.390796 15.558207 1.000000
30950 -54.066456 15.216692 13.781192 1.000000
30957 -52.382133 18.273447 13.982984 1.000000
30963 -42.873184 31.717381 19.818949 1.000000
30964 -42.446033 30.577412 19.698469 1.000000
30965 -41.807365 31.203186 18.994038 1.000000
30966 -40.686119 30.723383 18.150080 1.000000
30967 -39.580475 30.055105 17.284796 1.000000
30968 -37.840691 31.382605 16.867741 1.000000
30969 -38.387665 30.383820 16.555176 1.000000
30970 -38.877388 29.076019 16.098948 1.000000
30971 -39.173962 28.301956 14.616330 1.000000
32753 -46.356777 0.014030 29.204157 1.000000
32754 -44.463524 -0.661374 29.369415 1.000000
32755 -45.640804 -1.086504 30.732281 1.000000
32756 -44.142624 -1.203820 30.116079 1.000000
32757 -42.777885 -1.147445 29.770910 1.000000
32758 -41.040451 -1.242075 30.134045 1.000000
32759 -39.328201 -0.952512 30.670404 1.000000
32760 -37.804382 -0.200940 31.244400 1.000000
33329 -43.353756 8.161433 17.921221 1.000000
33330 -42.789879 8.827705 19.006039 1.000000
33331 -43.388435 9.881796 19.378019 1.000000
33332 -44.158424 10.829031 19.904831 1.000000
33333 -42.237221 10.951838 21.697245 1.000000
33334 -43.732548 11.159128 21.225477 1.000000
33335 -45.100536 11.549593 20.508753 1.000000
33336 -46.030804 12.228893 21.211185 1.000000
33337 -46.859417 12.871783 21.756241 1.000000
33338 -47.661720 13.601682 22.359455 1.000000
33339 -39.171425 15.397194 22.005079 1.000000
33340 -40.781822 15.084305 22.071665 1.000000
33341 -42.333450 14.781542 22.453121 1.000000
33342 -42.569595 16.606432 21.101803 1.000000
33343 -43.241318 15.522034 21.959581 1.000000
33344 -43.837833 14.646121 22.915354 1.000000
33345 -45.363487 14.414111 23.178978 1.000000
33346 -47.051292 14.345129 23.089922 1.000000
33347 -48.711010 14.542229 22.716150 1.000000
33348 -49.904610 15.648190 22.630856 1.000000
33349 -50.789726 16.741577 21.938829 1.000000
33350 -51.409821 17.807072 21.061401 1.000000
33351 -49.143578 18.349224 20.582518 1.000000
33352 -50.522827 18.621201 20.517504 1.000000
33353 -51.815685 18.938028 20.126907 1.000000
33354 -52.246510 20.053690 19.197542 1.000000
33355 -52.672169 20.935774 18.260166 1.000000
33356 -53.048786 21.687006 17.295971 1.000000
35017 -38.641827 25.209661 25.110723 1.000000
35018 -38.259941 25.484997 24.176054 1.000000
35019 -39.351040 26.401752 24.722712 1.000000
35020 -40.300659 27.635181 24.291250 1.000000
35021 -41.378372 28.537836 23.807999 1.000000
35022 -42.762325 29.116352 24.893625 1.000000
35023 -42.652203 29.286142 24.003166 1.000000
35024 -42.446369 29.249701 23.272892 1.000000
35025 -43.387302 29.896435 22.691525 1.000000
35026 -44.034748 30.480459 22.017902 1.000000
35027 -44.179234 31.315414 21.201992 1.000000
35028 -44.974464 32.087795 25.034622 1.000000
35029 -45.131962 32.451134 24.216061 1.000000
35030 -45.168633 32.706009 23.349733 1.000000
35031 -43.755104 33.587498 22.607880 1.000000
35032 -44.550056 33.290936 22.470177 1.000000
35033 -45.110176 32.731339 22.476782 1.000000
35034 -44.870197 32.593647 21.769627 1.000000
35035 -44.356472 32.405525 21.117907 1.000000
35036 -43.692127 32.048531 20.557817 1.000000
35037 -42.780571 32.663536 19.962284 1.000000
35038 -41.566135 33.206871 19.435333 1.000000
35039 -40.084679 33.686821 18.829325 1.000000
35040 -40.543839 34.941170 19.466846 1.000000
35041 -39.593864 34.595318 18.834587 1.000000
35042 -38.480305 34.175884 17.971811 1.000000
35043 -37.016121 34.794647 16.866056 1.000000
35044 -35.809265 35.696999 15.344541 1.000000
35066 -37.260342 38.494492 17.074369 1.000000
35069 -36.652992 38.366760 15.957451 1.000000
36124 -54.964546 5.717624 27.359219 1.000000
36125 -55.382763 5.735199 26.233154 1.000000
36126 -55.736969 5.716196 25.078863 1.000000
36127 -54.646278 4.996062 24.217976 1.000000
36128 -53.464966 4.370306 23.377476 1.000000
36129 -52.241699 3.843959 22.804743 1.000000
36130 -48.216190 3.078183 27.542170 1.000000
36131 -48.547707 3.398809 26.651791 1.000000
36132 -49.032234 3.403038 25.699167 1.000000
36133 -45.970718 2.695380 25.006557 1.000000
36134 -47.764641 2.994694 24.947926 1.000000
36135 -49.588932 3.334307 24.775082 1.000000
36136 -50.097252 3.296627 23.956480 1.000000
36137 -50.580494 3.343283 23.152878 1.000000
36138 -50.887321 3.503223 22.362057 1.000000
36139 -49.470207 3.266507 21.724455 1.000000
36140 -47.928959 3.036787 21.010046 1.000000
36141 -46.395370 2.824486 20.250763 1.000000
36142 -44.348980 2.761731 21.230145 1.000000
36143 -44.679035 2.957991 20.532194 1.000000
36144 -45.015652 3.111835 19.619848 1.000000
36145 -43.877785 3.849345 18.935806 1.000000
36146 -43.018860 4.980736 18.522665 1.000000
36149 -40.805580 7.873137 20.153698 1.000000
36150 -40.038918 8.632381 21.046560 1.000000
36151 -39.105236 6.894959 21.258831 1.000000
36152 -39.103687 8.187222 21.505323 1.000000
36153 -39.237682 9.501263 21.936247 1.000000
36154 -38.380783 10.769008 22.562527 1.000000
36155 -37.484474 12.198423 22.809742 1.000000
36156 -36.728020 13.498106 22.847004 1.000000
36157 -36.233086 5.554876 23.873209 1.000000
36158 -35.791206 7.012463 23.757412 1.000000
36159 -35.487095 8.501418 23.675362 1.000000
36160 -34.140682 9.648334 24.780575 1.000000
36161 -34.753593 9.901281 24.113628 1.000000
36162 -35.481331 10.115157 23.562191 1.000000
36163 -35.571312 11.745596 23.454056 1.000000
36164 -35.736359 13.414557 23.198633 1.000000
36165 -36.053631 14.879936 22.894703 1.000000
36166 -35.534321 16.254612 23.003695 1.000000
36167 -35.242130 17.484409 23.343006 1.000000
36168 -35.167336 18.766073 23.720531 1.000000
36169 -34.303169 17.367498 25.060837 1.000000
36170 -34.790497 18.809793 24.632608 1.000000
36171 -35.335510 20.078308 23.988930 1.000000
36172 -35.655689 21.269861 24.283943 1.000000
36173 -36.349125 22.349522 24.637051 1.000000
36174 -37.102177 23.225090 25.116848 1.000000
36187 -43.204651 -0.216381 39.632824 1.000000
36188 -44.721821 -0.937572 39.534180 1.000000
36189 -46.373657 -1.599467 39.404858 1.000000
36190 -46.057945 -2.046833 38.198650 1.000000
36191 -45.919273 -2.277386 36.962444 1.000000
36192 -45.896137 -2.247227 35.691055 1.000000
36193 -44.369648 -2.170797 34.909580 1.000000
36194 -42.964188 -2.071199 34.166176 1.000000
36195 -41.592434 -1.871649 33.547192 1.000000
36196 -40.115982 -0.851575 35.282734 1.000000
36197 -40.150238 -1.266968 34.217945 1.000000
36198 -40.335148 -1.554877 33.128246 1.000000
36199 -39.123493 -0.862199 32.750782 1.000000
36200 -37.822193 -0.073417 32.424606 1.000000
36201 -36.574440 0.922743 32.073845 1.000000
36208 -38.013763 6.831668 41.931572 1.000000
36209 -37.752136 6.623049 40.918037 1.000000
36210 -37.609821 6.290185 39.727169 1.000000
36213 -40.293022 11.312996 41.381214 1.000000
36214 -40.181953 12.354411 39.891129 1.000000
36215 -39.883980 11.279909 40.050377 1.000000
36216 -39.482231 10.105845 40.511162 1.000000
36217 -38.799507 8.661199 39.777077 1.000000
36218 -38.107727 7.215225 39.244308 1.000000
36219 -37.521736 5.776929 38.550270 1.000000
36220 -37.467220 5.228755 37.418468 1.000000
36221 -37.272289 4.659339 36.347157 1.000000
36222 -36.986652 4.152885 35.440456 1.000000
36223 -36.290833 7.379821 35.719742 1.000000
36224 -36.230522 5.508204 35.143188 1.000000
36225 -36.489738 3.526821 34.665596 1.000000
36226 -36.051952 2.941345 33.773331 1.000000
36227 -35.694557 2.511693 32.766441 1.000000
36228 -35.466042 2.160053 31.707129 1.000000
36229 -34.591919 3.523890 31.309381 1.000000
36230 -33.977570 5.113575 30.837475 1.000000
36231 -33.574635 6.716216 30.504461 1.000000
36232 -34.411053 8.665483 32.149391 1.000000
36233 -33.781204 8.450057 31.262695 1.000000
36234 -33.297318 8.394323 30.337811 1.000000
36235 -33.397408 9.966631 30.126888 1.000000
36236 -33.740051 11.613193 29.786072 1.000000
36237 -34.231686 13.087067 29.325001 1.000000
36238 -38.284687 15.345157 34.713917 1.000000
36239 -37.627983 15.344217 33.718964 1.000000
36240 -36.946999 15.226225 32.694252 1.000000
36241 -39.118298 17.605528 32.790943 1.000000
36242 -37.722416 16.245167 32.210133 1.000000
36243 -36.384422 14.960272 31.685719 1.000000
36244 -35.805447 14.572006 30.886816 1.000000
36245 -35.246082 14.478635 29.967312 1.000000
36246 -34.705173 14.575567 29.089539 1.000000
36247 -35.037487 16.249815 28.958059 1.000000
36248 -35.564735 17.876171 28.656992 1.000000
36249 -36.208263 19.573719 28.163391 1.000000
36250 -38.421089 20.580118 29.352472 1.000000
36251 -37.623497 20.755028 28.453426 1.000000
36252 -36.872952 21.002619 27.449585 1.000000
36253 -37.320946 22.110390 26.836267 1.000000
36254 -37.823212 23.187931 26.237127 1.000000
36255 -38.280724 24.197588 25.629101 1.000000
36256 -39.409664 24.980534 26.038000 1.000000
36257 -40.582710 25.762482 26.406445 1.000000
36258 -41.744705 26.554316 26.647837 1.000000
36259 -42.461876 25.194576 27.679020 1.000000
36260 -42.665386 26.276281 27.180103 1.000000
36261 -42.902699 27.322088 26.791660 1.000000
36262 -44.001579 27.997278 26.956141 1.000000
36263 -44.928112 28.749683 27.019947 1.000000
36264 -45.460522 29.513453 27.064779 1.000000
36265 -45.984539 25.155483 31.642719 1.000000
36266 -45.874489 25.985699 30.752573 1.000000
36267 -45.655769 26.783300 29.818157 1.000000
36268 -45.055283 27.492273 31.065777 1.000000
36269 -45.495949 27.536175 29.994934 1.000000
36270 -45.674351 27.573645 29.085510 1.000000
36271 -45.650543 28.505869 28.443583 1.000000
36272 -45.568714 29.392801 27.850861 1.000000
36273 -45.233116 30.343533 27.153482 1.000000
36274 -44.418064 31.030085 27.343853 1.000000
36275 -43.451645 31.658955 27.595493 1.000000
37828 -45.192425 8.786898 16.152679 1.000000
37830 -46.543526 11.137278 16.997892 1.000000
37831 -46.582054 10.255106 15.561005 1.000000
37836 -50.424316 14.476459 18.907232 1.000000
37837 -50.127544 14.019132 17.074102 1.000000
37838 -49.814354 13.265384 15.278076 1.000000
37839 -51.718590 13.619617 13.618970 1.000000
37840 -50.515797 13.026631 13.617338 1.000000
37841 -49.502239 12.336032 13.543439 1.000000
37842 -49.135338 11.688471 11.815602 1.000000
37881 -37.844872 25.296942 23.102711 1.000000
37882 -37.712120 24.937820 21.973801 1.000000
37883 -37.832935 24.360708 20.998493 1.000000
37884 -39.165749 26.825562 21.444849 1.000000
37885 -38.495388 25.285494 20.693790 1.000000
37886 -38.411659 23.694180 20.170910 1.000000
37887 -39.496410 23.041035 19.591177 1.000000
37888 -40.770428 22.593805 19.270264 1.000000
37889 -42.125782 22.384653 19.052687 1.000000
37890 -41.634293 29.501263 19.646263 1.000000
37891 -40.758209 28.296488 19.396261 1.000000
37892 -40.476238 26.910629 18.846424 1.000000
37893 -41.137894 26.843090 17.294739 1.000000
37894 -41.165260 26.298965 18.013662 1.000000
37895 -41.041039 25.600056 18.514450 1.000000
37896 -41.904427 24.426594 18.517536 1.000000
37897 -42.702660 23.375431 18.700445 1.000000
37898 -43.603065 22.302711 18.891258 1.000000
37899 -45.133308 22.343534 18.709637 1.000000
37900 -46.760792 22.457424 18.434666 1.000000
37901 -48.253910 22.690605 18.092134 1.000000
37902 -47.479462 24.462048 17.453278 1.000000
37903 -48.663689 23.832027 17.834436 1.000000
37904 -49.688103 22.810360 17.694935 1.000000
37905 -51.030354 22.822311 17.192631 1.000000
37906 -52.222145 22.731466 16.717857 1.000000
37907 -53.163250 22.589392 16.139093 1.000000
37932 -52.301197 24.451832 14.196875 1.000000
37933 -53.168663 23.424740 14.734289 1.000000
37934 -53.810364 22.316895 15.147693 1.000000
37935 -54.095844 22.077103 14.089338 1.000000
37936 -53.938072 21.887573 12.847578 1.000000
