#!ascii label, projected from MNI152NLin2009cAsym to fsaverage6
120
109 -22.290766 25.339521 52.285591 1.000000
697 -34.088799 14.362903 51.179104 1.000000
1087 -19.420195 29.060278 51.436646 1.000000
2135 -23.304668 14.287755 50.887005 1.000000
2136 -22.500422 18.695385 53.915791 1.000000
2139 -20.108286 23.617821 56.289070 1.000000
2617 -33.044106 11.401746 52.893604 1.000000
2618 -33.278301 13.445645 49.635361 1.000000
2619 -31.917103 10.960572 50.945660 1.000000
2642 -30.060816 9.995743 50.857220 1.000000
3003 -21.193958 24.396061 48.939613 1.000000
3005 -21.874897 27.811518 50.401955 1.000000
3006 -21.302633 30.650030 51.234138 1.000000
3007 -21.608025 28.135767 52.956799 1.000000
4709 -22.829411 16.356737 52.388386 1.000000
4717 -20.575161 19.890345 57.366615 1.000000
4718 -18.216770 21.660168 56.669422 1.000000
4719 -17.787664 24.206991 54.344616 1.000000
5861 -34.546772 17.881649 49.986645 1.000000
5863 -33.401508 17.178265 48.471916 1.000000
7546 -21.793571 22.028980 50.495525 1.000000
8974 -23.672297 16.385456 49.297375 1.000000
8975 -23.230850 19.081898 51.304981 1.000000
8976 -23.179440 21.890890 53.727745 1.000000
8983 -21.457987 17.955263 55.962524 1.000000
8984 -22.179111 21.383549 55.688915 1.000000
8985 -22.017363 25.246834 55.168915 1.000000
8986 -19.716969 26.267313 53.744514 1.000000
10296 -32.550613 10.226946 54.516090 1.000000
10297 -31.867313 10.360087 53.562420 1.000000
10298 -32.402302 11.179861 52.041492 1.000000
10299 -31.337732 10.319957 52.621693 1.000000
10321 -30.961506 10.383165 51.015175 1.000000
10322 -30.453022 10.014801 52.630402 1.000000
10683 -21.738443 24.887596 50.619530 1.000000
10684 -21.485226 26.077972 49.718681 1.000000
10685 -22.039927 26.611385 51.308067 1.000000
10686 -22.056801 28.247278 51.816040 1.000000
10687 -22.267200 26.962103 52.744911 1.000000
12397 -18.628969 19.871326 57.660622 1.000000
12398 -17.520206 20.408957 57.102760 1.000000
13603 -34.251411 13.091547 53.243427 1.000000
13604 -34.970680 13.104385 53.867744 1.000000
13605 -34.655296 14.464777 52.105095 1.000000
13606 -34.938881 16.043522 51.115955 1.000000
13607 -34.240040 16.118872 50.422611 1.000000
13608 -33.890076 17.623377 49.308090 1.000000
13609 -33.874096 15.735855 49.601879 1.000000
13610 -32.752533 13.118011 48.659668 1.000000
13611 -33.008747 14.746199 48.064827 1.000000
14778 -20.388603 30.036224 51.649544 1.000000
14782 -18.258728 29.469931 50.302898 1.000000
16582 -21.811359 20.478695 49.201286 1.000000
19881 -23.452002 13.306875 50.043354 1.000000
19882 -24.335384 12.993387 49.050053 1.000000
19883 -24.036373 14.089800 49.651276 1.000000
19884 -23.953192 14.986336 48.598583 1.000000
19885 -23.906713 15.218109 50.305843 1.000000
19886 -22.604044 17.498569 53.171661 1.000000
19887 -23.338764 17.659496 52.060463 1.000000
19888 -23.106020 18.886826 52.896309 1.000000
19889 -23.195770 20.461435 52.495045 1.000000
19890 -23.111326 20.187639 53.839355 1.000000
19908 -21.219963 17.299837 56.895851 1.000000
19909 -20.447720 21.846880 56.909721 1.000000
19910 -21.322535 20.755215 56.544624 1.000000
19911 -21.450159 22.618994 56.438904 1.000000
19912 -22.369453 23.323753 55.729786 1.000000
19913 -21.130814 24.481228 55.792408 1.000000
19914 -20.839119 26.028976 54.804974 1.000000
19915 -19.889061 25.052286 55.119568 1.000000
19917 -17.513334 25.126772 52.664131 1.000000
23140 -33.647644 11.527122 53.873516 1.000000
23141 -33.673828 12.799349 52.267906 1.000000
23142 -33.651031 13.924179 50.440426 1.000000
23143 -33.201691 12.418993 51.373543 1.000000
23144 -32.709354 12.096637 50.382759 1.000000
23145 -32.179569 11.874084 49.250046 1.000000
23840 -21.246122 27.281567 48.925213 1.000000
23841 -21.623795 28.977234 49.588772 1.000000
23842 -21.631649 30.629345 49.950043 1.000000
23843 -21.949013 29.414082 50.965958 1.000000
23844 -21.404133 29.357197 52.133781 1.000000
23845 -20.441589 28.662786 52.430382 1.000000
26907 -23.147640 15.297699 51.644279 1.000000
26910 -22.020533 17.348454 54.096863 1.000000
26921 -20.787224 18.154093 57.635155 1.000000
26922 -19.845669 19.007832 57.945393 1.000000
26923 -19.413162 20.927038 57.293530 1.000000
26924 -19.201160 22.704662 56.470715 1.000000
26925 -18.973806 24.050613 55.424519 1.000000
26926 -18.020472 23.113804 55.739021 1.000000
29033 -34.836983 19.376041 49.807610 1.000000
29034 -34.322124 20.709352 49.233608 1.000000
29035 -34.036682 19.363968 49.306595 1.000000
29038 -33.411259 15.274206 48.898727 1.000000
29039 -32.883892 16.776478 47.632645 1.000000
33099 -21.403793 23.216934 49.856529 1.000000
33100 -21.977640 23.718470 51.523357 1.000000
37151 -29.133270 9.809319 51.062180 1.000000
37171 -23.750338 16.394859 51.049767 1.000000
37172 -23.355583 17.778622 50.219685 1.000000
37173 -22.620205 19.143894 49.579632 1.000000
37174 -22.551582 20.554527 50.862297 1.000000
37175 -22.644281 22.091167 52.155952 1.000000
37176 -22.784372 23.783863 53.281975 1.000000
37196 -21.557135 17.066151 55.022560 1.000000
37197 -21.942993 18.430702 54.914970 1.000000
37198 -21.247372 18.965366 56.796612 1.000000
37199 -21.765301 19.592974 55.690071 1.000000
37200 -22.419369 20.047205 54.754433 1.000000
37201 -22.902563 21.707556 54.864990 1.000000
37202 -22.945297 23.662502 54.732067 1.000000
37203 -22.622496 25.507504 53.977028 1.000000
37204 -21.747288 26.866367 54.075584 1.000000
37205 -20.543623 27.335928 53.515003 1.000000
37206 -19.535564 27.532618 52.349373 1.000000
37207 -18.806339 25.143793 53.979378 1.000000
37208 -18.584936 26.204239 52.387108 1.000000
37209 -18.370510 27.734684 51.071026 1.000000
