#!ascii label, projected from MNI152NLin2009cAsym to fsaverage6
591
116 -45.323090 32.182777 -14.949313 1.000000
121 -49.429783 30.744513 -1.785467 1.000000
255 -43.392403 43.170605 -13.208136 1.000000
265 -40.287849 44.806450 3.296480 1.000000
266 -45.066341 35.224876 4.781197 1.000000
267 -43.758762 37.624779 -4.450016 1.000000
268 -47.173981 34.058239 -8.466124 1.000000
524 -47.053368 19.329493 10.684050 1.000000
526 -52.047890 27.063480 6.121572 1.000000
746 -38.766315 40.737083 -1.234118 1.000000
748 -42.920258 39.521263 -9.892351 1.000000
1127 -42.509693 29.083454 -14.484648 1.000000
1158 -49.747711 32.956219 0.372620 1.000000
1159 -50.001934 32.345436 6.563095 1.000000
1160 -50.788876 29.227230 3.011128 1.000000
1161 -47.768745 25.873968 5.744334 1.000000
1162 -45.139851 28.639475 2.907137 1.000000
1164 -43.061226 30.133266 0.150084 1.000000
1165 -47.241283 33.906452 -12.700415 1.000000
1166 -42.329388 33.281517 -7.521348 1.000000
1167 -43.210182 30.338512 -10.747818 1.000000
1611 -44.134865 37.753761 -14.987966 1.000000
1629 -37.806065 41.610718 6.833892 1.000000
1630 -38.390163 35.967804 6.656756 1.000000
1631 -40.601421 39.489471 2.657966 1.000000
1632 -45.204693 38.514099 0.133644 1.000000
1633 -49.203236 35.486427 -3.437159 1.000000
1634 -47.839443 32.799767 -4.524690 1.000000
1635 -47.771568 36.021088 -7.066974 1.000000
1636 -46.858429 36.518047 -12.184221 1.000000
2220 -43.104664 32.450108 9.085924 1.000000
2221 -49.249416 28.433390 9.059601 1.000000
2222 -53.236622 24.531338 10.504066 1.000000
2223 -50.730179 22.669767 7.373015 1.000000
2229 -42.370701 32.446392 -3.017403 1.000000
2230 -36.605160 32.873199 -0.470535 1.000000
2668 -40.320160 45.540005 -7.820343 1.000000
3045 -45.463863 29.797913 -14.054477 1.000000
3047 -44.013969 30.714996 -14.974096 1.000000
3078 -50.750530 31.765055 -1.054951 1.000000
3079 -51.196873 30.864399 1.575115 1.000000
3080 -50.269451 29.813862 0.467944 1.000000
3081 -48.001617 28.494389 2.807602 1.000000
3082 -47.477726 29.554218 0.411806 1.000000
3083 -44.208179 29.616085 1.423046 1.000000
3084 -46.188995 30.323355 -1.069193 1.000000
3085 -46.514294 33.150536 -14.125300 1.000000
3086 -45.754951 32.136417 -12.314405 1.000000
3087 -46.053192 30.723614 -13.307817 1.000000
3645 -44.028084 40.669296 -14.425476 1.000000
3646 -41.586967 39.453953 -14.233286 1.000000
3647 -41.543736 42.247597 -13.775149 1.000000
3675 -39.691216 43.389648 5.457957 1.000000
3676 -38.702885 40.761555 4.385055 1.000000
3677 -39.649605 42.205944 2.643934 1.000000
3678 -40.928062 39.022934 -2.946520 1.000000
3679 -42.029285 38.897869 -0.710328 1.000000
3680 -44.418961 38.060425 -2.169449 1.000000
3681 -47.517704 37.120445 -1.682911 1.000000
3682 -46.819267 36.928299 -3.730361 1.000000
3683 -48.527729 35.723045 -5.145164 1.000000
3684 -45.962048 36.670540 -5.697017 1.000000
3685 -43.713707 41.977825 -11.655701 1.000000
3686 -44.922344 37.840851 -11.454429 1.000000
3687 -44.998356 39.975689 -13.328972 1.000000
3688 -45.797123 37.602909 -14.074582 1.000000
4900 -47.917248 17.343164 11.351854 1.000000
4913 -42.032433 35.801472 5.751559 1.000000
4914 -40.268318 33.719109 8.178770 1.000000
4915 -44.107952 33.553627 7.267951 1.000000
4916 -51.617714 29.838861 6.304835 1.000000
4917 -49.532097 31.030878 8.237696 1.000000
4918 -51.490582 28.033609 7.532430 1.000000
4919 -51.661537 26.287457 9.598765 1.000000
4920 -52.534832 25.492296 7.618672 1.000000
4921 -52.792042 23.389141 8.302029 1.000000
4922 -51.745789 24.482800 6.397414 1.000000
4924 -46.398266 24.122637 6.984536 1.000000
4935 -47.181549 33.583149 -6.251227 1.000000
4936 -45.132423 32.383125 -3.715560 1.000000
4937 -44.849037 33.323883 -5.780646 1.000000
4938 -39.400787 32.742035 -6.199632 1.000000
4939 -39.434216 33.404530 -4.065608 1.000000
4940 -36.236206 33.240795 -2.531402 1.000000
5931 -42.551319 45.303185 -11.544969 1.000000
5949 -39.230835 45.968822 1.744387 1.000000
5950 -38.669125 43.064232 1.047105 1.000000
5954 -43.027962 37.963570 -7.144807 1.000000
5955 -40.996532 41.223957 -8.122217 1.000000
5956 -41.995239 43.711113 -9.801065 1.000000
6692 -47.353962 33.650440 2.449569 1.000000
6693 -47.530983 33.483406 6.107501 1.000000
6694 -50.092628 32.247955 3.587822 1.000000
6695 -51.431774 30.600826 4.275655 1.000000
6696 -51.516136 28.518896 4.963796 1.000000
6697 -50.546059 26.215057 5.590181 1.000000
6698 -49.316456 27.875238 4.747229 1.000000
6699 -46.292412 27.221186 4.837850 1.000000
6704 -40.356258 29.877314 1.494616 1.000000
6705 -47.571613 34.150127 -10.751257 1.000000
6706 -45.065945 33.796864 -8.201403 1.000000
6707 -45.343254 33.391712 -10.670946 1.000000
6708 -42.530212 32.175789 -9.637864 1.000000
6709 -39.640305 31.002655 -7.635257 1.000000
6711 -40.348988 29.149740 -8.311644 1.000000
6712 -41.306244 27.742596 -9.425417 1.000000
7599 -44.547047 34.935722 -15.069168 1.000000
7600 -42.633263 33.712257 -14.945142 1.000000
7601 -41.903362 36.633293 -14.367549 1.000000
7641 -35.666649 39.193069 8.543600 1.000000
7642 -35.535942 36.238747 8.360041 1.000000
7643 -37.192585 38.839363 5.972642 1.000000
7644 -39.885746 37.921764 4.467587 1.000000
7645 -42.943737 37.649059 3.624977 1.000000
7646 -40.048870 40.373444 0.780962 1.000000
7647 -43.132591 39.218445 1.694709 1.000000
7648 -45.273972 36.564411 1.994576 1.000000
7649 -47.604710 35.715683 -0.094799 1.000000
7650 -49.645126 34.752499 -1.699978 1.000000
7651 -50.246643 33.130852 -2.877829 1.000000
7652 -48.660622 31.763437 -3.128203 1.000000
7653 -49.612701 33.763130 -4.459532 1.000000
7654 -48.680313 34.420174 -6.122482 1.000000
7655 -48.215446 34.858208 -8.174835 1.000000
7656 -45.383446 37.126171 -8.485971 1.000000
7657 -47.423595 36.192654 -9.597791 1.000000
7658 -48.277153 35.111534 -10.517199 1.000000
7659 -47.807529 35.337452 -12.613446 1.000000
7660 -46.365292 35.349476 -14.131479 1.000000
8258 -35.497368 39.324852 11.455698 1.000000
8259 -37.217010 41.788292 9.110580 1.000000
9222 -36.767059 33.337708 9.631734 1.000000
9223 -39.419159 31.739292 10.365456 1.000000
9224 -42.995861 29.983082 10.812815 1.000000
9225 -46.930443 32.600712 8.435394 1.000000
9226 -46.317345 30.850611 9.707103 1.000000
9227 -46.412842 27.887232 10.458558 1.000000
9228 -49.669456 26.365728 11.219546 1.000000
9232 -51.820808 21.871326 9.710925 1.000000
9233 -49.020477 21.385359 8.875692 1.000000
9234 -49.292614 24.167902 6.358335 1.000000
9235 -47.877327 22.611225 7.455414 1.000000
9236 -46.228561 20.710091 8.628939 1.000000
9249 -45.427883 31.214962 -2.244392 1.000000
9250 -42.512440 31.080835 -1.234738 1.000000
9251 -39.745628 31.238632 -0.083693 1.000000
9252 -42.355034 33.436356 -5.081610 1.000000
9253 -39.590202 32.757191 -1.983154 1.000000
10725 -45.605751 30.970932 -14.595309 1.000000
10726 -45.021656 30.205097 -14.651477 1.000000
10727 -44.650349 31.483120 -15.090754 1.000000
10758 -50.434452 31.235519 -1.535547 1.000000
10759 -50.846828 30.700724 -0.358637 1.000000
10760 -49.975975 30.181347 -0.720519 1.000000
10761 -49.099770 29.521091 0.320269 1.000000
10762 -48.565563 29.966389 -0.770160 1.000000
10763 -46.858467 29.979641 -0.296211 1.000000
10764 -47.925644 30.462683 -1.579713 1.000000
10765 -45.981041 32.647373 -14.625226 1.000000
10766 -46.352409 31.954479 -13.900760 1.000000
10767 -46.046959 31.369162 -14.288176 1.000000
10768 -45.844963 30.185925 -13.781840 1.000000
11325 -43.774746 41.982124 -13.917813 1.000000
11326 -42.862564 41.550255 -14.295883 1.000000
11327 -42.693138 42.913876 -13.776614 1.000000
11355 -40.400169 44.124176 4.383063 1.000000
11356 -39.924919 42.928719 3.935994 1.000000
11357 -39.983932 43.543865 2.889908 1.000000
11358 -42.316799 38.382034 -3.647928 1.000000
11359 -42.694141 38.419884 -2.447421 1.000000
11360 -44.120762 37.870552 -3.201084 1.000000
11361 -45.641232 37.488514 -2.937896 1.000000
11362 -45.324757 37.251862 -3.944630 1.000000
11363 -46.382309 36.754921 -4.641789 1.000000
11364 -44.882755 37.097775 -5.048157 1.000000
11365 -43.789234 42.888393 -12.461668 1.000000
11366 -44.433041 41.012482 -12.578586 1.000000
11367 -44.299152 41.746761 -13.354734 1.000000
11368 -44.678730 40.531921 -13.946869 1.000000
12593 -43.708618 35.618847 5.391499 1.000000
12594 -43.053696 34.576668 6.582223 1.000000
12595 -44.664238 34.402695 6.127792 1.000000
12596 -51.994194 28.413645 6.182711 1.000000
12597 -51.511719 29.080734 6.963411 1.000000
12598 -52.032215 27.627741 6.832437 1.000000
12599 -52.099934 26.752691 7.485794 1.000000
12600 -52.306297 26.192026 6.728148 1.000000
12601 -52.424091 24.932362 6.813467 1.000000
12602 -51.970428 25.713511 6.157783 1.000000
12615 -47.006138 33.839054 -7.304416 1.000000
12616 -45.955444 33.394688 -5.991776 1.000000
12617 -45.974152 33.731735 -7.138682 1.000000
12618 -37.759773 32.537289 -5.314310 1.000000
12619 -37.808891 33.147411 -4.395903 1.000000
12620 -36.152454 32.987572 -3.527995 1.000000
13755 -38.693592 46.797169 0.885606 1.000000
13763 -40.701374 40.291611 -6.978658 1.000000
13765 -40.895580 46.407635 -8.576566 1.000000
13766 -41.242371 44.580650 -8.849909 1.000000
13767 -41.664227 45.508240 -9.656691 1.000000
13768 -42.431770 44.678062 -10.588385 1.000000
14993 -48.641388 33.291790 1.371981 1.000000
14994 -48.813480 32.837608 3.035311 1.000000
14995 -50.003109 32.372795 1.936787 1.000000
14996 -51.162975 30.046585 2.296800 1.000000
14997 -51.283947 30.673727 3.015219 1.000000
14998 -51.399952 29.852375 3.463696 1.000000
14999 -51.612396 29.618097 4.577543 1.000000
15000 -51.142754 28.962809 4.047994 1.000000
15001 -50.616077 28.061554 4.729032 1.000000
15002 -50.140907 28.549719 3.770314 1.000000
15003 -46.549656 28.425579 2.887094 1.000000
15004 -47.090290 27.930700 3.929242 1.000000
15005 -45.529747 27.829630 3.995221 1.000000
15006 -44.812721 27.179443 5.024917 1.000000
15007 -44.243683 27.950195 4.101911 1.000000
15009 -43.791260 28.612087 3.259002 1.000000
15010 -43.605797 29.888870 0.743096 1.000000
15011 -42.670288 29.517460 1.933658 1.000000
15012 -42.155632 29.758642 1.342527 1.000000
15013 -40.758129 29.602747 2.034156 1.000000
15014 -41.728111 29.991678 0.823959 1.000000
15015 -47.518314 34.152611 -11.844706 1.000000
15016 -46.663017 33.807110 -10.777873 1.000000
15017 -46.672470 33.532234 -11.796876 1.000000
15018 -44.632164 31.236115 -11.654172 1.000000
15019 -44.158218 32.156582 -11.141443 1.000000
15020 -42.789944 31.311426 -10.276310 1.000000
15021 -41.141144 31.473858 -8.738653 1.000000
15022 -41.362762 30.550171 -9.194007 1.000000
15023 -39.939522 30.083302 -7.945461 1.000000
15024 -41.805397 29.598362 -9.600283 1.000000
16695 -44.286160 36.334984 -15.071933 1.000000
16696 -43.230289 35.757248 -14.980188 1.000000
16697 -42.969109 37.191944 -14.926096 1.000000
16785 -36.848965 40.568810 7.642027 1.000000
16787 -37.354156 40.331184 6.322770 1.000000
16788 -39.468178 40.035835 3.386414 1.000000
16789 -38.958412 39.229126 4.204780 1.000000
16790 -40.317604 38.743572 3.568512 1.000000
16791 -41.431587 37.684200 4.040003 1.000000
16792 -41.727882 38.510746 3.022840 1.000000
16794 -38.980309 41.554195 0.825502 1.000000
16795 -39.419624 40.434238 -0.043654 1.000000
16796 -43.703777 38.791283 -0.319237 1.000000
16797 -42.694599 39.286472 0.468152 1.000000
16798 -44.231628 38.871323 1.021089 1.000000
16799 -44.292992 38.029358 2.087137 1.000000
16800 -45.345966 37.629658 1.137346 1.000000
16801 -46.364647 36.053181 0.848127 1.000000
16802 -46.456318 37.285328 0.178525 1.000000
16803 -48.458778 36.323334 -2.520170 1.000000
16804 -48.735043 36.182426 -1.594649 1.000000
16805 -49.548454 35.310890 -2.473375 1.000000
16806 -50.194565 33.922062 -2.357076 1.000000
16807 -49.935677 34.434734 -3.257130 1.000000
16808 -49.965462 33.613026 -3.647029 1.000000
16809 -49.667511 34.655716 -4.080739 1.000000
16810 -48.152332 35.835545 -6.111854 1.000000
16811 -48.834572 34.984695 -5.719821 1.000000
16812 -48.482769 35.304886 -6.671172 1.000000
16813 -48.436382 34.726677 -7.096225 1.000000
16814 -48.254993 35.502209 -7.679329 1.000000
16815 -42.920620 38.645817 -8.625045 1.000000
16816 -44.280628 37.461647 -7.857022 1.000000
16817 -44.013313 37.870331 -9.426577 1.000000
16818 -45.924782 37.161366 -11.889441 1.000000
16819 -46.248604 36.714951 -10.487046 1.000000
16820 -47.217949 36.201759 -10.974353 1.000000
16821 -48.061047 35.636539 -10.145067 1.000000
16822 -47.936752 35.736046 -11.356813 1.000000
16823 -48.212910 35.248158 -11.635195 1.000000
16824 -47.489552 35.979790 -12.433569 1.000000
16825 -45.119545 37.807808 -14.695325 1.000000
16826 -46.129810 36.446682 -14.163157 1.000000
16827 -45.271282 36.464081 -14.741808 1.000000
16828 -45.552895 35.191582 -14.723444 1.000000
18157 -36.205872 40.629269 11.543694 1.000000
18158 -36.216290 40.515175 10.121073 1.000000
18159 -36.794289 41.710320 10.276621 1.000000
20229 -42.043114 33.043816 -14.402966 1.000000
20498 -36.810505 36.148518 7.350919 1.000000
20499 -35.960587 34.753811 8.893305 1.000000
20500 -37.507015 34.755409 8.003932 1.000000
20501 -41.640930 33.045593 8.572148 1.000000
20502 -39.685154 32.719673 9.225920 1.000000
20503 -41.198761 32.195004 9.515133 1.000000
20504 -41.042065 30.952961 10.623907 1.000000
20505 -42.885487 31.428564 10.038630 1.000000
20506 -48.919861 32.992283 6.563224 1.000000
20507 -47.413364 33.157501 7.531478 1.000000
20508 -48.652637 32.672340 7.842374 1.000000
20509 -49.235760 29.836630 8.676134 1.000000
20510 -48.038033 31.110880 9.141907 1.000000
20511 -47.751934 29.729776 9.343615 1.000000
20512 -46.206566 29.443645 9.941355 1.000000
20513 -47.807373 28.304111 9.737162 1.000000
20514 -48.099266 27.026062 10.661354 1.000000
20515 -49.357086 27.282709 9.930185 1.000000
20516 -52.544670 25.377193 10.044585 1.000000
20517 -51.907574 25.728699 11.126090 1.000000
20523 -51.957867 22.925230 7.597733 1.000000
20524 -52.429577 22.550774 8.834486 1.000000
20525 -51.324684 22.182255 8.259181 1.000000
20526 -50.523926 21.628769 9.179556 1.000000
20527 -49.941139 21.941309 8.018501 1.000000
20528 -49.275337 26.119303 5.694800 1.000000
20529 -49.926025 25.079380 5.831375 1.000000
20530 -48.607201 25.014523 5.979074 1.000000
20531 -45.750145 23.324400 7.503687 1.000000
20532 -47.204861 23.406273 7.272531 1.000000
20533 -46.459312 22.514481 7.649198 1.000000
20534 -46.961323 21.678104 7.894773 1.000000
20565 -48.249943 32.314217 -3.738720 1.000000
20566 -47.010216 31.398657 -2.734769 1.000000
20567 -46.764084 31.970226 -3.368211 1.000000
20568 -43.794151 32.411823 -3.341090 1.000000
20569 -43.851780 31.774466 -2.447894 1.000000
20570 -42.428616 31.787500 -2.095009 1.000000
20571 -41.170403 31.074215 -0.720927 1.000000
20572 -41.089191 31.905987 -1.641227 1.000000
20573 -43.687458 33.621082 -7.961132 1.000000
20574 -43.668037 33.575855 -6.609648 1.000000
20575 -42.293720 33.471165 -6.279119 1.000000
20576 -38.030403 33.234268 -2.291445 1.000000
20577 -39.516731 33.197342 -2.960759 1.000000
20578 -38.159901 32.834496 -1.289104 1.000000
20579 -38.258419 32.231945 -0.275355 1.000000
20580 -36.793251 32.319599 0.493063 1.000000
23916 -44.356110 29.338165 -14.584646 1.000000
23917 -43.317200 29.914938 -14.725636 1.000000
23972 -50.543510 32.373047 -0.448492 1.000000
23973 -50.820774 31.872761 0.988515 1.000000
23974 -51.059929 31.282955 0.211431 1.000000
23975 -51.018200 30.267843 0.905891 1.000000
23976 -50.370117 29.419678 1.842631 1.000000
23977 -49.518017 28.761190 2.733337 1.000000
23978 -49.140156 29.041677 1.565423 1.000000
23979 -47.796379 29.023157 1.493324 1.000000
23980 -46.294727 29.155645 1.654849 1.000000
23981 -44.784065 29.232462 2.095298 1.000000
23982 -45.810909 29.618397 0.926657 1.000000
23983 -45.193573 29.955383 0.223376 1.000000
23984 -44.605145 30.227209 -0.465912 1.000000
23985 -46.910698 33.543530 -13.430153 1.000000
23986 -46.569477 33.078125 -12.581480 1.000000
23987 -46.501167 32.479954 -13.293074 1.000000
23988 -45.994736 31.393280 -12.813141 1.000000
23989 -45.131943 30.359913 -12.127737 1.000000
23990 -43.865032 29.437435 -11.186022 1.000000
23991 -45.383041 29.727900 -12.636701 1.000000
24993 -44.043262 39.203102 -14.755007 1.000000
24994 -42.863869 38.650646 -14.826070 1.000000
24995 -42.880730 40.070503 -14.602697 1.000000
24996 -41.642391 40.817650 -14.047015 1.000000
25047 -38.748024 42.542969 6.167472 1.000000
25048 -38.203896 41.269707 5.629141 1.000000
25049 -39.084778 42.173420 4.885671 1.000000
25050 -39.350185 41.554855 3.629371 1.000000
25051 -39.734169 40.706036 2.570784 1.000000
25052 -39.672661 39.755722 -2.259562 1.000000
25053 -40.356224 39.450432 -1.042402 1.000000
25054 -41.435188 38.815426 -1.829090 1.000000
25055 -43.139484 38.441818 -1.433770 1.000000
25056 -44.814545 38.357723 -1.067378 1.000000
25057 -46.369514 37.828522 -0.788283 1.000000
25058 -46.024014 37.754509 -1.880590 1.000000
25059 -47.134144 37.066856 -2.676167 1.000000
25060 -48.164326 36.416771 -3.534411 1.000000
25061 -48.912403 35.623112 -4.303800 1.000000
25062 -47.807289 36.414848 -4.432022 1.000000
25063 -47.406700 36.309105 -5.402426 1.000000
25064 -46.988804 36.363609 -6.426126 1.000000
25065 -43.254230 40.746937 -10.889738 1.000000
25066 -43.947899 38.612850 -10.777209 1.000000
25067 -44.154900 39.857407 -11.756540 1.000000
25068 -44.990505 38.970467 -12.562452 1.000000
25069 -45.697796 38.030205 -13.025038 1.000000
25070 -46.337250 37.139809 -13.319122 1.000000
25071 -45.422638 38.808510 -13.894995 1.000000
25072 -44.933830 39.155254 -14.410489 1.000000
27252 -48.604992 16.326321 10.939761 1.000000
27275 -40.210995 35.896778 6.181079 1.000000
27276 -39.236870 34.750889 7.419491 1.000000
27277 -41.099785 34.739922 6.956126 1.000000
27278 -42.272255 33.663734 7.707974 1.000000
27279 -43.572746 33.061867 8.253345 1.000000
27280 -50.885460 31.176550 6.386256 1.000000
27281 -49.760628 31.788153 7.647706 1.000000
27282 -50.779438 30.510174 7.271119 1.000000
27283 -50.573399 29.495487 7.807458 1.000000
27284 -50.527897 28.295383 8.274145 1.000000
27285 -50.491829 27.211048 9.192344 1.000000
27286 -51.530323 27.052303 8.290161 1.000000
27287 -52.287182 25.956812 8.585548 1.000000
27288 -52.888123 24.932896 8.943151 1.000000
27289 -53.215748 23.963314 9.275610 1.000000
27290 -52.787498 24.383307 7.926586 1.000000
27291 -52.351330 23.896835 7.151484 1.000000
27292 -51.399391 23.513920 6.795775 1.000000
27293 -46.286163 25.740717 6.012940 1.000000
27294 -47.137756 24.919882 6.334196 1.000000
27295 -45.598122 24.856424 6.694026 1.000000
27315 -47.517353 33.259636 -5.340386 1.000000
27316 -46.538490 32.498142 -4.211474 1.000000
27317 -46.185986 33.046642 -4.983333 1.000000
27318 -44.907524 32.951321 -4.702477 1.000000
27319 -43.720703 32.917130 -4.380891 1.000000
27320 -40.920952 32.989510 -7.002293 1.000000
27321 -40.866070 33.385342 -5.797548 1.000000
27322 -39.393608 33.233849 -5.173481 1.000000
27323 -37.896584 33.351646 -3.385288 1.000000
27324 -36.431538 33.216194 -1.514868 1.000000
29199 -42.990471 44.303211 -12.384600 1.000000
29200 -42.409370 44.236549 -13.112508 1.000000
29201 -42.208000 45.413471 -12.393384 1.000000
29241 -39.776867 45.302368 2.511581 1.000000
29242 -39.453682 44.089302 2.072366 1.000000
29243 -38.800922 44.528290 1.406538 1.000000
29250 -40.686974 39.229626 -4.232091 1.000000
29251 -42.135338 38.250256 -5.033617 1.000000
29252 -43.332256 37.603275 -5.713295 1.000000
29253 -41.812458 38.772514 -6.409407 1.000000
29254 -41.763950 39.435863 -7.800551 1.000000
29255 -41.959949 40.350819 -9.006042 1.000000
29256 -40.675385 43.522900 -8.041762 1.000000
29257 -41.589130 42.451149 -9.008936 1.000000
29258 -42.385715 41.532661 -9.937079 1.000000
29259 -42.916367 42.876045 -10.619479 1.000000
29260 -43.221458 43.772022 -11.512836 1.000000
30962 -48.490849 19.994167 11.232496 1.000000
30974 -46.248493 34.416233 3.763046 1.000000
30975 -46.231659 34.152145 5.396054 1.000000
30976 -47.474358 33.471027 4.337094 1.000000
30977 -48.828026 32.905792 4.857780 1.000000
30978 -50.093948 32.461617 5.228325 1.000000
30979 -50.876080 31.555700 2.481143 1.000000
30980 -50.947880 31.521399 3.961250 1.000000
30981 -50.987724 31.524719 5.263084 1.000000
30982 -51.571236 30.349279 5.400316 1.000000
30983 -51.862831 29.067209 5.504020 1.000000
30984 -51.829651 27.798355 5.607316 1.000000
30985 -51.497253 26.593227 5.684113 1.000000
30986 -51.103596 27.379589 5.322551 1.000000
30987 -49.964561 27.211910 5.416833 1.000000
30988 -48.579231 26.983652 5.442445 1.000000
30989 -48.678017 28.245728 3.780733 1.000000
30990 -47.805275 27.567387 4.803319 1.000000
30991 -47.050896 26.629526 5.477559 1.000000
30992 -45.575726 26.453583 5.620692 1.000000
30999 -43.221458 29.113535 2.573369 1.000000
31005 -47.428459 34.097675 -9.714981 1.000000
31006 -46.238747 33.865181 -8.435862 1.000000
31007 -46.500599 33.881382 -9.622454 1.000000
31008 -45.171455 33.648281 -9.519999 1.000000
31009 -43.768303 33.318420 -9.263321 1.000000
31010 -45.508320 32.905605 -11.650968 1.000000
31011 -43.881264 32.873283 -10.346631 1.000000
31012 -42.409008 32.840786 -8.727849 1.000000
31013 -40.951981 32.359444 -7.972219 1.000000
31014 -39.452034 31.931000 -7.080901 1.000000
31020 -42.404968 28.743643 -10.056518 1.000000
31021 -40.839592 28.373205 -8.798720 1.000000
31024 -39.942249 27.009689 -9.416218 1.000000
33243 -44.911400 33.546749 -15.066038 1.000000
33244 -43.995235 32.899345 -15.255844 1.000000
33245 -43.539207 34.278942 -15.188251 1.000000
33246 -42.200466 35.196106 -14.631376 1.000000
33248 -41.704460 38.029839 -14.381717 1.000000
33357 -34.836155 37.883369 9.882515 1.000000
33359 -35.327629 37.674469 8.179097 1.000000
33360 -36.324913 37.547161 6.985401 1.000000
33361 -37.661743 37.336250 6.142757 1.000000
33362 -37.953602 39.815453 5.124733 1.000000
33363 -38.398087 38.383221 5.101249 1.000000
33364 -39.235550 37.086479 5.513682 1.000000
33365 -40.927856 36.840405 5.094110 1.000000
33366 -42.600800 36.725964 4.704001 1.000000
33367 -44.094601 36.510021 4.191329 1.000000
33368 -39.290146 42.758060 1.749595 1.000000
33369 -39.613892 41.317345 1.549590 1.000000
33370 -40.548298 40.126549 1.747642 1.000000
33371 -41.012924 39.563789 0.085508 1.000000
33372 -41.561531 39.752491 1.121615 1.000000
33373 -41.830208 39.207466 2.155222 1.000000
33374 -43.178040 38.351547 2.591496 1.000000
33375 -44.308769 37.223019 3.053464 1.000000
33376 -45.232372 35.788795 3.312000 1.000000
33377 -46.182159 34.913086 2.045717 1.000000
33378 -47.492668 34.421883 0.867929 1.000000
33379 -48.659935 34.232880 -0.030072 1.000000
33380 -47.733112 36.746281 -0.721225 1.000000
33381 -48.809040 35.284134 -0.966247 1.000000
33382 -49.704449 33.748299 -0.882270 1.000000
33383 -50.324909 33.065891 -1.634211 1.000000
33384 -50.471889 32.420525 -2.127108 1.000000
33385 -50.078026 31.844492 -2.468193 1.000000
33386 -49.083130 31.221781 -2.539688 1.000000
33387 -49.794281 32.304222 -3.163771 1.000000
33388 -49.387287 32.767464 -3.862200 1.000000
33389 -48.912067 33.133450 -4.588067 1.000000
33390 -49.287148 34.726318 -4.838407 1.000000
33391 -49.100372 34.023079 -5.227028 1.000000
33392 -48.452625 33.543789 -5.426151 1.000000
33393 -48.159950 33.983330 -6.362935 1.000000
33394 -47.847412 34.200268 -7.256066 1.000000
33395 -47.832386 34.332813 -8.371106 1.000000
33396 -44.503700 37.159592 -6.329945 1.000000
33397 -45.617039 36.864777 -6.982866 1.000000
33398 -46.724838 36.559540 -7.658711 1.000000
33399 -45.101589 37.252506 -9.970727 1.000000
33400 -46.498756 36.724880 -9.079355 1.000000
33401 -47.580391 36.153511 -8.314227 1.000000
33402 -48.116314 35.670494 -8.889434 1.000000
33403 -48.222565 35.061695 -9.347239 1.000000
33404 -47.981228 34.491066 -9.613426 1.000000
33405 -48.148537 34.574177 -10.716166 1.000000
33406 -48.066242 34.643452 -11.739606 1.000000
33407 -47.681168 34.652267 -12.679007 1.000000
33408 -46.830982 36.322327 -13.408720 1.000000
33409 -47.130051 35.464088 -13.382771 1.000000
33410 -47.137688 34.518497 -13.431154 1.000000
33411 -46.510201 34.267830 -14.194064 1.000000
33412 -45.829960 33.866570 -14.727272 1.000000
35072 -34.886494 37.983208 11.491706 1.000000
35073 -35.395924 39.227394 9.934459 1.000000
35074 -36.356602 40.564796 8.822629 1.000000
35075 -37.554676 41.815941 7.932457 1.000000
35078 -38.474220 42.731819 7.117861 1.000000
35079 -39.250435 43.569309 6.465814 1.000000
35080 -39.976513 44.407551 5.712585 1.000000
35081 -40.538185 45.206306 4.623667 1.000000
35090 -40.310509 45.916832 3.518824 1.000000
35091 -39.888763 46.613842 2.689091 1.000000
35092 -39.394218 47.396866 1.826439 1.000000
37585 -43.252831 32.291180 -15.152797 1.000000
37586 -42.723339 31.418720 -14.702627 1.000000
37587 -42.103607 30.517925 -14.241549 1.000000
37590 -41.132835 29.707764 -13.790586 1.000000
37591 -39.973938 28.846897 -13.652571 1.000000
37908 -34.838650 34.840359 10.301610 1.000000
37909 -35.429546 33.307423 10.770979 1.000000
37910 -36.456802 32.225052 11.210634 1.000000
37911 -38.443249 33.528275 8.804456 1.000000
37912 -37.983368 32.418556 10.063548 1.000000
37913 -37.889893 31.353003 11.446201 1.000000
37914 -39.495903 30.569828 11.538935 1.000000
37915 -41.273743 29.503742 11.525220 1.000000
37916 -43.163666 28.539654 11.342678 1.000000
37917 -45.945396 33.556702 6.911925 1.000000
37918 -45.521038 33.007629 7.900107 1.000000
37919 -45.028294 32.580872 8.861179 1.000000
37920 -48.316002 32.032906 8.662405 1.000000
37921 -46.560585 31.979954 9.269327 1.000000
37922 -44.760860 31.776999 9.679835 1.000000
37923 -44.642460 30.462866 10.217530 1.000000
37924 -44.696175 28.968689 10.703942 1.000000
37925 -44.963112 27.504719 11.255503 1.000000
37926 -46.777840 26.611292 11.360665 1.000000
37929 -50.704517 26.430500 10.496819 1.000000
37938 -53.245190 22.986551 9.709004 1.000000
37939 -52.916176 22.227154 10.413408 1.000000
37941 -50.992805 21.278522 10.658953 1.000000
37942 -49.544746 21.013590 10.255787 1.000000
37943 -48.135536 20.674019 9.967258 1.000000
37944 -51.147144 25.232027 5.863877 1.000000
37945 -50.642570 24.261896 6.262452 1.000000
37946 -50.115555 23.418146 6.860476 1.000000
37947 -47.853874 24.197073 6.672542 1.000000
37948 -48.658905 23.403101 7.001927 1.000000
37949 -49.307861 22.627399 7.365460 1.000000
37950 -48.410683 21.814297 7.863030 1.000000
37951 -47.620434 21.095142 8.773523 1.000000
37952 -46.757790 20.110830 9.646144 1.000000
37953 -45.491802 19.528271 9.317496 1.000000
37989 -47.408878 30.888199 -2.246644 1.000000
37990 -45.746265 30.720560 -1.705873 1.000000
37991 -44.172424 30.609396 -1.144480 1.000000
37992 -45.256634 31.720413 -2.942275 1.000000
37993 -43.930756 31.084553 -1.752283 1.000000
37994 -42.687256 30.496847 -0.474370 1.000000
37995 -41.345436 30.398067 0.087468 1.000000
37996 -39.985390 30.449289 0.763697 1.000000
37998 -44.888668 33.632408 -6.888605 1.000000
37999 -43.721214 33.340248 -5.489825 1.000000
38000 -42.370628 33.036514 -4.034680 1.000000
38001 -40.902233 33.426552 -4.662211 1.000000
38002 -40.927513 33.107071 -3.565001 1.000000
38003 -41.002724 32.588417 -2.554294 1.000000
38004 -39.675781 32.057301 -0.984430 1.000000
38005 -38.387676 31.423275 0.558669 1.000000
