#!ascii label, projected from MNI152NLin2009cAsym to fsaverage6
213
21 -6.529821 34.701736 49.947647 1.000000
254 -7.893769 22.607868 49.808945 1.000000
498 -7.847014 23.725857 58.717396 1.000000
732 -7.747303 31.565002 45.189247 1.000000
733 -6.568896 25.552464 44.605415 1.000000
734 -7.374124 28.277716 49.595375 1.000000
1096 -6.801215 18.901768 60.996349 1.000000
1609 -7.783322 19.612957 45.341866 1.000000
1610 -9.138578 17.066126 50.423573 1.000000
2142 -6.379565 29.185089 54.428596 1.000000
2143 -6.160258 23.688375 55.436646 1.000000
2144 -7.849052 17.899841 55.916512 1.000000
2145 -8.156234 12.127218 55.718658 1.000000
2650 -6.541799 37.184589 47.754738 1.000000
2652 -6.902962 33.252647 47.555733 1.000000
2653 -7.175355 29.953014 47.310436 1.000000
2654 -6.987624 31.522190 49.625328 1.000000
3640 -7.668958 24.234377 47.068321 1.000000
3641 -7.197227 22.523878 44.913704 1.000000
3642 -7.687842 21.085787 47.327148 1.000000
3643 -8.467173 18.465151 47.841499 1.000000
3644 -8.110510 19.664608 50.000843 1.000000
4723 -8.476918 26.016602 56.805737 1.000000
4724 -7.713361 29.234095 55.275463 1.000000
4725 -6.626634 26.431345 56.765450 1.000000
4726 -5.954090 26.224636 55.082008 1.000000
4727 -6.417595 24.068041 57.738686 1.000000
4728 -6.632873 16.148006 61.573906 1.000000
4729 -6.734185 18.424816 58.664650 1.000000
4730 -7.300653 15.571301 58.803467 1.000000
4731 -8.365351 14.939875 55.919361 1.000000
4732 -7.469258 12.614977 58.572857 1.000000
5926 -8.033049 29.812357 42.415615 1.000000
5927 -6.504864 27.236423 41.941895 1.000000
5928 -6.920938 28.318213 44.698936 1.000000
5929 -7.133330 26.890711 47.211128 1.000000
5930 -7.545061 25.468262 49.843796 1.000000
6580 -7.297797 21.448696 60.043236 1.000000
7593 -6.813719 24.258873 42.321869 1.000000
7594 -8.082945 21.389225 42.885399 1.000000
7595 -8.727385 18.477459 43.411083 1.000000
7596 -9.352931 17.159540 45.696037 1.000000
7597 -10.166385 15.911356 48.125175 1.000000
8993 -7.789870 32.330460 53.634087 1.000000
8994 -6.878521 31.985098 52.022514 1.000000
8995 -6.849040 28.748180 52.219349 1.000000
8996 -6.680291 25.832056 52.528473 1.000000
8997 -6.986577 23.081457 52.715466 1.000000
8998 -6.355291 21.349237 58.425110 1.000000
8999 -6.739686 20.866642 55.701202 1.000000
9000 -7.668257 20.236660 52.817665 1.000000
9001 -8.607338 17.440617 53.036205 1.000000
9002 -9.079304 14.530416 53.203777 1.000000
9003 -9.073797 11.785764 52.930603 1.000000
10330 -6.445420 35.933823 48.949165 1.000000
10331 -6.733487 35.266571 47.711720 1.000000
10332 -6.593329 33.982983 48.722954 1.000000
10333 -6.851720 32.402229 48.563019 1.000000
10334 -6.681921 33.117199 49.728436 1.000000
11320 -7.967261 23.390722 48.434166 1.000000
11321 -7.830309 22.595699 47.218925 1.000000
11322 -7.879378 21.835850 48.500175 1.000000
11323 -7.831088 20.418991 48.578388 1.000000
11324 -7.822553 21.069347 49.896324 1.000000
12401 -8.795921 23.396704 58.550987 1.000000
12402 -9.168953 24.416069 57.443867 1.000000
12403 -8.140646 24.940334 57.849255 1.000000
12404 -7.519940 26.354633 57.029823 1.000000
12405 -7.168221 25.125418 57.821198 1.000000
12406 -6.458537 25.264475 57.306602 1.000000
12407 -6.999116 23.976315 58.437328 1.000000
12409 -6.831678 15.904452 60.296120 1.000000
12411 -7.390044 14.091191 58.689766 1.000000
13713 -7.856814 33.771225 45.339527 1.000000
13715 -8.398933 32.916626 44.096859 1.000000
13717 -8.008086 30.571985 43.922195 1.000000
13718 -7.396898 29.031895 43.554035 1.000000
13719 -7.428138 29.864908 45.007561 1.000000
13720 -7.253897 29.132080 48.344379 1.000000
13721 -7.069705 28.369745 47.206158 1.000000
13722 -7.273213 27.618713 48.397789 1.000000
13723 -7.461942 26.192572 48.499851 1.000000
13724 -7.393357 26.783228 49.760757 1.000000
16680 -6.316194 26.336288 43.296349 1.000000
16681 -6.271364 25.738657 42.022797 1.000000
16682 -6.430460 24.837067 43.457375 1.000000
16683 -7.428778 21.086246 45.172909 1.000000
16684 -7.458091 21.876381 43.889130 1.000000
16685 -7.795535 20.414747 44.095127 1.000000
16686 -8.327162 19.963501 43.121685 1.000000
16687 -8.238663 18.946171 44.266964 1.000000
16688 -8.934996 17.702581 44.546898 1.000000
16689 -8.486600 18.262499 45.581261 1.000000
16690 -8.899325 17.806053 49.056278 1.000000
16691 -9.346296 17.198860 48.013474 1.000000
16692 -9.677025 16.432961 49.285179 1.000000
16694 -9.705862 15.606517 50.640957 1.000000
19931 -6.891541 29.416397 55.091606 1.000000
19932 -7.753658 30.814322 54.467979 1.000000
19933 -6.986829 30.832676 54.111671 1.000000
19934 -7.134531 32.230640 53.110634 1.000000
19935 -6.678290 30.522272 53.255638 1.000000
19936 -6.881337 30.344982 52.051086 1.000000
19937 -6.489015 28.988592 53.378059 1.000000
19938 -5.953704 24.963352 55.224049 1.000000
19939 -6.173266 26.017471 53.831188 1.000000
19940 -6.270119 24.712421 53.931133 1.000000
19941 -6.769698 24.459387 52.606041 1.000000
19942 -6.532202 23.426756 54.075539 1.000000
19943 -6.972089 20.218800 60.561890 1.000000
19944 -6.647191 21.519577 59.373158 1.000000
19945 -6.531654 20.149410 59.750496 1.000000
19946 -7.205854 18.169292 57.249115 1.000000
19947 -6.757043 19.624258 57.176624 1.000000
19948 -7.265535 19.380745 55.743908 1.000000
19949 -7.210383 20.561817 54.250061 1.000000
19950 -7.817885 19.111462 54.335194 1.000000
19951 -8.233108 18.878506 52.877460 1.000000
19952 -8.319699 17.659149 54.519634 1.000000
19953 -8.431485 13.461246 55.937725 1.000000
19954 -8.753048 14.741534 54.511707 1.000000
19955 -8.776201 13.303388 54.461205 1.000000
19956 -9.216936 13.104777 53.185841 1.000000
19957 -8.559002 11.907457 54.268726 1.000000
23205 -7.196558 34.603821 46.484730 1.000000
23206 -7.341284 32.384384 46.358971 1.000000
23207 -7.252940 30.692814 46.251381 1.000000
23208 -7.098511 31.570160 47.407986 1.000000
23209 -7.112445 30.755314 48.452496 1.000000
23210 -7.319551 29.866394 49.545002 1.000000
24984 -7.105057 24.928133 45.825180 1.000000
24985 -6.844165 24.078918 44.756813 1.000000
24986 -7.393373 23.361835 45.927902 1.000000
24987 -7.472785 21.798351 46.103363 1.000000
24988 -7.584458 20.421371 46.349560 1.000000
24989 -7.986040 19.059149 46.616257 1.000000
24990 -7.835999 19.789772 47.554901 1.000000
24991 -8.233656 19.131636 48.835636 1.000000
24992 -8.667444 18.406246 50.224430 1.000000
26935 -7.953555 27.639856 56.049969 1.000000
26936 -7.055164 27.853876 56.036884 1.000000
26937 -6.364720 27.747025 55.603992 1.000000
26938 -6.111757 27.625751 54.765575 1.000000
26939 -6.087636 26.392914 56.091595 1.000000
26940 -6.025058 25.168621 56.410603 1.000000
26941 -6.107194 23.875072 56.705193 1.000000
26942 -6.642875 17.529516 61.296867 1.000000
26943 -6.585255 18.770069 59.969948 1.000000
26944 -6.632913 17.357580 60.175915 1.000000
26945 -7.034348 17.030361 58.746204 1.000000
26946 -7.658306 16.696623 57.298103 1.000000
26947 -8.188040 16.429592 55.913219 1.000000
26948 -7.881537 15.284487 57.344543 1.000000
26949 -7.947535 13.757690 57.327290 1.000000
26950 -7.879077 12.371191 57.130272 1.000000
29188 -7.814377 29.506067 40.946129 1.000000
29189 -6.909367 28.313084 40.703838 1.000000
29190 -7.200823 28.524567 42.062744 1.000000
29191 -6.693554 27.743130 43.283440 1.000000
29192 -6.588796 26.912561 44.572498 1.000000
29193 -7.024873 29.119404 46.041203 1.000000
29194 -6.841016 27.633316 45.921772 1.000000
29195 -6.872046 26.225180 45.868946 1.000000
29196 -7.390676 25.581036 47.109352 1.000000
29197 -7.745952 24.884878 48.450581 1.000000
29198 -7.786316 24.075836 49.879555 1.000000
30712 -7.608153 22.648325 59.413868 1.000000
30715 -7.341763 18.879414 61.630573 1.000000
30718 -7.039308 17.640953 62.098614 1.000000
33225 -6.364458 26.834827 40.551048 1.000000
33227 -7.527942 23.884266 41.335892 1.000000
33228 -6.974538 23.318949 43.743191 1.000000
33229 -7.585882 22.811199 42.718956 1.000000
33230 -8.309470 22.481850 41.784676 1.000000
33234 -9.444035 17.290630 43.668438 1.000000
33235 -9.676095 16.542116 44.804249 1.000000
33236 -10.091263 16.010210 45.924248 1.000000
33237 -8.886358 17.847752 46.778721 1.000000
33238 -9.798742 16.604313 46.912060 1.000000
34932 -6.462296 38.689716 47.614647 1.000000
34933 -6.494624 37.400173 48.983585 1.000000
34934 -6.545646 36.188770 50.082363 1.000000
37229 -7.115891 33.705750 51.990032 1.000000
37230 -6.772736 33.371136 50.900993 1.000000
37231 -6.898477 31.797146 50.830879 1.000000
37232 -7.182794 30.131201 50.764782 1.000000
37233 -7.216700 28.499805 50.932602 1.000000
37234 -6.255826 27.433466 53.614136 1.000000
37235 -6.682697 27.206583 52.446980 1.000000
37236 -7.156528 26.971680 51.089149 1.000000
37237 -7.177962 25.634958 51.231953 1.000000
37238 -7.309897 24.246349 51.224346 1.000000
37239 -7.503586 22.848812 51.264698 1.000000
37240 -6.866923 22.735905 58.953102 1.000000
37241 -6.359750 22.727772 58.171162 1.000000
37242 -6.220870 22.566479 57.011223 1.000000
37243 -6.500250 19.938051 58.564850 1.000000
37244 -6.428233 21.129389 57.155823 1.000000
37245 -6.423181 22.317518 55.657997 1.000000
37246 -6.877318 22.033657 54.217548 1.000000
37247 -7.365561 21.655537 52.795441 1.000000
37248 -7.715454 21.372509 51.352253 1.000000
37249 -8.001198 19.925938 51.419109 1.000000
37250 -8.491461 18.645914 51.521465 1.000000
37251 -8.872112 17.248516 51.706379 1.000000
37252 -8.624277 16.175917 54.471916 1.000000
37253 -8.849446 16.019506 53.109230 1.000000
37254 -9.212526 15.789536 51.871624 1.000000
37255 -9.556705 14.392589 51.932335 1.000000
37256 -9.722421 12.925676 51.916039 1.000000
37277 -7.316195 11.237907 58.320740 1.000000
37278 -7.528338 11.018315 56.916248 1.000000
37281 -7.889330 10.779982 55.513538 1.000000
