#!ascii label, projected from MNI152NLin2009cAsym to fsaverage6
463
68 -38.498917 -67.408592 46.394604 1.000000
134 -27.658630 -64.756561 37.292030 1.000000
293 -27.413769 -61.866558 45.618214 1.000000
294 -28.782608 -59.394142 39.997242 1.000000
296 -34.030121 -78.169807 39.271343 1.000000
410 -34.584267 -58.825233 37.127823 1.000000
563 -32.403568 -68.401566 42.975414 1.000000
564 -31.575516 -75.011169 31.538589 1.000000
936 -21.450527 -70.185013 32.602074 1.000000
1240 -27.511173 -63.116096 41.669701 1.000000
1241 -24.896343 -61.401833 41.304417 1.000000
1242 -25.383194 -61.614967 35.228237 1.000000
1245 -37.279053 -63.800884 41.451309 1.000000
1246 -34.156796 -63.539436 40.412395 1.000000
1247 -35.038445 -68.478409 45.150078 1.000000
1248 -34.010368 -81.021683 33.153503 1.000000
1249 -31.681864 -78.950607 36.133404 1.000000
1681 -28.067881 -60.858879 43.337173 1.000000
1682 -29.255234 -63.298512 41.302147 1.000000
1683 -39.329765 -69.655312 44.093170 1.000000
1684 -35.671398 -72.588280 45.557995 1.000000
1685 -36.719635 -73.974106 39.270348 1.000000
1686 -37.611801 -76.809456 33.773884 1.000000
1918 -37.068268 -58.659050 38.588223 1.000000
2321 -25.633778 -62.977772 47.528393 1.000000
2327 -30.951344 -59.055347 37.224121 1.000000
2328 -31.350285 -63.249645 39.957672 1.000000
2329 -29.542370 -67.764305 41.474907 1.000000
2330 -32.403191 -73.635529 43.565208 1.000000
2331 -31.279282 -71.952141 40.256042 1.000000
2332 -30.954870 -68.726303 35.149338 1.000000
2855 -20.923656 -72.089760 35.247425 1.000000
3160 -27.392094 -63.399261 39.162941 1.000000
3161 -26.222736 -62.040741 38.330811 1.000000
3162 -26.747173 -63.030548 35.946735 1.000000
3163 -26.884365 -63.080036 32.968197 1.000000
3164 -28.101583 -64.779099 34.117340 1.000000
3165 -37.981544 -65.691147 44.085499 1.000000
3166 -36.268917 -65.913002 43.474007 1.000000
3167 -36.674107 -68.038498 46.051891 1.000000
3169 -32.674519 -82.128197 31.606625 1.000000
3762 -28.341101 -59.926888 41.758942 1.000000
3763 -28.902531 -62.121948 42.411156 1.000000
3764 -29.470911 -61.516075 40.967659 1.000000
3766 -38.006775 -71.976791 42.044373 1.000000
5161 -25.882339 -61.432991 48.125114 1.000000
5162 -26.569818 -62.219841 46.552605 1.000000
5164 -23.239626 -60.855652 41.903038 1.000000
5177 -32.621635 -59.066017 36.933155 1.000000
5178 -33.392502 -65.788147 42.120838 1.000000
5179 -32.698410 -63.390465 40.051445 1.000000
5180 -32.075356 -65.768997 41.504337 1.000000
5181 -30.878933 -65.669044 40.894569 1.000000
5182 -31.039862 -68.234406 42.122932 1.000000
5183 -34.429192 -75.615128 42.557518 1.000000
5184 -33.718834 -73.587509 44.931648 1.000000
5185 -32.608421 -76.499130 41.594273 1.000000
5186 -31.641790 -77.339066 33.688618 1.000000
5187 -31.839798 -75.431412 37.640877 1.000000
5188 -32.020718 -73.746445 35.774124 1.000000
5189 -31.311390 -70.465599 38.084297 1.000000
5190 -31.852734 -71.651985 33.587227 1.000000
5191 -31.025494 -69.627113 31.424274 1.000000
6290 -21.143599 -76.242027 38.433083 1.000000
6840 -27.640717 -62.959431 43.968678 1.000000
6841 -26.580608 -63.025757 44.256065 1.000000
6842 -26.270687 -62.291039 41.106747 1.000000
6843 -24.815639 -60.884167 37.998138 1.000000
6849 -36.204540 -61.300575 39.148815 1.000000
6850 -34.545876 -61.277596 38.569969 1.000000
6851 -35.656902 -63.694550 40.879025 1.000000
6852 -34.741169 -66.063370 42.747616 1.000000
6853 -33.719135 -68.598106 44.033474 1.000000
6854 -33.977318 -79.723892 36.181145 1.000000
6855 -32.462254 -79.124428 38.162224 1.000000
6856 -32.260300 -80.796097 35.066223 1.000000
6857 -31.550003 -80.203720 32.781456 1.000000
7763 -27.857616 -61.523109 44.498993 1.000000
7764 -28.351318 -62.681103 43.407906 1.000000
7765 -28.367947 -63.528419 41.852566 1.000000
7766 -28.343729 -64.789932 39.986034 1.000000
7767 -39.225899 -68.988808 46.377346 1.000000
7768 -37.168415 -70.027878 46.755867 1.000000
7769 -37.647835 -71.192436 45.297722 1.000000
7770 -36.298023 -73.797981 42.700645 1.000000
7771 -35.525970 -76.272858 39.441628 1.000000
7772 -37.432129 -73.693268 35.750145 1.000000
7773 -36.961121 -75.843765 36.281807 1.000000
7774 -35.602547 -77.824707 36.359570 1.000000
7775 -35.772205 -78.816200 33.696556 1.000000
8360 -36.043896 -58.926727 37.715691 1.000000
8361 -37.552452 -61.239265 39.943901 1.000000
8363 -39.241989 -65.181664 44.657219 1.000000
8372 -39.989727 -66.718796 46.306896 1.000000
8373 -40.354614 -67.948570 45.114029 1.000000
9522 -25.182526 -62.291069 49.192043 1.000000
9523 -24.638002 -63.244225 48.296654 1.000000
9524 -25.371534 -62.552887 44.703823 1.000000
9525 -23.907730 -61.967945 45.377586 1.000000
9541 -29.575241 -59.144268 38.277084 1.000000
9542 -32.917492 -61.288574 38.224281 1.000000
9543 -31.330297 -61.164650 38.524986 1.000000
9544 -30.228924 -61.168144 39.477928 1.000000
9545 -30.231501 -63.189350 40.400322 1.000000
9546 -29.552780 -65.412689 40.719490 1.000000
9547 -28.494049 -66.748215 39.492138 1.000000
9548 -34.986107 -70.767639 46.381416 1.000000
9549 -33.339386 -71.209122 45.509632 1.000000
9550 -31.964619 -71.028809 44.288734 1.000000
9551 -31.912090 -76.326859 39.571281 1.000000
9552 -31.513382 -73.050697 41.893929 1.000000
9553 -30.720722 -70.628502 42.977581 1.000000
9554 -29.857227 -69.832703 41.363697 1.000000
9555 -29.646002 -68.585190 38.690662 1.000000
9556 -29.247015 -66.799309 35.907631 1.000000
9557 -30.144375 -66.812729 32.781597 1.000000
10840 -27.471470 -64.002670 38.107815 1.000000
10841 -26.959204 -63.114918 37.464706 1.000000
10842 -27.270590 -63.937183 36.457077 1.000000
10843 -27.292603 -63.886578 34.992836 1.000000
10844 -27.767292 -64.794144 35.646385 1.000000
10845 -38.143715 -66.548546 45.422646 1.000000
10846 -37.333828 -66.732407 45.165466 1.000000
10847 -37.582043 -67.743088 46.305389 1.000000
11442 -28.525269 -59.615856 40.864174 1.000000
11443 -29.007477 -60.707928 41.394142 1.000000
11444 -29.260040 -60.413891 40.584190 1.000000
12840 -27.016155 -61.314880 46.245354 1.000000
12841 -26.732986 -61.415905 46.807301 1.000000
12842 -26.988443 -62.060425 46.064751 1.000000
12855 -33.567341 -57.822594 36.461754 1.000000
12857 -33.588943 -59.037170 36.996998 1.000000
12858 -33.080299 -67.090012 42.613853 1.000000
12859 -32.731483 -65.753090 41.772110 1.000000
12860 -32.389957 -67.063644 42.220589 1.000000
12861 -31.685827 -67.051453 41.813347 1.000000
12862 -31.747608 -68.341537 42.482189 1.000000
12863 -34.159245 -77.056824 40.916325 1.000000
12864 -33.416046 -76.253036 42.192924 1.000000
12865 -33.198856 -77.611153 40.498726 1.000000
12866 -31.575687 -76.280701 32.576321 1.000000
12867 -31.814184 -75.675537 34.630543 1.000000
12868 -31.944067 -74.434135 33.613140 1.000000
12869 -31.980982 -72.721909 34.695740 1.000000
12870 -31.780487 -73.287819 32.555794 1.000000
12871 -31.490143 -72.216652 31.550602 1.000000
12872 -31.467545 -73.787857 30.539286 1.000000
14324 -20.953083 -74.829849 38.175728 1.000000
14326 -21.170284 -74.284584 36.736263 1.000000
14327 -21.163651 -71.214615 33.907066 1.000000
14330 -22.758305 -71.978836 30.988409 1.000000
15240 -27.560802 -63.190521 42.913994 1.000000
15241 -27.107910 -63.060608 42.802231 1.000000
15242 -26.948166 -62.745228 41.314064 1.000000
15243 -25.747889 -61.657459 36.705788 1.000000
15244 -25.584444 -61.434582 38.101349 1.000000
15245 -24.997625 -61.082306 36.505867 1.000000
15247 -24.597462 -61.041840 35.006283 1.000000
15255 -36.818871 -62.622601 40.286568 1.000000
15256 -35.996990 -62.527569 39.960548 1.000000
15257 -36.453972 -63.761971 41.129299 1.000000
15258 -35.665928 -67.149353 44.457695 1.000000
15259 -35.464714 -66.025742 43.107628 1.000000
15260 -34.909828 -67.263023 43.997143 1.000000
15261 -34.243916 -67.244125 43.553150 1.000000
15262 -34.336964 -68.459061 44.669418 1.000000
15263 -34.006035 -80.284958 34.595539 1.000000
15264 -33.044174 -80.444527 35.775597 1.000000
15265 -33.024078 -81.121117 34.086510 1.000000
15266 -32.413544 -81.865219 30.331793 1.000000
15267 -31.937826 -81.211044 32.158787 1.000000
15268 -31.809437 -80.705673 30.849924 1.000000
15269 -31.665363 -79.349899 31.292440 1.000000
17043 -27.492188 -59.726368 42.946850 1.000000
17044 -26.919514 -59.086803 43.457283 1.000000
17045 -27.461248 -60.233673 43.712421 1.000000
17046 -27.490704 -60.588783 44.415516 1.000000
17047 -27.926468 -61.250847 43.959808 1.000000
17048 -28.109436 -62.198021 44.039055 1.000000
17049 -28.329020 -61.916023 43.562405 1.000000
17050 -29.116817 -62.625084 41.846420 1.000000
17051 -28.773647 -62.959373 42.340549 1.000000
17052 -28.789639 -63.490551 41.610611 1.000000
17053 -28.349319 -63.975269 40.802929 1.000000
17054 -28.850296 -64.172668 40.917290 1.000000
17055 -39.308399 -69.478310 45.434246 1.000000
17056 -38.451332 -70.106308 45.952877 1.000000
17057 -38.611732 -70.489120 44.713966 1.000000
17058 -37.358925 -72.998840 40.778133 1.000000
17059 -37.206196 -72.862694 42.467678 1.000000
17060 -36.563244 -74.033173 41.038059 1.000000
17061 -35.767754 -75.154373 41.042267 1.000000
17062 -36.110054 -75.130974 39.348003 1.000000
17067 -38.125263 -75.608147 35.022232 1.000000
17068 -37.356117 -76.457611 35.011166 1.000000
17069 -36.373516 -76.821609 36.335114 1.000000
17070 -36.488934 -77.315659 34.918739 1.000000
17071 -35.654816 -78.303665 35.014778 1.000000
17072 -36.673439 -77.738632 33.750061 1.000000
18395 -36.317463 -57.696434 37.418385 1.000000
18396 -35.783611 -57.746971 37.096142 1.000000
18397 -36.562828 -58.779369 38.145382 1.000000
18398 -36.850304 -60.035522 38.838562 1.000000
18399 -37.280251 -59.831116 39.291718 1.000000
18403 -39.014805 -64.410461 43.371956 1.000000
18426 -40.262344 -65.667091 46.001247 1.000000
18427 -40.649719 -66.444038 46.072716 1.000000
18428 -40.265701 -67.512924 46.051311 1.000000
18429 -40.746696 -67.100151 45.454166 1.000000
21243 -25.816360 -62.150940 47.992561 1.000000
21244 -25.441151 -61.790474 48.707802 1.000000
21245 -25.500189 -62.619743 48.473904 1.000000
21246 -25.207773 -63.046379 49.029968 1.000000
21247 -25.244328 -63.248108 47.950153 1.000000
21248 -25.716120 -62.228088 42.781082 1.000000
21249 -26.063030 -62.886108 44.480507 1.000000
21250 -25.008961 -61.848034 42.915710 1.000000
21292 -30.226460 -59.078419 37.645622 1.000000
21293 -34.475021 -62.417030 39.383072 1.000000
21294 -33.784630 -61.296913 38.297905 1.000000
21295 -33.740376 -62.414165 39.195751 1.000000
21296 -31.980078 -63.340412 39.941090 1.000000
21297 -32.100899 -62.261360 39.226707 1.000000
21298 -31.386347 -62.187988 39.297058 1.000000
21299 -30.686993 -61.123375 38.962212 1.000000
21300 -30.771648 -62.185982 39.528954 1.000000
21301 -30.237463 -62.156952 39.966839 1.000000
21302 -30.779541 -63.151848 40.201080 1.000000
21303 -30.246624 -66.800972 41.294422 1.000000
21304 -30.239029 -65.528969 40.794197 1.000000
21305 -29.547302 -66.639366 41.067001 1.000000
21306 -28.919342 -66.359848 40.598644 1.000000
21307 -28.947546 -67.357819 40.666512 1.000000
21308 -36.225281 -71.305237 46.378010 1.000000
21309 -35.995991 -70.488770 46.713585 1.000000
21310 -35.240547 -71.804733 46.326611 1.000000
21311 -32.960590 -73.683426 44.363960 1.000000
21312 -33.591793 -72.443611 45.487801 1.000000
21313 -32.816353 -72.403839 44.958092 1.000000
21314 -32.735752 -71.087494 44.880821 1.000000
21315 -32.144493 -72.307640 44.224701 1.000000
21316 -31.952402 -79.165306 37.203712 1.000000
21317 -32.052666 -77.934982 38.749332 1.000000
21318 -31.865475 -77.811035 37.671326 1.000000
21319 -31.696539 -73.508438 39.084538 1.000000
21320 -31.684917 -74.168961 39.875145 1.000000
21321 -31.262854 -72.598648 41.149750 1.000000
21322 -30.967663 -71.851334 42.648746 1.000000
21323 -30.544012 -71.309464 41.964138 1.000000
21324 -30.250748 -70.271378 42.242729 1.000000
21325 -30.481348 -70.713699 41.073967 1.000000
21326 -31.190689 -69.642746 36.590126 1.000000
21327 -30.411423 -69.357895 38.492195 1.000000
21328 -30.355518 -68.668976 36.994720 1.000000
21329 -29.562412 -67.761536 37.279488 1.000000
21330 -30.197983 -67.758347 35.540344 1.000000
21331 -29.928228 -66.766747 34.299446 1.000000
21332 -30.609720 -67.759499 33.894646 1.000000
23571 -20.688597 -72.799149 36.760715 1.000000
23574 -20.731073 -69.712631 34.138336 1.000000
24120 -27.401941 -63.147095 40.396900 1.000000
24121 -26.830622 -62.700012 39.973614 1.000000
24122 -26.869797 -62.759056 38.667778 1.000000
24123 -26.380219 -62.361042 37.031509 1.000000
24124 -26.121943 -62.243980 35.470840 1.000000
24125 -26.082825 -62.330078 33.983322 1.000000
24126 -26.777256 -63.068645 34.370277 1.000000
24127 -27.577372 -63.907593 33.431633 1.000000
24128 -28.538212 -64.749405 32.599461 1.000000
24129 -37.795975 -64.793457 42.679321 1.000000
24130 -36.858593 -64.916954 42.469246 1.000000
24131 -37.217056 -65.837532 43.804176 1.000000
24132 -36.502258 -66.960800 44.842941 1.000000
24133 -35.839798 -68.304367 45.615601 1.000000
24134 -34.360359 -81.756165 31.560583 1.000000
24135 -33.244091 -81.848282 32.476780 1.000000
24136 -33.802284 -82.489426 30.837641 1.000000
24137 -33.371529 -82.696304 29.701782 1.000000
24138 -33.136295 -82.309395 28.565357 1.000000
25203 -27.607391 -59.333790 42.104828 1.000000
25204 -28.153042 -60.394947 42.506268 1.000000
25205 -28.480328 -61.528515 42.915321 1.000000
25206 -28.729923 -61.111046 42.119263 1.000000
25207 -29.224442 -61.760387 41.699482 1.000000
25208 -29.445688 -62.482159 41.201965 1.000000
25210 -38.605873 -70.837486 43.207741 1.000000
25213 -37.374043 -72.938766 39.043671 1.000000
26015 -37.691196 -59.738091 39.779739 1.000000
27723 -26.375668 -61.716045 47.358654 1.000000
27724 -26.038015 -62.571350 47.072861 1.000000
27725 -23.985804 -60.717121 39.820045 1.000000
27726 -24.073700 -61.065632 41.530045 1.000000
27751 -31.740168 -59.109253 37.009224 1.000000
27752 -33.752300 -64.748039 41.366673 1.000000
27753 -33.435932 -63.478065 40.223351 1.000000
27754 -33.092552 -64.528488 41.018623 1.000000
27755 -32.406181 -64.459190 40.817974 1.000000
27756 -31.696533 -64.462120 40.728790 1.000000
27757 -31.155396 -64.439964 40.729172 1.000000
27758 -31.485203 -65.690361 41.230843 1.000000
27759 -31.051159 -66.961136 41.446903 1.000000
27760 -30.175894 -68.018402 41.867958 1.000000
27761 -35.082607 -73.967514 44.224098 1.000000
27762 -34.747517 -73.131516 45.332024 1.000000
27763 -34.017529 -74.657753 43.872047 1.000000
27764 -33.050636 -75.078285 43.269707 1.000000
27765 -32.414955 -75.070511 42.515797 1.000000
27766 -31.635416 -78.322289 34.971748 1.000000
27767 -31.691944 -77.421097 36.625629 1.000000
27768 -31.711893 -76.672684 35.592381 1.000000
27769 -31.969645 -74.700394 36.784065 1.000000
27770 -31.767452 -72.792213 38.110752 1.000000
27771 -31.320080 -71.245407 39.340538 1.000000
27772 -31.815098 -71.969528 36.993317 1.000000
27773 -31.717413 -71.056259 35.831261 1.000000
27774 -31.491205 -70.055382 34.523392 1.000000
27775 -31.155502 -69.080856 33.334709 1.000000
27776 -31.503647 -70.610260 32.561024 1.000000
27777 -31.129292 -71.195358 30.500223 1.000000
30043 -21.495564 -73.539062 35.291573 1.000000
31319 -24.060219 -63.657787 49.962204 1.000000
31320 -27.513988 -62.470531 44.811306 1.000000
31321 -27.102020 -62.594963 45.129169 1.000000
31322 -27.207180 -63.051830 44.137909 1.000000
31323 -26.433310 -62.679729 42.711555 1.000000
31324 -25.588720 -61.754932 41.083332 1.000000
31325 -26.199413 -62.127861 39.698250 1.000000
31326 -25.584661 -61.520721 39.581718 1.000000
31327 -24.779232 -61.060493 39.653614 1.000000
31341 -35.483189 -60.079994 38.107265 1.000000
31342 -34.576015 -60.108559 37.793713 1.000000
31343 -35.380470 -61.319420 38.865196 1.000000
31344 -35.153301 -62.464092 39.620987 1.000000
31345 -34.844398 -63.624702 40.623230 1.000000
31346 -35.999912 -64.857391 42.078369 1.000000
31347 -35.268982 -64.817825 41.810497 1.000000
31348 -34.450966 -64.793060 41.613487 1.000000
31349 -34.025723 -65.970001 42.434929 1.000000
31350 -33.701603 -67.144760 43.067661 1.000000
31351 -33.107719 -68.460197 43.389324 1.000000
31352 -33.971893 -79.088120 37.767204 1.000000
31353 -33.112160 -78.849251 38.899975 1.000000
31354 -33.056301 -79.731888 37.360168 1.000000
31355 -32.298378 -80.144501 36.637821 1.000000
31356 -31.708569 -80.150024 35.707630 1.000000
31357 -32.359867 -81.458038 33.270950 1.000000
31358 -31.710846 -80.729309 34.013706 1.000000
31359 -31.536932 -79.783669 34.514778 1.000000
31360 -31.495672 -78.935951 33.158089 1.000000
31361 -31.656399 -77.852013 31.852322 1.000000
31362 -31.661228 -76.718384 30.717993 1.000000
33680 -27.275070 -61.176655 45.720711 1.000000
33688 -27.413120 -60.868061 45.065327 1.000000
33689 -27.662989 -61.735634 45.080582 1.000000
33690 -27.912846 -62.425133 44.392448 1.000000
33691 -28.007351 -62.946819 43.702763 1.000000
33692 -28.037189 -63.166431 42.894531 1.000000
33693 -28.580713 -62.477131 43.020058 1.000000
33694 -28.415386 -63.121971 42.664192 1.000000
33695 -27.920116 -63.347778 41.862846 1.000000
33696 -27.853525 -63.647991 40.734314 1.000000
33697 -27.867157 -64.089882 39.584503 1.000000
33698 -27.902767 -64.882919 38.801529 1.000000
33699 -38.891933 -68.259262 46.696899 1.000000
33700 -37.898254 -68.716141 46.758034 1.000000
33701 -38.241642 -69.530678 46.651867 1.000000
33702 -37.370159 -70.706367 46.240795 1.000000
33703 -36.642998 -71.900459 45.532772 1.000000
33704 -37.840893 -71.734085 43.766319 1.000000
33705 -36.990494 -72.444244 44.198193 1.000000
33706 -36.022400 -73.187210 44.325237 1.000000
33707 -35.437218 -74.672592 42.698418 1.000000
33708 -35.038120 -76.159492 41.097477 1.000000
33709 -34.907516 -77.253540 39.453911 1.000000
33711 -37.379681 -72.774643 37.247723 1.000000
33712 -36.904278 -73.884811 37.472950 1.000000
33713 -38.313255 -74.624245 34.767735 1.000000
33714 -37.245094 -74.823776 36.086887 1.000000
33715 -36.501457 -75.019157 37.611458 1.000000
33716 -36.153851 -76.115578 37.754635 1.000000
33717 -35.581451 -77.165268 37.827065 1.000000
33718 -34.799355 -78.216110 37.827145 1.000000
33719 -34.823994 -78.801735 36.373390 1.000000
33720 -34.878571 -79.345840 34.916718 1.000000
33721 -34.870384 -79.945824 33.507225 1.000000
33723 -35.820183 -79.289734 32.398567 1.000000
33724 -34.945980 -80.574173 32.092194 1.000000
35357 -34.411175 -57.727764 36.545719 1.000000
35365 -35.195194 -57.747475 36.811134 1.000000
35366 -35.376163 -58.867931 37.432014 1.000000
35367 -36.183525 -60.066875 38.408195 1.000000
35368 -36.950104 -61.294056 39.523117 1.000000
35369 -37.495823 -62.586914 40.644402 1.000000
35373 -38.384888 -64.631302 42.980659 1.000000
35374 -38.598866 -65.480011 44.323021 1.000000
35375 -38.847347 -66.222168 45.567062 1.000000
35401 -39.598404 -65.911819 45.835049 1.000000
35402 -39.255085 -67.114197 46.398018 1.000000
35403 -39.636169 -67.923447 46.444138 1.000000
35404 -39.824913 -68.548157 45.834450 1.000000
35405 -39.834290 -68.923157 44.679008 1.000000
38808 -24.735184 -63.410522 49.617901 1.000000
38809 -23.842220 -63.220695 48.648369 1.000000
38810 -26.662237 -62.772327 45.539200 1.000000
38811 -26.160583 -62.937592 45.934208 1.000000
38812 -25.649088 -63.105774 46.285156 1.000000
38813 -24.251478 -61.495899 43.228985 1.000000
38814 -24.667332 -62.187508 44.957603 1.000000
38815 -25.000071 -62.835365 46.518253 1.000000
38816 -24.288788 -62.711815 46.844460 1.000000
38826 -19.084955 -66.121078 39.076763 1.000000
38830 -20.913296 -68.585243 33.301929 1.000000
38831 -20.899578 -65.996704 33.846771 1.000000
38832 -21.140909 -67.411819 32.595703 1.000000
38863 -29.128897 -59.209572 39.019554 1.000000
38864 -33.653645 -60.160034 37.627075 1.000000
38865 -32.797218 -60.190315 37.505947 1.000000
38866 -31.954987 -60.185558 37.581039 1.000000
38867 -32.877777 -62.317101 39.166935 1.000000
38868 -32.098900 -61.219948 38.288166 1.000000
38869 -31.189495 -60.110222 37.809261 1.000000
38870 -30.448849 -60.087120 38.246490 1.000000
38871 -30.007137 -60.169403 38.917477 1.000000
38872 -29.575977 -60.226238 39.664482 1.000000
38873 -29.806421 -61.289265 40.188484 1.000000
38874 -29.747623 -62.261070 40.585716 1.000000
38875 -29.727795 -63.241142 40.762402 1.000000
38876 -30.632853 -64.325684 40.570332 1.000000
38877 -30.016748 -64.280830 40.559692 1.000000
38878 -29.428436 -64.171921 40.724915 1.000000
38879 -28.938900 -65.294006 40.536472 1.000000
38880 -28.323776 -65.857857 39.632660 1.000000
38881 -28.092243 -65.817711 38.295380 1.000000
38882 -36.913162 -69.102211 46.675385 1.000000
38883 -35.994572 -69.384361 46.366447 1.000000
38884 -35.051636 -69.655083 45.945366 1.000000
38885 -34.386600 -72.192116 45.919807 1.000000
38886 -34.165413 -71.104240 45.937397 1.000000
38887 -34.240852 -69.823639 45.529335 1.000000
38888 -33.555828 -69.928787 44.962372 1.000000
38889 -32.806061 -69.800133 44.330513 1.000000
38890 -32.149967 -69.699181 43.824371 1.000000
38891 -32.458355 -77.942123 39.703838 1.000000
38892 -32.123070 -76.545174 40.572304 1.000000
38893 -32.054802 -74.888092 41.563873 1.000000
38894 -31.844629 -75.969994 38.588295 1.000000
38895 -31.804682 -74.703102 40.727676 1.000000
38896 -31.895681 -73.406555 42.677284 1.000000
38897 -31.516968 -72.135277 43.368721 1.000000
38898 -31.309711 -70.968796 43.586926 1.000000
38899 -31.495152 -69.676064 43.175438 1.000000
38900 -30.810070 -69.500961 42.726891 1.000000
38901 -30.075787 -69.290565 42.221813 1.000000
38902 -29.623856 -68.905083 41.502487 1.000000
38903 -30.443035 -70.080894 39.885826 1.000000
38904 -29.688900 -69.287254 40.116390 1.000000
38905 -29.284857 -68.384598 40.480061 1.000000
38906 -29.053183 -67.634415 39.039219 1.000000
38907 -28.715637 -66.759102 37.658058 1.000000
38908 -28.252680 -65.801819 36.472980 1.000000
38909 -28.760111 -65.780594 34.800278 1.000000
38910 -29.328466 -65.761665 33.370556 1.000000
38912 -30.701441 -68.019806 32.189339 1.000000
