#!ascii label, projected from MNI152NLin2009cAsym to fsaverage6
1107
30 -41.523941 -67.886139 27.374378 1.000000
64 -50.336304 -61.944725 36.300350 1.000000
65 -44.155315 -54.018627 21.968929 1.000000
66 -55.783375 -50.919395 30.843912 1.000000
130 -44.391327 -75.948059 14.787372 1.000000
135 -36.244152 -83.423508 26.565063 1.000000
184 -50.041267 -54.443573 40.719658 1.000000
185 -48.105835 -54.108654 31.532543 1.000000
284 -43.342663 -70.458771 22.172686 1.000000
286 -41.662983 -65.368484 17.766068 1.000000
287 -53.624367 -52.904339 18.370010 1.000000
297 -42.265747 -74.963219 30.260761 1.000000
298 -42.192219 -79.216553 21.258146 1.000000
404 -41.733894 -63.692474 33.837807 1.000000
405 -37.907330 -59.595924 26.026764 1.000000
406 -48.068489 -59.329048 28.391697 1.000000
407 -51.663647 -54.493614 24.830269 1.000000
408 -59.010506 -51.702522 22.572758 1.000000
412 -44.293381 -65.097527 42.849621 1.000000
665 -49.971210 -51.449654 39.241482 1.000000
764 -45.963882 -69.325989 24.327145 1.000000
765 -43.989861 -68.474709 19.351454 1.000000
766 -42.028767 -65.975922 22.852108 1.000000
775 -39.796646 -69.465103 32.574696 1.000000
777 -44.719734 -71.751343 29.274668 1.000000
778 -44.722652 -72.959106 25.824020 1.000000
914 -46.748928 -63.348236 35.007568 1.000000
915 -44.678425 -61.203835 31.243652 1.000000
916 -50.085186 -61.452599 32.294876 1.000000
917 -51.015556 -51.020699 30.544184 1.000000
918 -50.080303 -54.675056 27.777035 1.000000
919 -52.840858 -51.435890 26.771149 1.000000
920 -55.081738 -52.645153 23.149681 1.000000
921 -57.528126 -51.534096 27.039362 1.000000
925 -49.221138 -59.882515 40.725433 1.000000
926 -46.453213 -61.935493 43.021679 1.000000
927 -47.956497 -63.938934 39.628677 1.000000
928 -43.520546 -64.537880 38.154087 1.000000
1222 -40.560192 -55.964775 24.027313 1.000000
1224 -38.947029 -54.207203 18.490067 1.000000
1255 -43.232708 -77.325752 18.144749 1.000000
1484 -49.387417 -57.819012 38.365311 1.000000
1485 -49.895432 -58.289970 33.972073 1.000000
1486 -48.680290 -54.152508 36.028534 1.000000
1487 -49.684109 -50.356911 34.705528 1.000000
1488 -53.781910 -49.157951 34.127827 1.000000
1664 -42.469238 -73.556648 18.175819 1.000000
1665 -44.623749 -73.424232 13.523082 1.000000
1666 -40.983456 -70.219673 16.992714 1.000000
1669 -48.303059 -52.285603 20.979000 1.000000
1670 -42.849648 -51.441948 18.048891 1.000000
1687 -37.539700 -77.525406 29.096384 1.000000
1688 -39.146606 -81.540749 23.883028 1.000000
1689 -39.930485 -75.485855 26.065130 1.000000
1690 -41.077728 -74.437286 22.391098 1.000000
1904 -39.032135 -65.992966 31.051397 1.000000
1905 -38.394249 -63.937328 26.869522 1.000000
1906 -39.511818 -61.723022 30.072754 1.000000
1907 -42.474335 -58.638481 27.400105 1.000000
1908 -45.403599 -56.511921 25.203119 1.000000
1909 -51.801746 -58.522228 29.738764 1.000000
1910 -50.764576 -57.562786 25.956333 1.000000
1911 -48.951595 -54.859447 23.418911 1.000000
1912 -53.319347 -54.736992 21.714712 1.000000
1913 -57.319965 -53.622528 19.600506 1.000000
1923 -41.122929 -67.411926 41.155807 1.000000
1924 -40.133968 -66.641953 35.827335 1.000000
2265 -56.730488 -48.220711 34.948841 1.000000
2268 -58.917641 -49.279602 31.121429 1.000000
2269 -60.048534 -49.764389 27.588842 1.000000
2270 -60.196697 -49.921967 22.951721 1.000000
2301 -38.846336 -62.265633 21.628170 1.000000
2684 -43.578026 -68.633560 25.850927 1.000000
2685 -43.871483 -67.559059 23.533264 1.000000
2686 -42.017181 -66.757057 25.302666 1.000000
2695 -40.812832 -68.870239 30.131922 1.000000
2696 -42.025604 -70.720329 30.862850 1.000000
2697 -43.346207 -69.871964 28.074497 1.000000
2698 -45.828876 -70.518234 26.597073 1.000000
2834 -49.203667 -63.421803 35.473488 1.000000
2835 -48.477165 -62.733665 33.507053 1.000000
2836 -50.615845 -61.881214 34.388973 1.000000
2837 -53.327312 -50.865124 30.617626 1.000000
2838 -51.852459 -51.347229 28.594318 1.000000
2839 -54.304974 -51.129391 28.717377 1.000000
2840 -55.206676 -51.211082 26.896305 1.000000
2841 -56.683704 -51.390362 29.066626 1.000000
2845 -49.949207 -60.911324 38.628723 1.000000
2846 -48.921864 -62.258343 40.172806 1.000000
2847 -49.415619 -63.016277 37.808388 1.000000
2848 -47.877602 -64.121155 37.281715 1.000000
3142 -42.243126 -54.795296 22.952154 1.000000
3143 -39.418232 -54.940269 21.388700 1.000000
3144 -41.197678 -53.602314 20.637764 1.000000
3175 -43.394207 -76.591873 16.314930 1.000000
3434 -49.474915 -55.741840 39.575867 1.000000
3435 -48.816010 -56.002228 37.216393 1.000000
3436 -49.342442 -54.218311 38.424461 1.000000
3437 -50.471138 -49.750389 38.787800 1.000000
3438 -49.681499 -50.862156 36.925335 1.000000
3439 -50.765949 -49.276627 36.254517 1.000000
3440 -51.490204 -49.393288 34.121490 1.000000
3441 -52.868507 -48.559208 36.053230 1.000000
3448 -49.818768 -56.941853 40.694893 1.000000
3734 -41.235035 -71.839371 20.366047 1.000000
3735 -41.469296 -72.119522 17.388241 1.000000
3736 -41.455559 -70.112152 19.631069 1.000000
3737 -43.189835 -66.817017 18.491760 1.000000
3738 -42.144997 -67.723602 17.490818 1.000000
3739 -42.132603 -66.531250 16.201260 1.000000
3742 -51.005604 -52.544289 19.756609 1.000000
3743 -48.114723 -51.183105 18.645905 1.000000
3768 -41.595333 -74.675140 32.314827 1.000000
3770 -39.976044 -76.048431 31.974411 1.000000
3772 -39.965797 -75.758553 30.135202 1.000000
3773 -38.998810 -76.015602 27.675379 1.000000
3774 -41.411846 -74.742104 28.508251 1.000000
3775 -44.402302 -71.579880 24.047058 1.000000
3776 -42.206322 -72.835808 24.671917 1.000000
3777 -41.626560 -72.132713 22.685278 1.000000
3778 -41.796661 -74.040016 20.330166 1.000000
4184 -39.926525 -64.651276 32.560787 1.000000
4185 -38.951817 -63.762260 30.692768 1.000000
4186 -40.662254 -62.581688 31.947815 1.000000
4187 -46.418468 -60.288074 29.674503 1.000000
4188 -43.547951 -59.942883 29.277258 1.000000
4189 -45.228111 -58.951283 27.940716 1.000000
4190 -43.931602 -57.448608 26.419605 1.000000
4191 -46.599304 -58.044239 26.898382 1.000000
4192 -48.923347 -56.423046 32.642334 1.000000
4193 -50.933208 -58.290668 31.776499 1.000000
4194 -49.827080 -56.489513 30.594961 1.000000
4195 -51.057243 -54.710888 26.382751 1.000000
4196 -51.570808 -56.396599 27.172474 1.000000
4197 -51.541229 -56.237804 25.447084 1.000000
4198 -49.551445 -56.254345 24.730345 1.000000
4199 -50.936302 -55.489704 23.872702 1.000000
4200 -50.760067 -54.751732 22.459862 1.000000
4201 -52.383259 -54.253620 23.252037 1.000000
4202 -57.021900 -51.937386 22.523285 1.000000
4203 -56.201172 -53.154968 21.280706 1.000000
4204 -57.927418 -52.263775 20.570950 1.000000
4205 -58.784851 -52.188244 18.667866 1.000000
4206 -59.822254 -51.568928 20.401600 1.000000
4218 -45.750282 -63.650108 43.466667 1.000000
4224 -42.423958 -66.132568 42.078281 1.000000
4225 -42.758842 -64.151611 35.807415 1.000000
4226 -41.482494 -65.394112 37.092457 1.000000
4227 -40.925438 -65.214836 34.696743 1.000000
4228 -39.452297 -66.462936 33.391235 1.000000
5032 -59.300282 -47.631893 30.964365 1.000000
5033 -59.639996 -49.586197 29.424170 1.000000
5034 -59.161842 -48.023689 29.135559 1.000000
5035 -56.007347 -48.514530 25.121403 1.000000
5036 -58.657509 -49.171547 25.170841 1.000000
5037 -58.266472 -49.192360 22.727028 1.000000
5107 -37.712189 -61.837463 26.560247 1.000000
5108 -38.670906 -62.965759 24.384731 1.000000
5109 -37.719063 -61.122307 23.801197 1.000000
5205 -41.029659 -80.337204 22.759123 1.000000
5805 -49.864059 -52.932636 39.953526 1.000000
5984 -45.999805 -70.498627 22.814470 1.000000
5985 -43.899151 -69.725296 20.505863 1.000000
5986 -45.244919 -68.879013 21.592833 1.000000
5987 -43.436504 -67.276772 20.989918 1.000000
5988 -41.618217 -65.875206 20.379293 1.000000
6003 -39.116375 -69.794823 35.272762 1.000000
6005 -39.990253 -71.598083 32.929527 1.000000
6006 -42.467522 -72.670715 31.723749 1.000000
6007 -44.224358 -73.749672 30.124887 1.000000
6008 -44.111263 -74.096359 28.061916 1.000000
6009 -45.993500 -72.590782 27.337841 1.000000
6010 -46.657600 -71.436928 25.014120 1.000000
6254 -44.194218 -63.178886 34.717186 1.000000
6255 -43.135521 -62.298298 32.754066 1.000000
6256 -45.777523 -62.439949 33.307076 1.000000
6257 -47.399719 -61.775166 31.558161 1.000000
6258 -49.283291 -60.636890 30.089365 1.000000
6259 -48.861916 -52.079926 30.684772 1.000000
6260 -48.945938 -54.360645 29.485540 1.000000
6261 -49.608276 -52.437035 28.579342 1.000000
6262 -50.696571 -52.730061 27.010178 1.000000
6263 -51.908855 -52.935051 25.510012 1.000000
6264 -53.094460 -53.272400 24.042608 1.000000
6265 -53.902576 -51.939770 24.874065 1.000000
6266 -56.130836 -51.414757 24.783033 1.000000
6267 -58.292198 -51.492889 24.851505 1.000000
6275 -47.975994 -61.118080 41.737019 1.000000
6276 -47.459705 -63.100212 42.001812 1.000000
6277 -46.268261 -64.491226 41.403728 1.000000
6278 -44.087410 -65.061958 40.564045 1.000000
6279 -46.053284 -64.495415 39.138226 1.000000
6280 -45.238197 -63.854694 36.609108 1.000000
6808 -38.900291 -57.633789 24.992743 1.000000
6809 -37.481239 -58.969135 23.153286 1.000000
6810 -38.037731 -56.886543 22.254883 1.000000
6867 -43.055058 -78.088791 19.710979 1.000000
7304 -50.101566 -59.955372 37.387108 1.000000
7305 -50.527691 -60.057262 35.283588 1.000000
7306 -49.444572 -58.141228 36.189148 1.000000
7307 -48.629200 -56.358833 34.767860 1.000000
7308 -48.098915 -54.185974 33.739304 1.000000
7309 -49.294853 -52.541817 37.661465 1.000000
7310 -48.826744 -52.165344 35.319427 1.000000
7311 -48.529491 -52.007256 32.944221 1.000000
7312 -50.230255 -50.488167 32.594357 1.000000
7313 -52.402313 -50.054485 32.347790 1.000000
7314 -54.726734 -50.035301 32.263538 1.000000
7324 -49.656258 -58.890541 39.511505 1.000000
7724 -44.351250 -74.724861 17.030966 1.000000
7725 -45.703941 -74.806831 15.044485 1.000000
7726 -43.684990 -73.417885 15.785772 1.000000
7727 -42.223793 -72.172012 14.580217 1.000000
7729 -41.979530 -68.858910 18.599817 1.000000
7730 -40.816147 -68.577042 16.271738 1.000000
7735 -46.144505 -52.940083 21.741613 1.000000
7736 -43.233864 -52.580658 20.291553 1.000000
7737 -45.406658 -51.547558 19.916922 1.000000
7777 -36.977928 -81.159027 27.760614 1.000000
7778 -37.847862 -82.722588 25.270823 1.000000
7779 -38.158150 -79.257721 26.229229 1.000000
7780 -39.529747 -78.316689 24.747156 1.000000
7781 -40.619881 -77.555069 23.682192 1.000000
7782 -42.318787 -74.003395 26.538548 1.000000
7783 -40.451946 -74.738304 24.396183 1.000000
7784 -41.483490 -76.760147 22.167641 1.000000
7785 -42.577629 -76.044266 20.439447 1.000000
7786 -43.172302 -75.404076 18.719135 1.000000
8324 -39.828621 -66.972122 29.217335 1.000000
8325 -39.943123 -65.924522 27.168873 1.000000
8326 -38.782345 -65.026550 28.913855 1.000000
8327 -38.194462 -62.885193 28.627056 1.000000
8328 -38.611870 -60.705120 28.103611 1.000000
8329 -41.950253 -61.046745 30.825180 1.000000
8330 -40.866039 -60.033417 28.984196 1.000000
8331 -39.766060 -58.715431 27.105291 1.000000
8332 -41.407093 -57.228264 25.777256 1.000000
8333 -42.975883 -55.968102 24.704184 1.000000
8334 -44.655655 -55.351116 23.442287 1.000000
8335 -51.325768 -60.052662 33.143829 1.000000
8336 -51.583092 -60.133625 30.859665 1.000000
8337 -50.953117 -59.713024 28.737036 1.000000
8338 -50.832439 -56.595215 28.875238 1.000000
8339 -51.791798 -58.431862 27.607361 1.000000
8340 -49.626511 -58.573875 26.990879 1.000000
8341 -48.042946 -57.097382 25.474295 1.000000
8342 -47.092625 -55.631378 24.022652 1.000000
8343 -46.641529 -54.408134 23.017689 1.000000
8344 -48.512856 -53.482117 22.336639 1.000000
8345 -50.918144 -53.592384 21.231400 1.000000
8346 -53.582447 -54.167946 20.014015 1.000000
8347 -54.255482 -53.725269 22.315500 1.000000
8348 -55.444214 -54.407024 20.708311 1.000000
8349 -55.855133 -54.152966 18.834332 1.000000
8350 -57.878094 -53.215004 17.720188 1.000000
8375 -40.126396 -68.723053 39.779865 1.000000
8376 -42.077126 -65.815720 39.791389 1.000000
8377 -40.780296 -67.089157 38.425919 1.000000
8378 -39.894367 -68.391861 37.110558 1.000000
8379 -39.219803 -68.158409 34.323963 1.000000
8380 -39.399319 -67.876724 31.732189 1.000000
9355 -54.724266 -48.367577 36.728642 1.000000
9356 -55.505260 -48.888149 34.758282 1.000000
9357 -56.480858 -49.749138 32.835594 1.000000
9365 -57.828819 -48.836124 32.971634 1.000000
9366 -57.683647 -50.550220 31.228886 1.000000
9367 -58.622986 -51.010128 29.529720 1.000000
9368 -59.378246 -51.158028 27.377447 1.000000
9369 -59.896454 -51.231190 25.147236 1.000000
9370 -58.956562 -48.576752 27.407003 1.000000
9371 -60.165516 -50.064293 25.252577 1.000000
9372 -60.457764 -51.150013 22.824745 1.000000
9373 -60.849133 -50.602467 20.785149 1.000000
9459 -40.151226 -64.789146 24.860968 1.000000
9460 -40.293365 -64.054398 22.301277 1.000000
9461 -40.109901 -63.875244 19.724209 1.000000
9462 -37.897682 -60.539734 20.926456 1.000000
9468 -40.722065 -52.670471 18.224539 1.000000
10364 -42.484138 -68.323708 26.619350 1.000000
10365 -42.767456 -67.711685 25.591080 1.000000
10366 -41.719437 -67.345665 26.377140 1.000000
10375 -41.219402 -68.312553 28.692755 1.000000
10376 -41.988651 -69.395294 29.107019 1.000000
10377 -42.390766 -68.890579 27.651560 1.000000
10378 -43.527748 -69.317924 26.912130 1.000000
10514 -50.060432 -62.841419 35.853233 1.000000
10515 -50.033432 -62.719654 34.839081 1.000000
10516 -50.454361 -61.904091 35.290894 1.000000
10517 -54.558949 -50.848289 30.749256 1.000000
10518 -53.849262 -51.071735 29.690228 1.000000
10519 -55.126518 -51.113075 29.870380 1.000000
10520 -55.523277 -51.260994 28.885244 1.000000
10521 -56.281006 -51.189453 30.034826 1.000000
10525 -50.187313 -61.544933 37.472893 1.000000
10526 -49.842472 -62.084400 38.244743 1.000000
10527 -50.033073 -62.540619 36.984352 1.000000
10528 -49.497902 -63.342144 36.582512 1.000000
10822 -43.130669 -54.378685 22.330555 1.000000
10823 -41.686638 -54.134132 21.817564 1.000000
10824 -42.623932 -53.691185 21.402271 1.000000
10854 -36.595955 -83.784668 25.182142 1.000000
10855 -43.679577 -76.200737 15.480261 1.000000
11114 -49.791882 -55.149727 40.076397 1.000000
11115 -49.380669 -55.051777 38.960087 1.000000
11116 -49.648952 -54.320274 39.586811 1.000000
11117 -51.096371 -48.944557 38.465691 1.000000
11118 -50.551392 -49.496601 37.487236 1.000000
11119 -51.337776 -48.711323 37.231091 1.000000
11120 -51.711983 -48.708511 36.110252 1.000000
11127 -50.285011 -55.031555 41.389912 1.000000
11128 -50.029747 -55.616608 40.758026 1.000000
11414 -41.917618 -70.906532 21.471926 1.000000
11415 -41.214516 -70.892128 19.972761 1.000000
11416 -42.238640 -70.096451 20.919060 1.000000
11417 -42.418770 -66.106201 18.208164 1.000000
11418 -42.858715 -66.769989 17.307013 1.000000
11419 -42.440186 -66.047440 16.799732 1.000000
11420 -42.059105 -65.924629 15.623846 1.000000
11421 -41.952820 -65.203033 16.394705 1.000000
11422 -52.387959 -52.772453 19.097330 1.000000
11423 -50.995972 -52.001350 18.545633 1.000000
11424 -52.395233 -52.035412 17.951309 1.000000
11448 -42.049187 -75.016975 31.286060 1.000000
11449 -40.821434 -75.431038 32.166550 1.000000
11450 -41.143250 -75.542038 31.202892 1.000000
11451 -40.123581 -75.960953 31.133602 1.000000
11452 -41.165142 -75.334190 30.258158 1.000000
11453 -40.767353 -75.168503 29.414139 1.000000
11454 -41.998695 -74.833633 29.410862 1.000000
11455 -43.929222 -70.994194 23.168886 1.000000
11456 -42.855225 -71.593704 23.572937 1.000000
11457 -42.416008 -71.182068 22.555023 1.000000
11458 -41.464550 -71.899841 21.560963 1.000000
11864 -40.760742 -64.086029 33.245022 1.000000
11865 -40.316753 -63.575783 32.291744 1.000000
11866 -41.220844 -63.155357 32.909855 1.000000
11867 -47.274387 -59.872215 29.028595 1.000000
11868 -45.875622 -59.609070 28.792225 1.000000
11869 -46.645584 -59.145775 28.205414 1.000000
11870 -45.972633 -58.475899 27.474091 1.000000
11871 -47.364143 -58.677315 27.662525 1.000000
11872 -48.435707 -55.285206 32.010197 1.000000
11873 -49.314644 -56.462391 31.616373 1.000000
11874 -48.813698 -55.255394 31.020660 1.000000
11875 -51.418140 -54.619488 25.646723 1.000000
11876 -51.487873 -55.626274 25.991695 1.000000
11877 -51.478222 -55.350990 25.142584 1.000000
11878 -51.215069 -55.825981 24.688688 1.000000
11879 -51.471893 -55.049946 24.358219 1.000000
11880 -51.628765 -54.807800 23.559052 1.000000
11881 -51.945000 -54.321800 24.053736 1.000000
11882 -58.039207 -51.719994 22.521427 1.000000
11883 -57.459106 -52.137798 21.440845 1.000000
11884 -58.403126 -51.824879 21.509359 1.000000
11885 -58.858910 -51.823048 20.435410 1.000000
11886 -59.431366 -51.731194 21.431456 1.000000
11898 -45.156559 -64.444855 43.233639 1.000000
11899 -44.855148 -64.045189 44.066910 1.000000
11904 -43.305626 -65.568581 42.499306 1.000000
11905 -42.286812 -64.010399 34.852886 1.000000
11906 -41.656616 -64.650284 35.227787 1.000000
11907 -41.302422 -64.467697 34.237293 1.000000
11908 -40.389889 -64.968460 33.590874 1.000000
12713 -59.309731 -47.744144 29.997250 1.000000
12715 -55.844219 -48.564411 23.894966 1.000000
12716 -57.213604 -49.036201 23.868221 1.000000
12717 -56.989918 -48.826408 22.669483 1.000000
12787 -37.747314 -60.730083 26.289618 1.000000
12788 -37.714264 -61.458702 25.230284 1.000000
12789 -37.604412 -60.350548 24.965862 1.000000
12885 -41.708302 -79.812904 22.112759 1.000000
12886 -41.542419 -81.119003 21.221991 1.000000
12887 -42.194702 -80.525742 20.436579 1.000000
13814 -46.484203 -69.942764 23.458185 1.000000
13815 -45.808186 -69.768478 22.103279 1.000000
13816 -45.768829 -69.021362 22.964445 1.000000
13817 -42.928070 -66.788742 23.200130 1.000000
13818 -43.701180 -67.362434 22.271175 1.000000
13819 -42.696655 -66.724312 21.958927 1.000000
13820 -42.440807 -66.588898 20.731964 1.000000
13821 -41.811352 -66.006409 21.616898 1.000000
13845 -39.310490 -69.664070 33.866100 1.000000
13846 -39.148552 -70.646980 33.978748 1.000000
13847 -39.986500 -70.514587 32.808620 1.000000
13848 -43.346180 -71.225845 30.185785 1.000000
13849 -42.445721 -71.658615 31.309727 1.000000
13850 -43.583984 -72.176323 30.704483 1.000000
13851 -43.431465 -73.252213 31.112061 1.000000
13852 -44.731850 -72.731583 29.834797 1.000000
13853 -45.243538 -73.111221 28.744425 1.000000
13854 -45.680489 -72.148224 28.411350 1.000000
13855 -46.003132 -69.877365 25.424147 1.000000
13856 -46.641163 -70.948723 25.792603 1.000000
13857 -46.684090 -70.339439 24.644791 1.000000
13858 -46.474903 -70.935669 23.929396 1.000000
14264 -45.432171 -63.201668 34.908691 1.000000
14265 -45.043533 -62.804249 34.086727 1.000000
14266 -46.326637 -62.919128 34.178837 1.000000
14267 -49.362083 -62.154297 33.007393 1.000000
14268 -47.915009 -62.313744 32.594704 1.000000
14269 -48.786217 -61.733875 31.928583 1.000000
14270 -48.330544 -61.209473 30.863342 1.000000
14271 -49.670410 -61.171825 31.201544 1.000000
14272 -49.890846 -51.387444 30.551849 1.000000
14273 -49.201973 -52.305901 29.584332 1.000000
14274 -50.226299 -51.571350 29.491053 1.000000
14275 -52.334278 -51.385357 27.714336 1.000000
14276 -51.094780 -51.815350 27.646210 1.000000
14277 -51.613159 -51.908623 26.837484 1.000000
14278 -51.303596 -52.806591 26.286678 1.000000
14279 -52.199360 -52.070271 26.055313 1.000000
14280 -52.873951 -52.398327 25.184984 1.000000
14281 -53.367786 -51.650105 25.840048 1.000000
14282 -56.352089 -51.397911 26.989208 1.000000
14283 -55.741383 -51.291382 25.865448 1.000000
14284 -56.853626 -51.392494 25.996693 1.000000
14285 -57.239784 -51.397602 24.848816 1.000000
14286 -57.968361 -51.502502 25.984241 1.000000
14295 -48.730305 -59.355724 41.443836 1.000000
14296 -48.058208 -59.945045 41.578819 1.000000
14297 -48.661976 -60.515228 41.261234 1.000000
14298 -48.528934 -63.172016 39.924911 1.000000
14299 -48.216362 -62.730366 41.144501 1.000000
14300 -47.786541 -63.574432 40.827995 1.000000
14301 -46.981796 -63.870403 41.729729 1.000000
14302 -47.083878 -64.231987 40.583996 1.000000
14303 -46.267647 -64.695625 40.337955 1.000000
14304 -47.187897 -64.426491 39.438267 1.000000
14305 -47.456196 -63.779839 36.071117 1.000000
14306 -46.635448 -64.026062 36.914970 1.000000
14307 -46.087120 -63.604774 35.850960 1.000000
14308 -44.703564 -63.492958 35.555317 1.000000
15187 -39.704563 -56.760277 24.511959 1.000000
15188 -38.487419 -57.277241 23.684795 1.000000
15189 -39.129539 -56.318642 23.175266 1.000000
15190 -39.077297 -54.546497 19.905418 1.000000
15285 -43.209106 -77.643661 18.902348 1.000000
15286 -42.981804 -78.774277 18.245981 1.000000
15287 -42.740738 -78.347954 17.498524 1.000000
16064 -49.770821 -58.936016 37.839287 1.000000
16065 -49.824707 -59.059669 36.829914 1.000000
16066 -49.391136 -58.010540 37.321774 1.000000
16067 -48.679428 -55.055992 36.514214 1.000000
16068 -48.607258 -56.183723 35.994171 1.000000
16069 -48.472218 -55.180809 35.335793 1.000000
16070 -48.287708 -55.294983 34.220135 1.000000
16071 -48.380894 -54.189415 34.887280 1.000000
16072 -49.891476 -52.210030 39.643761 1.000000
16073 -49.537678 -52.714333 38.811760 1.000000
16074 -49.653728 -51.899208 38.478443 1.000000
16075 -49.640259 -50.600838 35.841724 1.000000
16076 -49.275658 -51.414051 36.118671 1.000000
16077 -49.162090 -51.125210 35.080517 1.000000
16078 -48.581356 -52.059547 34.155891 1.000000
16079 -49.138916 -51.034718 33.914742 1.000000
16080 -49.310387 -51.057076 32.769363 1.000000
16081 -49.890011 -50.325882 33.609749 1.000000
16082 -52.529976 -49.228630 34.008728 1.000000
16083 -51.964550 -49.680073 33.194660 1.000000
16084 -52.999706 -49.533318 33.132851 1.000000
16085 -53.512928 -50.009254 32.304924 1.000000
16086 -54.227501 -49.496956 33.212372 1.000000
16105 -49.579609 -57.354382 39.576729 1.000000
16106 -49.674866 -57.858074 40.098022 1.000000
16107 -49.611641 -58.395336 38.918575 1.000000
16108 -49.839012 -59.470325 38.467003 1.000000
16964 -43.549545 -74.061157 17.557987 1.000000
16965 -44.156250 -73.984138 16.575512 1.000000
16966 -43.204559 -73.466599 16.966335 1.000000
16967 -41.177856 -71.148849 17.167866 1.000000
16968 -41.897820 -72.131172 15.993945 1.000000
16969 -41.339634 -71.250748 15.729671 1.000000
16970 -41.510319 -71.374878 14.364055 1.000000
16971 -40.929817 -70.316574 15.590734 1.000000
16972 -44.024296 -69.194664 19.797268 1.000000
16973 -42.860413 -69.315468 19.518925 1.000000
16974 -42.981194 -68.757950 18.947197 1.000000
16975 -41.479946 -67.373459 16.432129 1.000000
16976 -41.311989 -67.942467 16.999243 1.000000
16977 -40.932919 -67.821793 15.754549 1.000000
16987 -47.117664 -52.504700 21.376022 1.000000
16988 -45.651924 -52.200439 20.918058 1.000000
16989 -46.799397 -51.803444 20.515022 1.000000
16991 -46.713516 -50.722721 18.136112 1.000000
17077 -37.105251 -79.325806 28.381109 1.000000
17078 -37.595840 -80.176529 27.043036 1.000000
17079 -37.714867 -78.160774 27.643147 1.000000
17080 -39.490196 -75.709274 26.853189 1.000000
17081 -38.968651 -77.033081 26.111771 1.000000
17082 -39.531319 -76.848572 25.395079 1.000000
17083 -40.148682 -78.011673 24.220287 1.000000
17084 -39.912796 -76.572754 24.680319 1.000000
17085 -44.588673 -73.626732 26.849369 1.000000
17086 -43.377411 -74.090111 27.212534 1.000000
17087 -43.606670 -73.484039 26.170404 1.000000
17088 -41.237358 -73.382378 23.682629 1.000000
17089 -41.259106 -73.660172 24.655142 1.000000
17090 -40.819916 -74.509827 23.401989 1.000000
17091 -40.677822 -75.743362 23.235060 1.000000
17092 -41.139137 -75.586487 22.300299 1.000000
17093 -42.041733 -76.437569 21.271143 1.000000
17094 -41.673836 -75.368240 21.339577 1.000000
17095 -42.141956 -73.750023 19.331789 1.000000
17096 -42.584225 -74.755508 19.481180 1.000000
17097 -42.943493 -74.438499 18.513000 1.000000
17098 -43.723766 -75.035080 17.765551 1.000000
18314 -39.326050 -66.528221 30.111423 1.000000
18315 -39.342762 -66.006630 29.063770 1.000000
18316 -39.025562 -65.579445 29.947102 1.000000
18317 -39.110664 -62.627594 30.397608 1.000000
18318 -38.574539 -63.323956 29.669189 1.000000
18319 -38.672260 -62.263100 29.422573 1.000000
18320 -38.209728 -61.806374 28.425241 1.000000
18321 -39.000565 -61.269665 29.080715 1.000000
18322 -43.885918 -61.695976 32.027130 1.000000
18323 -42.451305 -61.613750 31.748693 1.000000
18324 -43.318386 -61.064125 31.086462 1.000000
18325 -42.989922 -59.266956 28.306103 1.000000
18326 -42.145226 -59.937855 29.158627 1.000000
18327 -41.674080 -59.282398 28.252289 1.000000
18328 -40.307777 -59.396904 28.058105 1.000000
18329 -41.078972 -58.585285 27.340870 1.000000
18330 -40.540810 -57.921730 26.381931 1.000000
18331 -41.942860 -57.950104 26.572458 1.000000
18332 -44.680866 -56.964760 25.885456 1.000000
18333 -43.340527 -56.654289 25.572206 1.000000
18334 -44.132225 -56.242989 24.940573 1.000000
18335 -43.739697 -55.624859 24.107327 1.000000
18336 -44.914032 -55.918434 24.300184 1.000000
18337 -50.343388 -59.101440 34.695404 1.000000
18338 -50.931671 -60.075245 34.197464 1.000000
18339 -50.821583 -59.041054 33.539818 1.000000
18340 -51.434307 -58.402069 30.791798 1.000000
18341 -51.632317 -59.194763 31.380123 1.000000
18342 -51.789661 -59.304028 30.249918 1.000000
18343 -51.293194 -59.991383 29.757282 1.000000
18344 -51.715721 -59.326927 29.096722 1.000000
18345 -49.480976 -54.543213 28.580143 1.000000
18346 -49.805737 -55.583118 29.175961 1.000000
18347 -50.391914 -55.611317 28.373051 1.000000
18348 -51.618629 -57.196095 26.553593 1.000000
18349 -51.725475 -57.405315 27.416958 1.000000
18350 -51.362976 -58.134533 26.768768 1.000000
18351 -50.978455 -58.731453 27.176600 1.000000
18352 -50.238708 -58.120197 26.352261 1.000000
18353 -48.794643 -57.904175 26.207287 1.000000
18354 -49.473610 -57.503723 25.631922 1.000000
18355 -49.144089 -55.538746 24.017569 1.000000
18356 -48.346222 -55.863720 24.408863 1.000000
18357 -48.032005 -55.227833 23.818062 1.000000
18358 -46.883659 -55.038269 23.495687 1.000000
18359 -47.903145 -54.554848 23.344999 1.000000
18360 -47.660191 -53.927826 22.732595 1.000000
18361 -48.686420 -54.187084 22.923458 1.000000
18362 -52.075020 -54.789482 22.064455 1.000000
18363 -50.859688 -54.186455 21.825829 1.000000
18364 -52.177563 -54.435005 21.323889 1.000000
18365 -52.253052 -53.859291 20.614281 1.000000
18366 -53.480324 -54.555054 20.823582 1.000000
18367 -54.111900 -53.012726 23.659428 1.000000
18368 -53.704201 -53.458275 23.222630 1.000000
18369 -54.687904 -53.246990 22.759373 1.000000
18370 -56.779499 -53.448284 20.441544 1.000000
18371 -55.828236 -53.834351 21.038471 1.000000
18372 -56.395409 -54.131054 20.135145 1.000000
18373 -55.725018 -54.523354 19.812281 1.000000
18374 -56.760033 -54.112713 19.184204 1.000000
18375 -56.855591 -53.772106 18.221060 1.000000
18376 -57.603355 -53.552162 18.668341 1.000000
18377 -59.667419 -51.548298 18.613478 1.000000
18378 -59.095284 -51.965782 17.792454 1.000000
18379 -59.974770 -51.193840 17.754063 1.000000
18434 -40.602589 -67.963379 40.526955 1.000000
18435 -43.832188 -64.825935 39.391472 1.000000
18436 -43.017548 -65.315811 40.186485 1.000000
18437 -42.717052 -65.064804 39.045452 1.000000
18438 -40.806450 -65.908646 36.551857 1.000000
18439 -41.085510 -66.240189 37.842735 1.000000
18440 -40.403618 -66.769699 37.175415 1.000000
18441 -40.219254 -67.663017 37.841866 1.000000
18442 -39.995037 -67.529358 36.395184 1.000000
18443 -39.552483 -68.332527 35.641090 1.000000
18444 -39.630199 -67.425941 35.051033 1.000000
18445 -39.163013 -66.276222 32.218876 1.000000
18446 -39.161705 -67.208694 32.578793 1.000000
18447 -39.172554 -66.923935 31.354565 1.000000
18448 -39.653431 -67.536407 30.471979 1.000000
20831 -55.778522 -48.288448 35.886070 1.000000
20832 -56.188713 -48.600365 34.898674 1.000000
20833 -55.967628 -49.297646 33.705330 1.000000
20834 -56.668743 -48.996040 33.882103 1.000000
20853 -58.892162 -48.320904 32.011192 1.000000
20854 -58.347466 -48.059795 32.978039 1.000000
20855 -58.397449 -49.088715 32.074219 1.000000
20856 -57.857586 -49.765846 32.054558 1.000000
20857 -58.366539 -49.995770 31.216238 1.000000
20858 -58.162445 -50.778942 30.350195 1.000000
20859 -58.833172 -50.240120 30.376728 1.000000
20860 -59.903481 -49.660835 28.601810 1.000000
20861 -59.631989 -50.457771 28.595795 1.000000
20862 -59.926308 -50.511887 27.490499 1.000000
20863 -59.668140 -51.143841 26.313232 1.000000
20864 -60.047657 -50.618839 26.424191 1.000000
20868 -59.474243 -49.557056 24.040087 1.000000
20869 -59.621227 -49.522736 25.196987 1.000000
20870 -60.219719 -50.084404 24.057911 1.000000
20871 -60.460030 -50.691910 24.013065 1.000000
20872 -60.577576 -50.547073 22.904810 1.000000
20873 -60.608940 -50.942921 21.742369 1.000000
20874 -60.631489 -50.287495 21.915701 1.000000
21037 -45.416054 -73.994606 14.464005 1.000000
21082 -39.109749 -65.032898 26.993683 1.000000
21083 -40.024994 -65.356308 26.022770 1.000000
21084 -39.174995 -64.444359 25.806091 1.000000
21085 -38.748287 -62.589294 23.037022 1.000000
21086 -39.431782 -63.456097 23.375834 1.000000
21087 -39.509102 -63.136463 21.994556 1.000000
21088 -40.231987 -64.000641 21.021832 1.000000
21089 -39.543560 -63.005951 20.621567 1.000000
21090 -37.413033 -58.713612 21.680132 1.000000
21091 -37.460217 -59.776649 22.074535 1.000000
21092 -37.592628 -59.540089 20.610180 1.000000
21105 -42.960339 -51.975628 19.225897 1.000000
21106 -41.961845 -52.572327 19.293951 1.000000
21107 -41.818001 -52.032093 18.142111 1.000000
21375 -38.471504 -82.190720 24.584484 1.000000
21376 -38.075703 -83.574356 23.975491 1.000000
21377 -38.777763 -83.088661 23.369602 1.000000
23264 -44.891048 -68.901962 25.126827 1.000000
23265 -45.033577 -68.404572 23.928740 1.000000
23266 -43.833485 -68.046585 24.796135 1.000000
23267 -42.947227 -67.112495 24.451405 1.000000
23268 -42.160423 -66.199646 24.077843 1.000000
23283 -40.308449 -69.224556 31.320318 1.000000
23284 -40.779716 -70.146881 31.636261 1.000000
23285 -41.479008 -69.837753 30.490320 1.000000
23286 -42.738640 -70.349365 29.611456 1.000000
23287 -44.145927 -70.759193 28.703949 1.000000
23288 -45.447742 -71.115952 27.933857 1.000000
23289 -44.547245 -70.232407 27.306217 1.000000
23290 -44.810596 -69.583847 26.174948 1.000000
23534 -48.076984 -63.505249 35.183434 1.000000
23535 -47.622784 -63.116081 34.179405 1.000000
23536 -48.958866 -63.152504 34.399002 1.000000
23537 -49.818054 -62.478100 33.861240 1.000000
23538 -50.491577 -61.736076 33.349354 1.000000
23539 -52.215721 -50.906345 30.587315 1.000000
23540 -51.420155 -51.179974 29.499828 1.000000
23541 -52.717171 -51.101547 29.614819 1.000000
23542 -53.047203 -51.134239 28.655338 1.000000
23543 -53.497780 -51.164185 27.646276 1.000000
23544 -54.010796 -51.257057 26.691059 1.000000
23545 -54.746559 -51.208271 27.779373 1.000000
23546 -55.950172 -51.388695 27.948078 1.000000
23547 -57.047020 -51.518890 28.020575 1.000000
23553 -49.558769 -60.456532 39.732880 1.000000
23554 -49.180294 -61.069054 40.439648 1.000000
23555 -49.519234 -61.606670 39.395065 1.000000
23556 -49.230965 -62.630219 39.039780 1.000000
23557 -48.757122 -63.491089 38.704613 1.000000
23558 -47.988472 -64.093620 38.471478 1.000000
23559 -48.767464 -63.717735 37.526241 1.000000
23560 -48.626022 -63.850533 36.411308 1.000000
24088 -41.373741 -55.255463 23.444843 1.000000
24089 -39.933136 -55.419487 22.710281 1.000000
24090 -40.796928 -54.706871 22.260540 1.000000
24091 -40.304951 -54.192871 20.945126 1.000000
24092 -39.904858 -53.736439 19.636209 1.000000
24147 -43.281372 -76.965393 17.262676 1.000000
24614 -49.287331 -56.681488 39.027351 1.000000
24615 -49.090298 -56.920685 37.926651 1.000000
24616 -49.161430 -55.849495 38.431732 1.000000
24617 -49.040211 -55.044605 37.742592 1.000000
24618 -48.974022 -54.116760 37.237377 1.000000
24619 -50.115089 -50.626137 39.017815 1.000000
24620 -49.827000 -51.187107 38.070522 1.000000
24621 -50.105087 -50.330669 37.809868 1.000000
24622 -50.078514 -49.990967 36.647129 1.000000
24623 -50.181267 -49.776207 35.485664 1.000000
24624 -50.490040 -49.709122 34.389793 1.000000
24625 -51.113007 -49.222271 35.130959 1.000000
24626 -52.103935 -48.918056 35.037975 1.000000
24627 -53.253967 -48.825783 35.015526 1.000000
24639 -50.061077 -56.088604 41.292824 1.000000
24640 -49.705486 -56.348030 40.176037 1.000000
25154 -41.533089 -72.868134 19.085079 1.000000
25155 -42.002552 -72.874001 17.715420 1.000000
25156 -41.218937 -71.937668 18.813625 1.000000
25157 -41.095036 -70.987045 18.591846 1.000000
25158 -41.105766 -70.097427 18.384457 1.000000
25159 -43.681690 -67.651962 18.903538 1.000000
25160 -43.076687 -68.171585 18.423832 1.000000
25161 -43.020535 -67.502029 17.836277 1.000000
25162 -42.222134 -67.176155 16.853807 1.000000
25163 -41.534157 -66.797913 15.698626 1.000000
25165 -41.719551 -66.139374 15.083501 1.000000
25168 -49.536705 -52.338562 20.401428 1.000000
25169 -48.147633 -51.692711 19.915295 1.000000
25170 -49.602428 -51.866371 19.201397 1.000000
25171 -49.594769 -51.311939 17.959595 1.000000
25214 -40.946289 -74.221390 33.034172 1.000000
25216 -40.417221 -75.096207 33.119061 1.000000
25221 -38.929588 -76.500687 30.928497 1.000000
25222 -38.706963 -76.406700 29.776556 1.000000
25223 -38.352680 -76.607780 28.438305 1.000000
25224 -39.558651 -75.615181 29.070257 1.000000
25225 -40.098095 -75.178207 28.255823 1.000000
25226 -40.643135 -74.869469 27.408625 1.000000
25227 -44.625416 -72.215340 24.950806 1.000000
25228 -43.552605 -72.780380 25.316174 1.000000
25229 -43.237301 -72.086319 24.461380 1.000000
25230 -41.937778 -72.402008 23.733410 1.000000
25231 -41.259632 -73.253700 22.549465 1.000000
25232 -41.449348 -74.340088 21.322964 1.000000
25233 -41.338249 -73.151566 21.406076 1.000000
25234 -41.446564 -72.948257 20.321156 1.000000
25964 -39.242485 -65.351570 31.839706 1.000000
25965 -38.994301 -64.918587 30.930243 1.000000
25966 -39.448990 -64.189133 31.614773 1.000000
25967 -39.668716 -63.152210 31.362255 1.000000
25968 -40.063206 -62.119202 30.995932 1.000000
25969 -45.480618 -60.751869 30.429941 1.000000
25970 -44.113037 -60.549652 30.259150 1.000000
25971 -44.962437 -60.078541 29.436832 1.000000
25972 -44.410236 -59.422199 28.509205 1.000000
25973 -43.754993 -58.740898 27.605158 1.000000
25974 -43.226692 -58.039013 26.891993 1.000000
25975 -44.526146 -58.166332 27.227322 1.000000
25976 -45.290203 -57.690407 26.686441 1.000000
25977 -45.935631 -57.280281 26.123383 1.000000
25978 -49.402832 -57.433887 33.290077 1.000000
25979 -50.333984 -58.245209 32.889526 1.000000
25980 -49.817822 -57.429451 32.184090 1.000000
25981 -50.430935 -57.455238 31.119959 1.000000
25982 -50.959393 -57.555450 30.202778 1.000000
25983 -50.584778 -54.738441 27.032333 1.000000
25984 -50.985291 -55.659248 27.550343 1.000000
25985 -51.265022 -55.607727 26.783646 1.000000
25986 -51.657677 -56.341393 26.320679 1.000000
25987 -51.306038 -56.881561 25.742733 1.000000
25988 -50.111137 -56.963757 25.330257 1.000000
25989 -50.780876 -56.471962 25.016773 1.000000
25990 -50.282246 -55.931438 24.258917 1.000000
25991 -49.921749 -55.245827 23.517454 1.000000
25992 -49.739819 -54.660561 22.962200 1.000000
25993 -50.750500 -55.172920 23.081303 1.000000
25994 -51.853294 -54.932060 22.841831 1.000000
25995 -52.905853 -54.555977 22.497021 1.000000
25996 -56.058220 -52.282936 22.736002 1.000000
25997 -55.586510 -52.920399 22.216898 1.000000
25998 -56.534832 -52.584553 21.767817 1.000000
25999 -57.090015 -52.755760 20.833595 1.000000
26000 -57.599285 -52.936668 19.979206 1.000000
26001 -58.082958 -52.977406 19.045097 1.000000
26002 -58.417145 -52.300636 19.568291 1.000000
26003 -59.301769 -51.797619 19.460497 1.000000
26004 -60.211113 -51.287605 19.513420 1.000000
26024 -46.163399 -62.823071 43.450840 1.000000
26036 -41.694939 -66.823685 41.689735 1.000000
26037 -43.141605 -64.329956 36.909328 1.000000
26038 -42.463417 -64.910461 37.714531 1.000000
26039 -42.064445 -64.713348 36.404381 1.000000
26040 -41.153389 -65.232658 35.819698 1.000000
26041 -40.493408 -65.902748 35.193947 1.000000
26042 -39.844181 -66.532791 34.523445 1.000000
26043 -40.081520 -65.779495 34.046383 1.000000
26044 -39.643318 -65.547943 32.977184 1.000000
27489 -59.085064 -47.473667 31.959463 1.000000
27490 -59.308605 -48.504429 31.048168 1.000000
27491 -59.321754 -49.510399 30.233530 1.000000
27492 -59.549969 -48.610840 30.162994 1.000000
27493 -59.674110 -48.766994 29.321209 1.000000
27494 -59.800354 -48.888000 28.469212 1.000000
27496 -57.643757 -48.544544 26.313416 1.000000
27497 -57.415874 -48.907745 25.141949 1.000000
27498 -58.427753 -49.347153 23.983391 1.000000
27499 -59.373833 -49.518837 22.884312 1.000000
27625 -37.928486 -62.886963 26.729761 1.000000
27626 -38.482460 -63.475708 25.653482 1.000000
27627 -37.982449 -62.472778 25.521894 1.000000
27628 -38.125378 -62.063152 24.123257 1.000000
27629 -38.136211 -61.826683 22.757858 1.000000
27801 -40.148987 -80.869797 23.334805 1.000000
27802 -39.591133 -82.341965 22.613092 1.000000
27803 -40.507904 -81.669296 21.863560 1.000000
28904 -50.190681 -53.823547 41.342289 1.000000
28905 -49.889969 -53.698750 40.311852 1.000000
29324 -44.738380 -70.506660 22.515488 1.000000
29325 -43.666481 -70.007835 21.359764 1.000000
29326 -44.989006 -70.115005 21.658102 1.000000
29327 -44.949383 -69.521378 20.774527 1.000000
29328 -44.693718 -68.656364 20.373011 1.000000
29329 -44.784294 -68.133499 22.553450 1.000000
29330 -44.413994 -67.983337 21.367611 1.000000
29331 -44.057045 -67.762367 20.059149 1.000000
29332 -43.240639 -67.019196 19.742046 1.000000
29333 -42.357178 -66.364426 19.478592 1.000000
29334 -41.520592 -65.632912 19.132574 1.000000
29335 -54.820122 -52.963898 17.758488 1.000000
29367 -39.169537 -69.961456 36.745617 1.000000
29372 -41.038372 -71.185226 31.988598 1.000000
29373 -41.231167 -72.253746 32.288666 1.000000
29374 -41.191826 -73.205696 32.585529 1.000000
29375 -42.149452 -73.736847 32.137173 1.000000
29376 -42.899746 -74.266945 31.282867 1.000000
29377 -43.304935 -74.494919 30.217840 1.000000
29378 -43.230736 -74.468735 29.252176 1.000000
29379 -44.448986 -73.986160 29.037052 1.000000
29380 -45.199577 -73.482399 27.664295 1.000000
29381 -45.655006 -72.940704 26.457270 1.000000
29382 -46.334648 -71.570389 27.011618 1.000000
29383 -46.515816 -72.022522 26.067907 1.000000
29384 -45.871868 -72.318314 25.399086 1.000000
29385 -45.828926 -71.674637 24.416363 1.000000
29386 -45.396458 -71.092224 23.448673 1.000000
29954 -42.907982 -63.366463 34.349361 1.000000
29955 -42.396339 -62.898266 33.394367 1.000000
29956 -43.767601 -62.798798 33.765495 1.000000
29957 -44.540009 -62.306347 33.115120 1.000000
29958 -45.239586 -61.847321 32.264874 1.000000
29959 -47.068199 -62.618080 33.347942 1.000000
29960 -46.530090 -62.160713 32.356392 1.000000
29961 -45.963943 -61.489239 31.374447 1.000000
29962 -46.843456 -61.025200 30.567688 1.000000
29963 -47.803051 -60.514000 29.840734 1.000000
29964 -48.769600 -60.044548 29.215582 1.000000
29965 -48.243374 -53.028748 31.074188 1.000000
29966 -48.500206 -54.131073 30.500141 1.000000
29967 -48.562538 -53.088463 30.015606 1.000000
29968 -49.008934 -53.352009 28.942295 1.000000
29969 -49.489944 -53.620232 28.038504 1.000000
29970 -50.623077 -51.735313 28.506958 1.000000
29971 -50.113319 -52.625904 27.764816 1.000000
29972 -50.118298 -53.764259 27.313725 1.000000
29973 -50.688183 -53.783215 26.649647 1.000000
29974 -51.246815 -53.732643 25.989985 1.000000
29975 -51.787945 -53.699547 25.238804 1.000000
29976 -52.235008 -53.740715 24.446754 1.000000
29977 -52.536095 -53.129585 24.752380 1.000000
29978 -53.491394 -52.685974 24.414398 1.000000
29979 -54.552010 -52.320637 23.994053 1.000000
29980 -54.483509 -51.412254 25.796219 1.000000
29981 -55.052216 -51.579796 24.767813 1.000000
29982 -55.594891 -51.915173 23.710728 1.000000
29983 -56.628651 -51.644646 23.632254 1.000000
29984 -57.593910 -51.499897 23.693405 1.000000
29985 -58.666534 -51.586292 23.664221 1.000000
30000 -47.278702 -60.509136 41.848656 1.000000
30001 -47.235329 -61.585217 42.370731 1.000000
30002 -48.525063 -61.674721 41.177837 1.000000
30003 -47.805534 -62.201721 41.978081 1.000000
30004 -47.011631 -62.541973 42.755650 1.000000
30005 -46.627728 -63.371113 42.787209 1.000000
30006 -46.120953 -64.130020 42.552498 1.000000
30007 -45.308414 -64.758781 42.124588 1.000000
30008 -44.283409 -65.181168 41.650829 1.000000
30009 -45.273705 -64.857826 41.004738 1.000000
30010 -45.042076 -64.746719 39.796581 1.000000
30011 -44.739113 -64.412796 38.581203 1.000000
30012 -47.005440 -64.350227 38.224770 1.000000
30013 -45.695160 -64.199997 37.776924 1.000000
30014 -44.329536 -64.120926 37.317127 1.000000
30015 -43.958809 -63.879131 36.243778 1.000000
30016 -43.476906 -63.596325 35.283970 1.000000
31246 -38.376312 -58.490772 25.598114 1.000000
31247 -37.717987 -59.201244 24.645773 1.000000
31248 -38.005486 -58.178936 24.175938 1.000000
31249 -37.630215 -57.930805 22.676096 1.000000
31250 -37.542400 -57.643208 21.174099 1.000000
31251 -38.588177 -55.846794 21.811878 1.000000
31252 -37.812931 -56.511383 20.772551 1.000000
31383 -42.594021 -78.627068 20.452047 1.000000
31384 -42.679771 -79.811295 19.710615 1.000000
31385 -42.914936 -79.249405 18.991211 1.000000
32444 -50.325581 -60.955669 36.860817 1.000000
32445 -50.503143 -60.932655 35.839199 1.000000
32446 -50.283390 -60.035015 36.359177 1.000000
32447 -50.000664 -59.114738 35.773460 1.000000
32448 -49.625629 -58.258553 34.997063 1.000000
32449 -48.997913 -57.113060 36.693180 1.000000
32450 -49.032204 -57.330116 35.490135 1.000000
32451 -49.192955 -57.452007 34.364983 1.000000
32452 -48.673744 -56.445148 33.693996 1.000000
32453 -48.307472 -55.310844 33.121834 1.000000
32454 -48.010208 -54.163605 32.591511 1.000000
32455 -49.570656 -53.511909 39.164127 1.000000
32456 -49.215553 -53.384907 38.007851 1.000000
32457 -48.906132 -53.247700 36.835186 1.000000
32458 -49.431480 -51.704590 37.305336 1.000000
32459 -49.062763 -52.354973 36.537720 1.000000
32460 -48.676430 -53.170464 35.643360 1.000000
32461 -48.401966 -53.147003 34.475014 1.000000
32462 -48.164070 -53.103954 33.279846 1.000000
32463 -48.138256 -53.040741 32.140190 1.000000
32464 -48.643944 -52.000813 31.809555 1.000000
32465 -49.513466 -51.217121 31.641186 1.000000
32466 -50.607685 -50.718285 31.571177 1.000000
32467 -50.859123 -49.863667 33.391396 1.000000
32468 -51.309631 -50.150047 32.416016 1.000000
32469 -51.788025 -50.571892 31.514675 1.000000
32470 -52.837463 -50.520367 31.497295 1.000000
32471 -54.012634 -50.471581 31.526997 1.000000
32472 -55.268715 -50.526939 31.580271 1.000000
32495 -49.232166 -58.845711 41.049023 1.000000
32496 -49.705982 -57.460487 41.136581 1.000000
32497 -49.589417 -58.330299 40.538704 1.000000
32498 -49.502312 -59.344719 40.141735 1.000000
32499 -49.802189 -59.976341 39.063026 1.000000
32500 -50.011803 -60.505230 38.012321 1.000000
33584 -44.705811 -75.556931 16.103994 1.000000
33585 -45.297283 -75.457146 15.050867 1.000000
33586 -44.973694 -74.774071 16.131321 1.000000
33587 -44.860619 -73.975937 15.517027 1.000000
33588 -44.213688 -73.419373 14.705508 1.000000
33589 -42.444515 -72.867104 16.427490 1.000000
33590 -43.004688 -72.907547 15.034517 1.000000
33595 -42.587963 -69.682053 20.228558 1.000000
33596 -41.740826 -69.480980 19.174936 1.000000
33597 -41.240761 -69.312805 18.005226 1.000000
33598 -42.093159 -68.256248 18.102732 1.000000
33599 -41.249691 -68.600616 17.530586 1.000000
33600 -40.854748 -69.364601 16.655552 1.000000
33601 -40.608955 -69.443176 15.282614 1.000000
33613 -45.057842 -53.544636 21.879490 1.000000
33614 -43.623047 -53.218945 21.202538 1.000000
33615 -44.615074 -52.694359 21.120659 1.000000
33616 -44.258984 -52.056599 20.125307 1.000000
33617 -44.102558 -51.444305 19.075443 1.000000
33618 -46.724609 -51.260487 19.403341 1.000000
33619 -45.304176 -50.995808 18.734562 1.000000
33620 -43.979645 -50.913231 17.858418 1.000000
33727 -36.685646 -82.597145 27.203907 1.000000
33728 -37.068890 -83.196205 25.951908 1.000000
33729 -37.499931 -81.889832 26.565714 1.000000
33730 -38.110752 -81.160423 25.747992 1.000000
33731 -38.701538 -80.441452 25.010403 1.000000
33732 -38.362202 -77.384552 26.880392 1.000000
33733 -38.810337 -78.670815 25.396376 1.000000
33734 -39.385487 -79.947433 24.296110 1.000000
33735 -40.294266 -79.480148 23.710260 1.000000
33736 -41.006470 -78.980362 23.278755 1.000000
33737 -41.420311 -78.490234 22.686586 1.000000
33738 -42.773212 -74.463814 28.331125 1.000000
33739 -42.004749 -74.451920 27.526709 1.000000
33740 -40.972759 -74.575790 26.528194 1.000000
33741 -42.399254 -73.373085 25.574352 1.000000
33742 -41.143726 -74.095009 25.638754 1.000000
33743 -40.167606 -75.119431 25.239241 1.000000
33744 -40.296242 -76.093864 23.941982 1.000000
33745 -40.976460 -77.100784 22.994663 1.000000
33746 -41.899239 -78.001282 21.865826 1.000000
33747 -42.400414 -77.526138 21.058502 1.000000
33748 -42.823597 -77.067848 20.158278 1.000000
33749 -43.074345 -76.720665 19.372316 1.000000
33750 -42.280300 -74.987137 20.338562 1.000000
33751 -42.870632 -75.696465 19.561632 1.000000
33752 -43.305977 -76.396751 18.599163 1.000000
33753 -43.692516 -76.074898 17.606785 1.000000
33754 -44.229393 -75.801445 16.820675 1.000000
35264 -40.590870 -67.397797 28.261490 1.000000
35265 -40.746674 -66.872086 27.294565 1.000000
35266 -39.928337 -66.423851 28.150232 1.000000
35267 -39.260742 -65.472229 28.038921 1.000000
35268 -38.575279 -64.486732 27.867687 1.000000
35269 -38.665821 -64.407936 29.848988 1.000000
35270 -38.394386 -63.949566 28.802759 1.000000
35271 -38.122017 -63.456993 27.767096 1.000000
35272 -37.883781 -62.423012 27.596228 1.000000
35273 -37.939331 -61.294701 27.400131 1.000000
35274 -38.254978 -60.138000 27.236048 1.000000
35275 -41.765739 -62.313293 32.395645 1.000000
35276 -41.164242 -61.740467 31.448431 1.000000
35277 -40.654667 -61.334278 30.478399 1.000000
35278 -42.753651 -60.469200 30.098103 1.000000
35279 -41.361713 -60.529015 29.942432 1.000000
35280 -40.145687 -60.837158 29.529095 1.000000
35281 -39.626251 -60.249470 28.680502 1.000000
35282 -39.083221 -59.688240 27.742550 1.000000
35283 -38.691700 -59.070080 26.695028 1.000000
35284 -39.348511 -58.116791 26.120556 1.000000
35285 -40.065502 -57.365685 25.447620 1.000000
35286 -40.905712 -56.537804 24.923420 1.000000
35287 -42.648006 -57.243256 26.158939 1.000000
35288 -42.186382 -56.502735 25.313095 1.000000
35289 -41.796734 -55.841991 24.473593 1.000000
35290 -42.611080 -55.357765 23.848988 1.000000
35291 -43.436424 -55.063305 23.230831 1.000000
35292 -44.416176 -54.711681 22.548512 1.000000
35293 -50.792805 -61.009392 34.738121 1.000000
35294 -51.082745 -61.045086 33.800911 1.000000
35295 -51.108284 -60.981152 32.757038 1.000000
35296 -51.303833 -59.035065 32.499069 1.000000
35297 -51.546791 -60.076763 32.022972 1.000000
35298 -50.909412 -60.868202 31.658316 1.000000
35299 -50.592545 -60.648399 30.486654 1.000000
35300 -50.156242 -60.136700 29.508554 1.000000
35301 -49.601524 -59.563732 28.633688 1.000000
35302 -49.297047 -55.365204 30.093924 1.000000
35303 -50.262474 -56.522614 29.702972 1.000000
35304 -51.492462 -57.642200 29.324322 1.000000
35305 -51.259712 -56.460991 28.080175 1.000000
35306 -51.712303 -57.576927 28.347235 1.000000
35307 -51.916950 -58.539307 28.679163 1.000000
35308 -51.476318 -59.177948 28.036865 1.000000
35309 -50.406219 -59.233971 27.836422 1.000000
35310 -48.888020 -58.920464 27.787109 1.000000
35311 -48.076344 -58.301369 26.958481 1.000000
35312 -47.259583 -57.548889 26.184454 1.000000
35313 -46.549721 -56.775780 25.353775 1.000000
35314 -48.783218 -56.678734 25.028749 1.000000
35315 -47.433521 -56.312328 24.690876 1.000000
35316 -46.129356 -56.077831 24.463985 1.000000
35317 -45.924202 -55.515667 23.600431 1.000000
35318 -45.715519 -54.933540 23.030344 1.000000
35319 -45.406006 -54.268536 22.528217 1.000000
35320 -46.436672 -53.726490 22.357441 1.000000
35321 -47.416626 -53.154297 22.037781 1.000000
35322 -48.383579 -52.774384 21.710897 1.000000
35323 -49.632378 -54.051830 22.383614 1.000000
35324 -49.579784 -53.421211 21.817934 1.000000
35325 -49.603401 -52.798359 21.171947 1.000000
35326 -51.015606 -52.987762 20.549891 1.000000
35327 -52.397224 -53.290245 19.856598 1.000000
35328 -53.603249 -53.589516 19.218250 1.000000
35329 -52.737206 -53.814716 23.674953 1.000000
35330 -53.259899 -53.946301 22.790792 1.000000
35331 -53.917397 -54.369923 22.035517 1.000000
35332 -55.221180 -53.494823 21.832829 1.000000
35333 -54.914558 -54.169441 21.535847 1.000000
35334 -54.351997 -54.563972 21.279720 1.000000
35335 -54.631371 -54.576466 20.341660 1.000000
35336 -54.755211 -54.301281 19.445694 1.000000
35337 -54.797131 -53.672192 18.569256 1.000000
35338 -55.941742 -53.594372 17.957932 1.000000
35339 -57.050251 -53.197136 17.338837 1.000000
35341 -58.327789 -52.830467 18.131649 1.000000
35342 -58.658073 -52.440186 17.308989 1.000000
35412 -43.261650 -65.505394 41.333576 1.000000
35413 -42.315617 -66.043350 41.025726 1.000000
35414 -41.512508 -66.675972 40.464378 1.000000
35415 -41.812012 -65.660973 38.508400 1.000000
35416 -41.334251 -66.507492 39.133930 1.000000
35417 -40.932251 -67.262390 39.863544 1.000000
35418 -40.475555 -67.840988 39.187267 1.000000
35419 -40.060127 -68.537315 38.444572 1.000000
35420 -39.689537 -69.321396 37.546474 1.000000
35421 -39.365498 -69.173637 36.227711 1.000000
35422 -39.210442 -68.988113 34.800629 1.000000
35423 -39.257271 -68.788101 33.426567 1.000000
35424 -39.336174 -67.284492 33.794216 1.000000
35425 -39.204067 -68.039246 32.996342 1.000000
35426 -39.578957 -68.667740 32.213890 1.000000
35427 -39.987968 -68.435204 30.902782 1.000000
35428 -40.339466 -67.922806 29.586887 1.000000
38306 -53.854420 -48.455727 36.417000 1.000000
38307 -54.313763 -48.742874 35.442505 1.000000
38309 -55.083508 -48.564583 35.759186 1.000000
38310 -54.691608 -49.016479 34.482506 1.000000
38311 -55.136848 -49.407429 33.507404 1.000000
38312 -55.646332 -49.877659 32.628773 1.000000
38313 -56.281624 -50.408012 31.889225 1.000000
38334 -57.290791 -47.605713 34.877186 1.000000
38336 -57.761909 -47.890972 33.874874 1.000000
38337 -57.248371 -48.530613 33.930553 1.000000
38338 -57.220020 -49.416119 32.970169 1.000000
38339 -57.095013 -50.236488 32.066109 1.000000
38340 -56.800793 -50.869495 31.119934 1.000000
38341 -57.282349 -51.073872 30.299793 1.000000
38342 -57.712379 -51.288353 29.402353 1.000000
38343 -58.100910 -51.518135 28.272070 1.000000
38344 -59.256397 -50.380341 29.506836 1.000000
38345 -59.057243 -51.100079 28.440964 1.000000
38346 -58.554821 -51.565575 27.223648 1.000000
38347 -58.874229 -51.532288 26.134052 1.000000
38348 -59.174477 -51.515614 24.984404 1.000000
38349 -59.530151 -51.605988 23.826920 1.000000
38351 -59.058105 -48.272224 28.300287 1.000000
38352 -59.768974 -49.062595 27.495722 1.000000
38353 -58.860779 -48.896114 26.325069 1.000000
38354 -59.717400 -49.316315 26.367437 1.000000
38355 -60.114319 -49.955658 26.441732 1.000000
38356 -60.225811 -50.690006 25.208759 1.000000
38357 -60.175941 -51.208153 23.977741 1.000000
38358 -59.884960 -51.591503 22.714239 1.000000
38359 -60.188713 -51.463173 21.591694 1.000000
38360 -60.536854 -51.193581 20.575624 1.000000
38613 -40.929146 -66.295731 26.229172 1.000000
38614 -41.114979 -65.707016 25.099688 1.000000
38615 -41.233322 -65.291893 23.878611 1.000000
38616 -39.316631 -63.877449 24.617453 1.000000
38617 -40.311375 -64.316696 23.632460 1.000000
38618 -41.126617 -65.027176 22.584087 1.000000
38619 -40.933674 -64.985168 21.356209 1.000000
38620 -40.799026 -64.892387 20.125187 1.000000
38621 -40.728733 -64.712784 18.776205 1.000000
38622 -37.473698 -60.033638 23.535305 1.000000
38623 -37.766270 -60.884605 22.401453 1.000000
38624 -38.295383 -61.471729 21.295155 1.000000
38626 -38.511284 -61.198341 19.849377 1.000000
38627 -38.968964 -62.101891 20.160475 1.000000
38628 -39.581169 -62.905640 19.286549 1.000000
38629 -40.136227 -63.727020 18.418903 1.000000
38630 -40.920403 -64.468613 17.463306 1.000000
38640 -42.226799 -53.104534 20.402740 1.000000
38641 -40.855114 -53.164021 19.364559 1.000000
38642 -39.751141 -53.344807 18.373316 1.000000
38963 -37.398571 -83.784767 24.558756 1.000000
