#!ascii label, projected from MNI152NLin2009cAsym to fsaverage6
841
10 -53.472206 -22.486868 -4.517102 1.000000
31 -59.627197 -55.768330 -1.635939 1.000000
133 -48.557861 -48.148140 4.303336 1.000000
289 -54.178661 -45.423717 10.839548 1.000000
290 -52.287006 -40.303387 4.676627 1.000000
437 -63.187721 -44.865459 -2.637813 1.000000
438 -59.000134 -46.140915 -8.691777 1.000000
554 -53.320324 -61.120552 5.684470 1.000000
557 -57.188610 -53.303894 2.279265 1.000000
558 -53.162224 -44.824249 -1.267147 1.000000
559 -49.331604 -36.098293 -0.401004 1.000000
683 -48.468433 -26.232569 -5.548239 1.000000
685 -49.402081 -21.494043 -8.190364 1.000000
768 -53.888550 -49.625660 14.269701 1.000000
769 -59.364635 -47.252289 12.784747 1.000000
770 -59.001476 -43.186241 9.617198 1.000000
818 -55.940437 -60.362274 -1.863008 1.000000
820 -55.142097 -56.161243 -4.363366 1.000000
968 -58.556030 -42.188240 -5.164628 1.000000
969 -62.389610 -41.106834 -6.997934 1.000000
1228 -53.468269 -56.305916 5.871519 1.000000
1229 -52.780823 -50.840202 2.827712 1.000000
1230 -56.311218 -48.401035 0.764511 1.000000
1231 -51.606209 -46.667873 1.635310 1.000000
1232 -57.466808 -37.264912 4.505661 1.000000
1233 -51.107922 -38.131409 2.211346 1.000000
1234 -55.768456 -34.736256 1.487769 1.000000
1235 -53.432335 -32.534496 -0.915563 1.000000
1236 -61.671745 -31.483051 1.353970 1.000000
1672 -48.935616 -47.475212 12.218507 1.000000
1673 -49.297581 -45.348003 7.887949 1.000000
1674 -49.212563 -43.746307 4.471165 1.000000
1675 -53.663605 -43.286324 7.233266 1.000000
1676 -58.535511 -40.990532 6.644994 1.000000
1677 -63.439430 -37.614025 6.575290 1.000000
1979 -62.877636 -50.154678 -1.940684 1.000000
1980 -58.902710 -49.914379 -4.843450 1.000000
1981 -62.479565 -44.797836 -5.768656 1.000000
1982 -61.973297 -42.092121 -9.932928 1.000000
2299 -51.578846 -59.672791 1.626944 1.000000
2300 -57.491539 -59.653465 2.598898 1.000000
2307 -54.443726 -61.761852 9.395625 1.000000
2308 -58.016052 -59.597145 6.211527 1.000000
2309 -61.230217 -55.049255 1.870548 1.000000
2310 -61.186199 -49.219856 0.301035 1.000000
2311 -58.484089 -45.719444 -1.972578 1.000000
2312 -53.501839 -41.907188 -3.783377 1.000000
2313 -49.191521 -42.395378 1.512166 1.000000
2314 -49.160969 -40.736591 -1.263459 1.000000
2315 -48.582508 -38.686699 -4.468650 1.000000
2316 -46.943363 -34.049286 -3.398931 1.000000
2317 -50.376289 -29.617945 -2.969062 1.000000
2603 -50.767570 -24.322859 -5.041007 1.000000
2604 -48.864658 -23.911148 -6.861172 1.000000
2605 -51.047096 -21.934996 -6.076162 1.000000
2688 -59.055431 -50.027203 14.306300 1.000000
2689 -60.912579 -48.038891 13.927866 1.000000
2690 -61.208832 -46.019123 12.640470 1.000000
2738 -57.503395 -58.230644 -1.586420 1.000000
2739 -55.788788 -58.408028 -3.245468 1.000000
2740 -57.289635 -55.797180 -2.955760 1.000000
2888 -56.113232 -40.973000 -6.322380 1.000000
2889 -58.159199 -40.643124 -7.370780 1.000000
3145 -47.033913 -48.550201 6.014369 1.000000
3147 -48.369633 -50.548100 4.767671 1.000000
3148 -50.606674 -52.171227 4.138770 1.000000
3149 -50.376095 -49.587036 3.456746 1.000000
3150 -52.321808 -48.700378 2.392862 1.000000
3151 -50.210297 -47.569256 3.122938 1.000000
3152 -60.121437 -35.563713 4.516024 1.000000
3153 -56.643810 -35.721073 2.953114 1.000000
3154 -59.451996 -34.117714 2.887773 1.000000
3155 -58.677197 -32.993042 1.357150 1.000000
3156 -62.063274 -32.728935 2.972967 1.000000
3745 -54.277821 -47.424904 12.684076 1.000000
3747 -51.544647 -46.598076 11.455301 1.000000
3748 -49.262482 -46.311901 9.979694 1.000000
3749 -51.670418 -45.394020 9.609790 1.000000
3750 -51.359173 -44.278637 7.860309 1.000000
3751 -53.952831 -44.414410 9.192521 1.000000
3752 -61.363129 -41.993237 9.243349 1.000000
3753 -58.791676 -42.077187 7.997202 1.000000
3754 -61.337166 -40.490669 7.638054 1.000000
3755 -60.951488 -39.327618 6.499789 1.000000
3756 -63.586555 -38.883747 7.737147 1.000000
4343 -63.554024 -47.310390 -2.282572 1.000000
4344 -62.869354 -47.280960 -3.851876 1.000000
4345 -63.648773 -44.629173 -4.048315 1.000000
4347 -63.089882 -41.340546 -8.578725 1.000000
5102 -50.427719 -60.770458 5.277816 1.000000
5104 -52.292072 -59.777729 3.571376 1.000000
5105 -54.566967 -59.586693 1.905306 1.000000
5106 -55.318859 -60.254784 4.011865 1.000000
5125 -55.269722 -55.162830 3.881560 1.000000
5126 -55.813995 -57.985638 6.073647 1.000000
5127 -57.481487 -56.437538 4.030549 1.000000
5128 -59.411171 -57.610729 4.404897 1.000000
5129 -59.540314 -54.196045 2.271687 1.000000
5130 -61.529613 -52.057545 1.212895 1.000000
5131 -59.363167 -51.254845 1.295803 1.000000
5132 -54.896515 -46.586185 -0.169351 1.000000
5133 -57.585400 -47.146168 -0.395346 1.000000
5134 -55.821930 -45.451199 -1.693129 1.000000
5135 -56.217285 -43.665291 -2.948483 1.000000
5136 -53.591499 -43.457939 -2.441862 1.000000
5137 -50.465981 -41.837875 4.559385 1.000000
5138 -49.199356 -42.928749 2.773067 1.000000
5139 -49.848778 -40.798576 3.380661 1.000000
5140 -50.216534 -37.158535 0.947662 1.000000
5141 -49.096149 -39.288952 0.786683 1.000000
5142 -48.584206 -38.296314 -0.719080 1.000000
5143 -48.933735 -39.677467 -2.776448 1.000000
5144 -47.845638 -37.495071 -2.325072 1.000000
5145 -47.137012 -36.489185 -4.008380 1.000000
5146 -48.068787 -35.285851 -1.792388 1.000000
5147 -56.079010 -30.786798 -1.210049 1.000000
5148 -51.774696 -31.184656 -1.980375 1.000000
5149 -54.698071 -29.218695 -1.922955 1.000000
5150 -53.140526 -27.784954 -2.861686 1.000000
5581 -58.522339 -47.427467 -6.642941 1.000000
5582 -55.746681 -50.090317 -6.059489 1.000000
5583 -56.423058 -48.340851 -8.181702 1.000000
5991 -56.392445 -51.024158 15.047415 1.000000
5992 -56.791908 -48.852066 13.629622 1.000000
5993 -56.933594 -46.204910 12.066751 1.000000
5994 -56.730934 -44.276512 10.284184 1.000000
5995 -59.324371 -44.916424 11.485109 1.000000
5996 -61.473633 -43.959469 11.102332 1.000000
5997 -63.267151 -42.610672 11.041921 1.000000
6080 -53.786407 -61.764271 -1.619375 1.000000
6082 -54.832775 -61.198689 -3.380608 1.000000
6350 -61.233013 -43.236671 -3.644580 1.000000
6351 -62.868267 -42.760918 -4.536888 1.000000
6352 -60.525280 -41.738071 -5.935386 1.000000
6353 -60.284657 -40.116669 -8.359976 1.000000
6807 -51.275707 -62.451576 6.880563 1.000000
6818 -51.764271 -57.277782 7.179787 1.000000
6819 -50.962067 -54.767883 5.765264 1.000000
6820 -53.135414 -53.733776 3.941879 1.000000
6821 -55.082542 -51.989727 2.497482 1.000000
6822 -56.918938 -50.508873 1.367620 1.000000
6823 -54.637390 -49.538330 1.937493 1.000000
6824 -53.866375 -47.657814 1.225148 1.000000
6825 -52.439472 -45.768257 0.190147 1.000000
6826 -54.745678 -38.871819 4.555582 1.000000
6827 -51.689247 -39.120205 3.460157 1.000000
6828 -54.097862 -37.491795 3.206336 1.000000
6829 -53.239635 -36.441612 1.736068 1.000000
6830 -52.331432 -35.277718 0.725042 1.000000
6831 -51.106812 -34.227699 -0.449471 1.000000
6832 -54.830513 -33.436852 0.392931 1.000000
6833 -57.645027 -31.782383 0.171473 1.000000
7093 -57.879662 -44.119560 -9.704674 1.000000
7094 -56.212090 -47.127850 -9.959360 1.000000
7095 -55.165680 -45.308434 -11.786853 1.000000
7744 -47.374454 -46.813942 7.886466 1.000000
7745 -47.926491 -46.402416 5.912608 1.000000
7746 -48.691120 -46.000145 4.370492 1.000000
7747 -49.175262 -44.618458 6.205850 1.000000
7748 -50.960205 -43.192398 6.041886 1.000000
7749 -53.149017 -41.801609 5.728544 1.000000
7750 -56.330158 -43.189262 8.449270 1.000000
7751 -56.011986 -42.341152 6.874295 1.000000
7752 -55.364483 -40.589119 5.556836 1.000000
7753 -58.094074 -39.166698 5.585524 1.000000
7754 -60.749031 -37.744957 5.518647 1.000000
8525 -61.532692 -53.162159 -1.858728 1.000000
8526 -59.649677 -52.714642 -3.338190 1.000000
8527 -61.374855 -50.201767 -3.605698 1.000000
8528 -60.815868 -47.268761 -5.150555 1.000000
8529 -60.652912 -45.388649 -7.450830 1.000000
8530 -63.417553 -42.840775 -6.083785 1.000000
8531 -62.195984 -43.398487 -7.933818 1.000000
8532 -60.399780 -43.969048 -8.851343 1.000000
8533 -59.853851 -42.144218 -10.766541 1.000000
9429 -54.586967 -24.236355 -3.695446 1.000000
9455 -51.284676 -60.325905 -0.309813 1.000000
9456 -54.161491 -60.163216 -0.021606 1.000000
9457 -56.745766 -59.972633 0.327389 1.000000
9458 -58.933739 -58.623482 0.368729 1.000000
9479 -54.498070 -62.684010 7.710376 1.000000
9480 -54.261406 -59.146660 7.551010 1.000000
9481 -56.256306 -60.820698 7.515984 1.000000
9482 -56.569679 -61.378471 5.963349 1.000000
9483 -58.538353 -60.200634 4.753932 1.000000
9484 -59.948509 -58.332848 2.901403 1.000000
9485 -61.223072 -55.668232 0.120082 1.000000
9486 -62.347858 -52.770191 -0.090544 1.000000
9487 -62.904400 -49.711422 -0.513591 1.000000
9488 -62.590538 -47.239906 -1.105315 1.000000
9489 -58.732960 -48.819664 0.531277 1.000000
9490 -60.211998 -47.405983 -0.652261 1.000000
9491 -61.108803 -45.426247 -2.155115 1.000000
9492 -58.787159 -43.592571 -3.320387 1.000000
9493 -56.064983 -42.071568 -4.716031 1.000000
9494 -53.495277 -40.810085 -5.587275 1.000000
9495 -49.534859 -45.294964 2.605990 1.000000
9496 -50.173088 -44.503727 1.032813 1.000000
9497 -50.604179 -43.865078 -0.251135 1.000000
9498 -49.491074 -40.017403 2.143440 1.000000
9499 -49.231068 -41.673943 0.211657 1.000000
9500 -51.001640 -42.863041 -1.506294 1.000000
9501 -51.038475 -41.556061 -2.798684 1.000000
9502 -50.811554 -40.444065 -4.385774 1.000000
9503 -50.873363 -39.239075 -6.095210 1.000000
9507 -49.520077 -33.177753 -1.758939 1.000000
9508 -48.156837 -31.700668 -3.009603 1.000000
9509 -47.374420 -30.028692 -4.588380 1.000000
9510 -49.268272 -27.965099 -4.232448 1.000000
9511 -51.807049 -26.030842 -3.927924 1.000000
10027 -56.666046 -52.860558 -4.420452 1.000000
10283 -52.094170 -23.418301 -4.820743 1.000000
10284 -50.911560 -23.121090 -5.554388 1.000000
10285 -52.192558 -22.179108 -5.262888 1.000000
10368 -60.589649 -49.207756 14.812428 1.000000
10369 -61.437050 -48.130882 14.765546 1.000000
10370 -61.750587 -47.111313 14.070704 1.000000
10418 -58.431435 -57.004242 -1.504196 1.000000
10419 -57.294952 -56.951607 -2.221479 1.000000
10420 -58.393105 -55.823528 -2.279480 1.000000
10568 -54.850075 -40.089458 -6.793707 1.000000
10569 -55.857887 -39.995991 -7.235003 1.000000
10825 -47.733589 -48.370937 5.053092 1.000000
10826 -47.530540 -49.573586 5.317824 1.000000
10827 -48.447323 -49.325813 4.535253 1.000000
10828 -49.364052 -50.089546 4.049932 1.000000
10829 -49.361137 -48.923958 3.803508 1.000000
10830 -50.328461 -48.618271 3.310031 1.000000
10831 -49.369713 -47.961704 3.694418 1.000000
10832 -61.409626 -34.714527 4.673853 1.000000
10833 -59.734386 -34.663044 3.745502 1.000000
10834 -61.064903 -33.917961 3.799818 1.000000
10835 -60.777550 -33.396027 2.925107 1.000000
10836 -62.245087 -33.254631 3.841993 1.000000
11425 -54.249279 -46.319054 11.844309 1.000000
11426 -52.843987 -46.836040 12.051211 1.000000
11427 -52.865028 -46.109421 11.173525 1.000000
11428 -51.672905 -46.012039 10.576410 1.000000
11429 -52.897053 -45.477924 10.190660 1.000000
11430 -52.842113 -44.917686 9.442512 1.000000
11431 -54.127735 -44.902588 9.981181 1.000000
11432 -62.604332 -41.344162 9.264643 1.000000
11433 -61.438576 -41.128113 8.461325 1.000000
11434 -62.707787 -40.464394 8.452466 1.000000
11435 -62.572685 -39.698826 7.539255 1.000000
11436 -63.619560 -39.769753 8.481916 1.000000
12023 -63.571922 -46.073872 -2.425660 1.000000
12024 -63.644966 -45.963802 -3.221275 1.000000
12025 -63.633514 -44.667145 -3.290045 1.000000
12782 -51.891418 -60.970467 5.522631 1.000000
12783 -51.362244 -60.176472 4.472855 1.000000
12784 -52.816994 -60.382599 4.683733 1.000000
12785 -53.858814 -59.951439 3.797447 1.000000
12786 -54.293091 -60.613239 4.801649 1.000000
12805 -56.298035 -54.254601 2.930334 1.000000
12806 -56.370899 -55.790184 3.886372 1.000000
12807 -57.380962 -54.875206 2.848036 1.000000
12808 -58.457649 -55.441078 3.042526 1.000000
12809 -58.375103 -53.774010 2.201902 1.000000
12810 -59.514996 -52.685425 1.749226 1.000000
12811 -58.312103 -52.300465 1.798809 1.000000
12812 -54.032326 -45.771282 -0.788001 1.000000
12813 -55.402016 -46.048561 -0.938610 1.000000
12814 -54.522083 -45.199413 -1.561199 1.000000
12815 -54.748474 -44.489338 -2.161062 1.000000
12816 -53.422626 -44.215996 -1.900603 1.000000
12817 -51.295582 -41.053913 4.669179 1.000000
12818 -50.113647 -41.290554 4.002714 1.000000
12819 -50.927574 -40.429314 4.139581 1.000000
12820 -49.774872 -36.596252 0.259201 1.000000
12821 -49.153618 -37.663517 0.278229 1.000000
12822 -48.732246 -37.187824 -0.505732 1.000000
12823 -48.238777 -37.925488 -1.550471 1.000000
12824 -48.271313 -36.733730 -1.245688 1.000000
12825 -47.750351 -36.354286 -1.943391 1.000000
12826 -48.734673 -35.706169 -1.004011 1.000000
12828 -55.403038 -30.018906 -1.624860 1.000000
13261 -58.923607 -46.848270 -7.784454 1.000000
13262 -57.406147 -47.917641 -7.385452 1.000000
13263 -57.892906 -47.364738 -8.504526 1.000000
13570 -47.744549 -26.043133 -6.607886 1.000000
13571 -49.124249 -22.674486 -7.490770 1.000000
13824 -57.465851 -51.614014 15.423113 1.000000
13825 -59.328136 -48.702854 13.589246 1.000000
13826 -58.025127 -49.595135 13.932706 1.000000
13827 -58.183128 -48.179813 13.261862 1.000000
13828 -56.958290 -47.554024 12.960190 1.000000
13829 -58.188702 -46.713951 12.493686 1.000000
13830 -58.175182 -45.544319 11.796455 1.000000
13831 -59.386330 -46.063053 12.134621 1.000000
13832 -62.102886 -45.323357 12.678787 1.000000
13833 -61.369530 -45.019409 11.905992 1.000000
13834 -62.339211 -44.373726 11.817846 1.000000
13835 -62.491089 -43.333363 10.963463 1.000000
13836 -63.053894 -43.542583 11.946302 1.000000
13973 -54.967358 -61.267567 -1.743274 1.000000
13974 -54.407551 -61.892525 -2.545589 1.000000
13975 -55.331635 -60.843658 -2.666137 1.000000
13976 -55.453785 -57.157837 -3.692172 1.000000
13977 -55.119720 -58.813606 -3.945892 1.000000
14423 -59.824139 -42.650574 -4.375030 1.000000
14424 -60.791584 -42.396751 -4.693129 1.000000
14425 -59.515297 -42.002144 -5.566152 1.000000
14426 -58.020855 -39.628536 -8.444430 1.000000
14427 -59.224060 -40.363899 -7.904053 1.000000
15205 -51.640331 -51.587807 3.385890 1.000000
15206 -51.873913 -52.971046 4.000910 1.000000
15207 -52.976879 -52.357719 3.209844 1.000000
15208 -54.150169 -53.001381 2.951741 1.000000
15209 -54.031475 -51.445007 2.565508 1.000000
15210 -54.880348 -50.722652 2.220075 1.000000
15211 -53.828865 -50.218834 2.379480 1.000000
15212 -52.064445 -47.679218 2.024764 1.000000
15213 -53.181091 -48.123852 1.776501 1.000000
15214 -52.799171 -47.159477 1.397846 1.000000
15215 -53.285198 -46.665565 0.758816 1.000000
15216 -52.105358 -46.184471 0.929920 1.000000
15217 -56.109119 -38.129433 4.543882 1.000000
15218 -54.410694 -38.120552 3.903165 1.000000
15219 -55.788158 -37.247456 3.829095 1.000000
15220 -56.180443 -35.246353 2.168392 1.000000
15221 -54.905357 -36.075638 2.242557 1.000000
15222 -54.470470 -35.610790 1.610977 1.000000
15223 -52.743031 -35.909969 1.206858 1.000000
15224 -54.058758 -34.992241 1.096499 1.000000
15225 -53.617157 -34.301121 0.536142 1.000000
15226 -55.330711 -34.089012 0.985165 1.000000
15227 -60.241730 -32.221889 1.366269 1.000000
15228 -58.252666 -32.311825 0.767430 1.000000
15229 -59.803917 -31.565424 0.694379 1.000000
15230 -59.068047 -30.982428 0.045382 1.000000
15661 -57.538319 -43.182365 -10.717489 1.000000
15662 -56.247089 -44.580914 -10.510973 1.000000
15663 -56.173290 -43.597107 -11.711134 1.000000
16998 -50.145550 -47.592560 12.830505 1.000000
17004 -47.757668 -47.220352 11.324110 1.000000
17005 -49.358391 -45.819824 8.894279 1.000000
17006 -48.195278 -46.355076 8.931457 1.000000
17007 -48.369030 -46.050140 7.895854 1.000000
17008 -47.644341 -46.648140 6.884195 1.000000
17009 -48.362030 -45.723469 6.943413 1.000000
17010 -48.455498 -45.469444 6.095693 1.000000
17011 -49.198467 -44.949409 7.051064 1.000000
17012 -52.485298 -43.778706 7.561975 1.000000
17013 -51.190437 -43.774616 6.913813 1.000000
17014 -52.295357 -43.203983 6.608076 1.000000
17015 -52.035206 -42.460964 5.813701 1.000000
17016 -53.417988 -42.645679 6.402096 1.000000
17017 -57.895546 -43.715385 9.947593 1.000000
17018 -56.520500 -43.582626 9.291826 1.000000
17019 -57.670349 -43.048992 8.980614 1.000000
17020 -58.738472 -41.631989 7.390503 1.000000
17021 -57.416393 -42.322365 7.442964 1.000000
17022 -57.255993 -41.736607 6.756178 1.000000
17023 -55.750439 -41.524551 6.110652 1.000000
17024 -57.028484 -40.837017 6.031036 1.000000
17025 -56.691673 -39.892323 5.503936 1.000000
17026 -58.319252 -40.112507 5.995324 1.000000
17027 -62.252388 -38.554943 6.496213 1.000000
17028 -60.911213 -38.567482 5.980272 1.000000
17029 -62.116283 -37.800365 5.976621 1.000000
17030 -61.936077 -36.847202 5.515792 1.000000
18788 -62.299915 -51.779991 -1.878486 1.000000
18789 -61.517567 -51.626991 -2.721014 1.000000
18790 -62.270824 -50.153687 -2.807096 1.000000
18791 -62.671253 -45.929573 -4.824946 1.000000
18792 -62.042236 -47.191612 -4.462934 1.000000
18793 -61.670128 -45.917152 -5.480979 1.000000
18794 -60.490826 -45.967979 -6.225253 1.000000
18795 -61.421478 -44.974590 -6.637029 1.000000
18796 -62.551311 -41.950657 -5.660819 1.000000
18797 -63.385628 -42.717125 -5.197693 1.000000
18798 -63.109650 -41.897301 -6.425156 1.000000
18799 -62.690937 -41.737377 -9.350436 1.000000
18800 -62.816051 -42.303238 -8.220819 1.000000
18801 -62.122612 -42.749294 -8.863508 1.000000
18802 -61.430939 -43.764568 -8.511174 1.000000
18803 -61.171478 -43.045052 -9.329957 1.000000
18804 -60.039284 -43.047920 -9.669301 1.000000
18805 -60.952980 -42.186474 -10.342277 1.000000
21070 -50.298759 -59.676704 2.416946 1.000000
21072 -49.966129 -59.860760 1.488299 1.000000
21074 -51.464039 -59.852245 0.613191 1.000000
21075 -52.804230 -60.246178 -0.219070 1.000000
21076 -52.895374 -59.764080 0.746160 1.000000
21077 -56.041527 -59.656738 2.233731 1.000000
21078 -55.721027 -59.885548 1.143448 1.000000
21079 -57.134315 -59.740215 1.384381 1.000000
21080 -57.963593 -59.475792 0.407696 1.000000
21081 -58.419060 -59.421673 1.591142 1.000000
21132 -53.644093 -63.231148 9.650439 1.000000
21133 -53.400879 -63.490650 8.587506 1.000000
21134 -54.670368 -62.652660 8.779073 1.000000
21135 -52.627960 -56.793476 6.470150 1.000000
21136 -53.017632 -58.135429 7.385820 1.000000
21137 -53.884876 -57.582050 6.583117 1.000000
21138 -56.991016 -58.875816 6.276631 1.000000
21139 -56.154461 -59.445545 6.930028 1.000000
21140 -57.121132 -60.255177 6.786699 1.000000
21141 -56.650024 -61.397808 6.794973 1.000000
21142 -57.636738 -60.726234 6.216937 1.000000
21143 -57.634106 -60.860725 5.390450 1.000000
21144 -58.558838 -60.030952 5.650584 1.000000
21145 -60.304523 -56.439796 3.134047 1.000000
21146 -59.906044 -58.069702 3.855736 1.000000
21147 -60.703053 -56.817944 2.435921 1.000000
21148 -60.628670 -57.104492 1.431580 1.000000
21149 -61.417000 -55.415169 1.107589 1.000000
21150 -61.872581 -54.235584 0.035056 1.000000
21151 -61.897308 -53.944580 0.956950 1.000000
21152 -61.406445 -50.603523 0.713177 1.000000
21153 -62.229820 -50.877022 0.377616 1.000000
21154 -62.179161 -49.548073 0.050771 1.000000
21155 -62.943237 -48.385220 -0.715121 1.000000
21156 -61.962280 -48.206066 -0.307811 1.000000
21157 -56.696373 -49.427555 1.044897 1.000000
21158 -57.908714 -49.630238 0.906397 1.000000
21159 -57.591034 -48.694210 0.642671 1.000000
21160 -58.105186 -46.500042 -1.182496 1.000000
21161 -58.950512 -47.354710 -0.486469 1.000000
21162 -59.412445 -46.548862 -1.276896 1.000000
21163 -60.739662 -46.564026 -1.347334 1.000000
21164 -59.767689 -45.581429 -2.134197 1.000000
21165 -59.998730 -44.507236 -2.768882 1.000000
21166 -58.659660 -44.574654 -2.697440 1.000000
21167 -54.880299 -42.711029 -3.303193 1.000000
21168 -56.175343 -42.738251 -3.684622 1.000000
21169 -54.833874 -41.982059 -4.267810 1.000000
21170 -54.768566 -41.457653 -5.200832 1.000000
21171 -53.479950 -41.393341 -4.703064 1.000000
21172 -48.826031 -44.869347 4.385679 1.000000
21173 -49.134708 -45.691948 3.499338 1.000000
21174 -49.101246 -44.505890 3.498495 1.000000
21175 -49.170822 -42.591248 2.096874 1.000000
21176 -49.465157 -43.755192 1.804440 1.000000
21177 -49.604450 -43.474888 1.153866 1.000000
21178 -50.411861 -44.192207 0.368443 1.000000
21179 -49.711876 -43.164158 0.560353 1.000000
21180 -51.337219 -38.609474 2.790112 1.000000
21181 -50.360836 -39.461342 2.867986 1.000000
21182 -50.237434 -39.045380 2.231286 1.000000
21183 -48.856827 -40.037518 -0.233864 1.000000
21184 -49.001518 -40.460487 0.550308 1.000000
21185 -49.214298 -41.289608 -0.511398 1.000000
21186 -49.941769 -42.392803 -0.764803 1.000000
21187 -50.023193 -41.812737 -1.484717 1.000000
21188 -51.056664 -42.180733 -2.128698 1.000000
21189 -49.974117 -41.241657 -2.183299 1.000000
21190 -48.742249 -39.197235 -3.584574 1.000000
21191 -49.743965 -40.144615 -3.637449 1.000000
21192 -49.703297 -39.657055 -4.476789 1.000000
21193 -50.883091 -39.925728 -5.286576 1.000000
21194 -49.600197 -39.006233 -5.361764 1.000000
21196 -48.511147 -38.056458 -5.340752 1.000000
21197 -46.885197 -35.229988 -3.691890 1.000000
21198 -46.962944 -35.749271 -4.907446 1.000000
21199 -46.689491 -34.512928 -4.586866 1.000000
21201 -46.688808 -33.328194 -4.282542 1.000000
21202 -52.188526 -33.395119 -0.650155 1.000000
21203 -50.377495 -33.801739 -1.086989 1.000000
21204 -51.362640 -32.929787 -1.323867 1.000000
21205 -51.051384 -30.415974 -2.427485 1.000000
21206 -49.843910 -31.428867 -2.344384 1.000000
21207 -49.120140 -30.630924 -2.979316 1.000000
21208 -47.691418 -30.894236 -3.762272 1.000000
21209 -48.640923 -29.787695 -3.648771 1.000000
21210 -48.246334 -28.995365 -4.385631 1.000000
21211 -49.784710 -28.796223 -3.587814 1.000000
21212 -54.570324 -26.812429 -2.914885 1.000000
21213 -52.463524 -26.968647 -3.425536 1.000000
21214 -53.786407 -25.994736 -3.432039 1.000000
21215 -53.155495 -25.109917 -3.812344 1.000000
22501 -59.342213 -51.419239 -4.191885 1.000000
22502 -58.191059 -52.784538 -3.955257 1.000000
22503 -57.752075 -51.374340 -4.644927 1.000000
22509 -55.530739 -48.097599 -10.879542 1.000000
22510 -56.017189 -48.726437 -10.144934 1.000000
22511 -56.079762 -49.796978 -11.176245 1.000000
23117 -49.591320 -25.222469 -5.241513 1.000000
23118 -48.638443 -25.030531 -6.192676 1.000000
23119 -49.677155 -24.028942 -5.899893 1.000000
23120 -49.906246 -22.908817 -6.432265 1.000000
23121 -50.146145 -21.743387 -7.038709 1.000000
23270 -58.585072 -51.069611 15.110295 1.000000
23271 -59.705341 -50.248222 14.898954 1.000000
23272 -60.167625 -49.058323 14.092224 1.000000
23273 -60.315163 -47.727013 13.324094 1.000000
23274 -60.341148 -46.619823 12.637372 1.000000
23275 -61.054893 -46.998112 13.349292 1.000000
23360 -56.737202 -59.385143 -1.785644 1.000000
23361 -55.970173 -59.614368 -2.711257 1.000000
23362 -56.595387 -58.279144 -2.393978 1.000000
23363 -56.281719 -57.056824 -2.927241 1.000000
23364 -56.145641 -55.850231 -3.701513 1.000000
23630 -57.322960 -41.686409 -5.828702 1.000000
23631 -58.339783 -41.499416 -6.309323 1.000000
23632 -57.111610 -40.815254 -6.828116 1.000000
23633 -56.971626 -39.828209 -7.835695 1.000000
24093 -46.351112 -48.579292 7.067216 1.000000
24095 -46.702145 -49.743141 6.225205 1.000000
24096 -47.472267 -50.838390 5.656217 1.000000
24097 -48.483234 -51.810322 5.185401 1.000000
24098 -49.577942 -52.670490 4.963612 1.000000
24099 -49.441944 -51.365913 4.431553 1.000000
24100 -50.447823 -50.829994 3.717622 1.000000
24101 -51.485229 -50.192009 3.149498 1.000000
24102 -52.563129 -49.699913 2.657493 1.000000
24103 -51.357262 -49.264259 2.948133 1.000000
24104 -51.234272 -48.211304 2.770797 1.000000
24105 -50.961693 -47.175732 2.358275 1.000000
24106 -58.808125 -36.443275 4.421098 1.000000
24107 -57.093689 -36.393837 3.769436 1.000000
24108 -58.450550 -35.498890 3.711581 1.000000
24109 -57.996746 -34.897198 2.910684 1.000000
24110 -57.605835 -34.429092 2.116388 1.000000
24111 -57.271984 -33.851021 1.432019 1.000000
24112 -59.084038 -33.610573 2.096542 1.000000
24113 -60.541222 -32.821976 2.101857 1.000000
24114 -61.850609 -32.110535 2.174326 1.000000
25173 -54.143543 -48.589104 13.444934 1.000000
25175 -52.838329 -47.857414 12.987074 1.000000
25176 -51.537529 -47.228539 12.425300 1.000000
25177 -50.291725 -47.058998 11.817119 1.000000
25178 -49.102390 -46.883270 11.127695 1.000000
25179 -50.378151 -46.500404 10.855725 1.000000
25180 -50.476906 -45.934464 9.861513 1.000000
25181 -50.460373 -45.280281 8.809147 1.000000
25182 -50.267883 -44.741333 7.914015 1.000000
25183 -51.529381 -44.787750 8.760135 1.000000
25184 -52.680122 -44.311131 8.542833 1.000000
25185 -53.792870 -43.778553 8.196684 1.000000
25186 -60.179909 -42.648335 9.416708 1.000000
25187 -58.858238 -42.548534 8.681467 1.000000
25188 -60.100014 -41.852135 8.520525 1.000000
25189 -60.112450 -41.298702 7.884557 1.000000
25190 -59.980133 -40.873695 7.262595 1.000000
25191 -59.792915 -40.192135 6.582894 1.000000
25192 -61.141991 -39.973251 7.057329 1.000000
25193 -62.313774 -39.106220 6.937624 1.000000
25194 -63.559113 -38.244194 7.062256 1.000000
26249 -63.337524 -48.595940 -2.048311 1.000000
26250 -62.927532 -48.571815 -2.925388 1.000000
26251 -63.424347 -47.202110 -3.116624 1.000000
26252 -63.347237 -45.958801 -3.975205 1.000000
26253 -63.285267 -44.723785 -4.908607 1.000000
26254 -62.307972 -40.473091 -8.196357 1.000000
26255 -63.025703 -41.085014 -7.737411 1.000000
26256 -62.846626 -40.484711 -8.830452 1.000000
27618 -49.829758 -60.119526 4.235409 1.000000
27619 -50.760078 -59.743153 3.356124 1.000000
27620 -51.823803 -59.583729 2.599538 1.000000
27621 -53.091320 -59.582386 1.694979 1.000000
27622 -53.486248 -59.543346 2.696612 1.000000
27623 -54.917351 -59.699505 2.998091 1.000000
27624 -56.424965 -59.902447 3.315604 1.000000
27656 -53.627960 -60.730568 9.557863 1.000000
27657 -54.365978 -55.780743 5.033555 1.000000
27658 -54.670216 -57.067558 5.912023 1.000000
27659 -55.444702 -56.529533 5.057861 1.000000
27660 -56.632061 -57.380138 5.172090 1.000000
27661 -57.729084 -58.130608 5.335869 1.000000
27662 -58.704327 -58.749268 5.362921 1.000000
27663 -58.523945 -57.101143 4.311316 1.000000
27664 -59.551247 -55.926567 3.244256 1.000000
27665 -60.603680 -54.633289 2.203322 1.000000
27666 -61.496819 -53.553612 1.484674 1.000000
27667 -60.711693 -53.149406 1.770459 1.000000
27668 -60.557983 -51.698700 1.338138 1.000000
27669 -60.282574 -50.303753 0.779064 1.000000
27670 -55.720264 -47.459553 0.368604 1.000000
27671 -57.041576 -47.724754 0.299594 1.000000
27672 -56.247978 -46.845989 -0.287378 1.000000
27673 -56.744946 -46.294464 -1.079795 1.000000
27674 -57.174347 -45.611202 -1.826270 1.000000
27675 -57.431702 -44.649376 -2.562194 1.000000
27676 -56.033611 -44.633812 -2.355766 1.000000
27677 -54.916271 -43.610359 -2.708808 1.000000
27678 -53.625549 -42.679325 -2.975703 1.000000
27679 -49.820122 -42.693474 4.495780 1.000000
27680 -49.231468 -43.330231 3.554813 1.000000
27681 -49.569008 -42.244347 3.772724 1.000000
27682 -49.372200 -41.853935 3.111359 1.000000
27683 -49.228989 -41.498070 2.506218 1.000000
27684 -50.681923 -37.693459 1.576275 1.000000
27685 -49.952934 -38.562775 1.650757 1.000000
27686 -49.533142 -38.152435 0.971079 1.000000
27687 -48.856327 -38.805828 0.071003 1.000000
27688 -48.755981 -39.513172 -0.991403 1.000000
27689 -49.091911 -40.193237 -2.041199 1.000000
27690 -48.572166 -39.085308 -1.743535 1.000000
27691 -48.265430 -38.613068 -2.599602 1.000000
27692 -47.966156 -38.155720 -3.458362 1.000000
27693 -47.753277 -37.683586 -4.301316 1.000000
27694 -47.434044 -37.062340 -3.121112 1.000000
27695 -47.162502 -35.908283 -2.830210 1.000000
27696 -47.371601 -34.665855 -2.606297 1.000000
27697 -54.688091 -31.706821 -1.095446 1.000000
27698 -52.644676 -31.954325 -1.548170 1.000000
27699 -53.931080 -30.983093 -1.595827 1.000000
27700 -53.180847 -30.143744 -1.983236 1.000000
27701 -52.437157 -29.418331 -2.414139 1.000000
27702 -51.760853 -28.643671 -2.937303 1.000000
27703 -53.879234 -28.518780 -2.374272 1.000000
28477 -58.596478 -48.519459 -5.557174 1.000000
28478 -57.252007 -49.903709 -5.328212 1.000000
28479 -57.078114 -48.681278 -6.244555 1.000000
28480 -55.873016 -49.044685 -7.143755 1.000000
28481 -55.018208 -49.666645 -8.228529 1.000000
29339 -55.126625 -50.372929 14.668513 1.000000
29340 -57.689556 -50.686954 14.626094 1.000000
29341 -56.502460 -50.071388 14.259178 1.000000
29342 -55.295490 -49.331947 13.901248 1.000000
29343 -55.588196 -48.086960 13.224109 1.000000
29344 -55.649860 -46.848412 12.447294 1.000000
29345 -55.554321 -45.670383 11.544209 1.000000
29346 -55.473564 -44.890846 10.567573 1.000000
29347 -56.850891 -45.107140 11.274778 1.000000
29348 -58.053631 -44.535931 10.927582 1.000000
29349 -59.184898 -44.046196 10.674560 1.000000
29350 -60.359322 -45.529652 11.996411 1.000000
29351 -60.371449 -44.491692 11.354106 1.000000
29352 -60.387249 -43.522129 10.458559 1.000000
29353 -61.462334 -42.885529 10.198944 1.000000
29354 -62.564705 -42.298492 10.076309 1.000000
29355 -63.437569 -41.509514 10.168646 1.000000
29546 -52.467793 -61.979927 -1.707352 1.000000
29548 -53.299599 -62.523994 -2.367804 1.000000
29549 -53.962574 -62.297752 -3.219038 1.000000
29550 -54.464752 -61.536713 -3.994147 1.000000
29551 -55.397289 -59.905071 -3.426144 1.000000
29552 -54.867851 -60.282539 -3.984851 1.000000
30176 -62.355293 -43.936676 -3.029982 1.000000
30177 -63.084949 -43.715279 -3.525565 1.000000
30178 -62.046406 -42.977848 -4.010409 1.000000
30179 -61.625427 -42.134010 -5.145452 1.000000
30180 -61.536915 -41.370113 -6.447248 1.000000
30181 -59.309471 -41.250729 -6.755486 1.000000
30182 -60.431965 -40.952488 -7.240836 1.000000
30183 -61.398388 -40.614388 -7.671549 1.000000
31244 -50.926613 -61.530926 6.121758 1.000000
31245 -52.329304 -61.712471 6.349881 1.000000
31270 -51.373798 -56.072430 6.397830 1.000000
31271 -52.242889 -55.560974 5.829719 1.000000
31272 -50.805145 -53.493214 4.865252 1.000000
31273 -51.994019 -54.213531 4.929009 1.000000
31274 -53.310677 -55.034748 5.058871 1.000000
31275 -54.312706 -54.545013 3.894825 1.000000
31276 -55.306660 -53.637989 2.966283 1.000000
31277 -56.130707 -52.609070 2.441295 1.000000
31278 -57.115913 -51.812889 1.836072 1.000000
31279 -55.991402 -51.251026 1.999320 1.000000
31280 -55.747993 -50.067638 1.653111 1.000000
31281 -55.481903 -49.004395 1.377595 1.000000
31282 -53.502663 -49.135170 2.108130 1.000000
31283 -54.267517 -48.487526 1.558396 1.000000
31284 -55.030109 -48.006508 0.962907 1.000000
31285 -54.428448 -47.054890 0.536056 1.000000
31286 -53.611168 -46.133118 -0.049855 1.000000
31287 -52.747719 -45.340027 -0.589781 1.000000
31288 -53.401478 -39.626125 4.604966 1.000000
31289 -51.933601 -39.641453 4.090112 1.000000
31290 -53.132355 -38.902210 3.983243 1.000000
31291 -52.823853 -38.307701 3.309804 1.000000
31292 -52.463257 -37.777534 2.668772 1.000000
31293 -55.353882 -36.633217 3.034000 1.000000
31294 -53.674797 -36.931778 2.483030 1.000000
31295 -52.089752 -37.320660 2.033295 1.000000
31296 -51.658386 -36.787987 1.367840 1.000000
31297 -51.151840 -36.211605 0.849981 1.000000
31298 -50.667393 -35.654327 0.238575 1.000000
31299 -50.119041 -35.100765 -0.367883 1.000000
31300 -51.791115 -34.741730 0.116762 1.000000
31301 -52.955128 -33.796474 0.011449 1.000000
31302 -54.186420 -32.896870 -0.236530 1.000000
31303 -56.731251 -33.156410 0.888675 1.000000
31304 -56.255749 -32.551147 0.211378 1.000000
31305 -55.515026 -32.110497 -0.403306 1.000000
31306 -56.833855 -31.279968 -0.611047 1.000000
31307 -58.291420 -30.453669 -0.652858 1.000000
31909 -58.356445 -45.211586 -9.123987 1.000000
31910 -57.568928 -46.537506 -9.235505 1.000000
31911 -56.818981 -45.548965 -9.707838 1.000000
31912 -55.515430 -46.286377 -10.584139 1.000000
33636 -47.984978 -46.712093 10.148039 1.000000
33637 -47.048656 -46.982410 9.071582 1.000000
33638 -46.456028 -47.629818 7.977153 1.000000
33639 -46.957256 -47.610760 6.931016 1.000000
33640 -47.456490 -47.524361 5.892900 1.000000
33641 -48.015205 -47.322166 4.976477 1.000000
33642 -48.640366 -47.129005 4.313614 1.000000
33643 -48.238571 -46.224609 5.173198 1.000000
33644 -48.648376 -45.181446 5.278564 1.000000
33645 -49.194511 -44.184624 5.322217 1.000000
33646 -50.121380 -44.283466 7.043218 1.000000
33647 -50.054451 -43.869045 6.226745 1.000000
33648 -49.922371 -43.312393 5.350592 1.000000
33649 -50.795696 -42.470451 5.259536 1.000000
33650 -51.748463 -41.724495 5.244986 1.000000
33651 -52.712440 -41.059929 5.204494 1.000000
33652 -55.378082 -44.267212 9.668390 1.000000
33653 -55.129402 -43.768219 8.796491 1.000000
33654 -54.994640 -43.319645 7.857326 1.000000
33655 -57.493500 -42.673195 8.159247 1.000000
33656 -56.165916 -42.841301 7.605901 1.000000
33657 -54.844349 -42.783634 6.958882 1.000000
33658 -54.575920 -42.072548 6.250454 1.000000
33659 -54.216534 -41.205849 5.623691 1.000000
33660 -53.769066 -40.363396 5.136418 1.000000
33661 -55.041939 -39.733360 5.071305 1.000000
33662 -56.420979 -38.943295 5.093807 1.000000
33663 -57.873810 -38.221165 5.136944 1.000000
33664 -59.664925 -39.371189 6.010679 1.000000
33665 -59.485706 -38.514019 5.596927 1.000000
33666 -59.205555 -37.504913 5.057276 1.000000
33667 -60.492016 -36.660400 5.048125 1.000000
33668 -61.699165 -35.790344 5.190459 1.000000
35843 -60.693573 -54.419945 -1.802003 1.000000
35844 -59.713451 -54.210304 -2.443968 1.000000
35845 -60.687611 -52.897045 -2.605834 1.000000
35846 -60.545113 -51.505119 -3.412280 1.000000
35847 -60.263470 -50.202995 -4.263997 1.000000
35848 -62.173084 -48.690418 -3.657199 1.000000
35849 -61.128166 -48.771507 -4.308782 1.000000
35850 -59.922661 -48.703346 -4.930780 1.000000
35851 -59.535347 -47.300610 -5.855994 1.000000
35852 -59.585613 -46.358006 -7.047994 1.000000
35853 -59.959148 -45.882401 -8.117332 1.000000
35854 -63.544029 -43.629177 -4.212846 1.000000
35855 -63.587532 -43.671070 -4.963536 1.000000
35856 -63.093590 -43.790394 -5.938928 1.000000
35857 -63.202736 -41.994854 -7.381061 1.000000
35858 -62.937286 -43.050468 -7.080895 1.000000
35859 -62.322979 -44.022171 -6.774721 1.000000
35860 -61.573067 -44.382690 -7.712644 1.000000
35861 -60.749035 -44.816750 -8.282846 1.000000
35862 -59.673897 -45.073311 -8.692842 1.000000
35863 -59.218971 -44.092579 -9.164457 1.000000
35864 -58.772003 -43.057255 -10.141914 1.000000
38529 -53.980537 -23.346182 -4.057380 1.000000
38604 -52.706078 -61.056725 -0.996393 1.000000
38605 -54.033379 -60.944134 -0.872215 1.000000
38606 -55.184875 -60.623146 -0.797039 1.000000
38607 -54.343903 -59.782703 0.840216 1.000000
38608 -55.420998 -60.150562 0.175592 1.000000
38609 -56.355522 -60.157646 -0.698380 1.000000
38610 -57.388733 -59.483868 -0.694171 1.000000
38611 -58.304008 -58.459747 -0.762204 1.000000
38612 -59.260918 -57.336365 -0.785927 1.000000
38673 -51.931969 -63.572205 8.010350 1.000000
38674 -52.922997 -62.742699 7.367467 1.000000
38675 -53.970325 -61.951942 6.670773 1.000000
38677 -53.331177 -59.506786 8.521585 1.000000
38678 -54.519264 -60.548920 8.645115 1.000000
38679 -55.018288 -58.544395 6.759421 1.000000
38680 -55.353138 -60.060616 7.671834 1.000000
38681 -55.484642 -61.305340 8.493088 1.000000
38682 -55.762768 -61.987511 7.782365 1.000000
38683 -55.537285 -61.859486 6.730069 1.000000
38684 -55.017570 -61.271992 5.726257 1.000000
38685 -56.109428 -60.881580 4.970671 1.000000
38686 -57.101788 -60.496513 4.346305 1.000000
38687 -58.052605 -60.005291 3.728542 1.000000
38688 -59.214806 -59.232704 4.960986 1.000000
38689 -59.221333 -59.360199 4.038556 1.000000
38690 -58.882790 -59.340099 2.901389 1.000000
38691 -59.671642 -58.442009 1.649958 1.000000
38692 -60.127289 -57.256966 0.311091 1.000000
38693 -60.593884 -55.820747 -0.854085 1.000000
38694 -61.450977 -54.491558 -0.928214 1.000000
38695 -62.178062 -53.082508 -0.941277 1.000000
38696 -62.736683 -51.506470 -0.991420 1.000000
38697 -62.151234 -52.456921 0.814124 1.000000
38698 -62.687248 -51.232109 -0.182894 1.000000
38699 -63.134296 -49.924126 -1.109260 1.000000
38700 -63.443592 -48.461029 -1.273640 1.000000
38701 -63.372375 -47.272728 -1.560971 1.000000
38702 -62.984730 -46.136250 -1.743967 1.000000
38703 -58.133270 -50.823341 1.259060 1.000000
38704 -59.130501 -49.905025 0.828596 1.000000
38705 -59.957855 -48.951393 0.408655 1.000000
38706 -58.257042 -47.934807 0.201364 1.000000
38707 -59.515217 -48.013744 0.013617 1.000000
38708 -60.752106 -48.116989 -0.092821 1.000000
38709 -61.443226 -47.339077 -0.762458 1.000000
38710 -61.991711 -46.412334 -1.465222 1.000000
38711 -62.253944 -45.097401 -2.233554 1.000000
38712 -61.253845 -44.253662 -2.845724 1.000000
38713 -59.981361 -43.447105 -3.525609 1.000000
38714 -58.632862 -42.757393 -4.188733 1.000000
38715 -57.458508 -43.635094 -3.210575 1.000000
38716 -57.434669 -42.769062 -3.968597 1.000000
38717 -57.313465 -42.201649 -4.958012 1.000000
38718 -56.072998 -41.608242 -5.552854 1.000000
38719 -54.827003 -40.921932 -6.037660 1.000000
38720 -53.560486 -40.050285 -6.447986 1.000000
38721 -49.309380 -46.808861 3.606649 1.000000
38722 -49.913479 -46.460037 2.832615 1.000000
38723 -50.520084 -46.104546 2.001575 1.000000
38724 -49.322937 -44.108582 2.586872 1.000000
38725 -49.959145 -44.964478 1.749936 1.000000
38726 -50.934052 -45.628292 1.226842 1.000000
38727 -51.242073 -45.227402 0.491597 1.000000
38728 -51.506386 -44.800392 -0.222229 1.000000
38729 -51.838066 -44.380985 -0.853531 1.000000
38730 -50.657452 -39.906464 3.513866 1.000000
38731 -49.634033 -40.410961 2.783936 1.000000
38732 -49.158688 -41.137138 1.879580 1.000000
38733 -49.375908 -39.645756 1.514542 1.000000
38734 -49.072796 -40.847630 1.231199 1.000000
38735 -49.219582 -42.042080 0.890033 1.000000
38736 -49.789238 -42.826458 -0.080560 1.000000
38737 -50.822304 -43.428619 -0.855614 1.000000
38738 -52.085224 -43.827942 -1.485551 1.000000
38739 -52.224140 -43.203720 -2.025906 1.000000
38740 -52.296314 -42.504314 -2.609261 1.000000
38741 -52.238636 -41.784584 -3.285606 1.000000
38742 -49.837326 -40.625313 -2.879352 1.000000
38743 -50.916073 -40.940147 -3.555544 1.000000
38744 -52.153687 -41.162365 -4.169467 1.000000
38745 -52.112568 -40.627823 -5.079344 1.000000
38746 -52.118111 -40.024261 -5.929136 1.000000
38751 -47.615921 -36.948425 -5.191667 1.000000
38757 -49.434361 -34.696655 -1.012908 1.000000
38758 -48.655064 -34.201805 -1.722584 1.000000
38759 -47.984055 -33.509789 -2.392457 1.000000
38760 -50.563416 -32.192829 -1.832695 1.000000
38761 -48.822548 -32.431931 -2.354811 1.000000
38762 -47.399513 -32.836647 -3.145237 1.000000
38763 -46.979618 -32.123856 -3.977541 1.000000
38768 -48.868000 -27.081131 -4.879817 1.000000
38769 -51.089119 -27.837753 -3.482244 1.000000
38770 -50.487206 -27.010309 -4.069718 1.000000
38771 -50.000946 -26.082087 -4.627823 1.000000
38772 -51.297718 -25.180939 -4.420929 1.000000
38773 -52.610210 -24.281477 -4.244727 1.000000
40315 -58.424416 -54.181664 -3.187716 1.000000
40316 -57.150696 -54.205975 -3.886987 1.000000
40317 -55.751221 -54.386280 -4.487553 1.000000
40318 -55.996265 -51.447460 -5.139156 1.000000
40324 -56.776512 -47.812096 -9.258322 1.000000
40325 -55.697437 -49.197144 -9.280586 1.000000
