#!ascii label, projected from MNI152NLin2009cAsym to fsaverage6
413
154 -47.711727 -58.552013 -7.824341 1.000000
618 -40.812969 -60.097431 -11.132138 1.000000
620 -49.553505 -50.557232 -14.802447 1.000000
621 -41.762859 -48.317955 -15.371130 1.000000
1376 -47.800285 -62.208275 -6.480615 1.000000
1378 -42.091297 -61.826946 -5.327158 1.000000
1380 -42.391655 -58.190350 -6.674836 1.000000
1386 -49.737297 -45.076591 -18.620668 1.000000
1387 -44.926075 -48.122883 -12.768286 1.000000
1388 -46.180794 -42.074921 -16.935390 1.000000
1389 -42.162334 -42.396881 -17.097248 1.000000
1763 -51.222313 -62.509155 -6.281418 1.000000
1764 -52.123280 -60.413719 -9.396987 1.000000
1787 -36.651344 -48.569389 -19.847189 1.000000
2490 -43.300087 -62.710560 -15.877558 1.000000
2493 -53.949818 -58.155914 -13.458692 1.000000
2495 -54.344421 -54.037422 -18.423218 1.000000
2496 -48.820892 -54.838875 -11.176023 1.000000
2497 -43.268391 -53.089935 -9.774210 1.000000
2498 -41.243618 -54.794708 -14.344528 1.000000
2499 -43.593071 -56.050438 -19.435644 1.000000
2500 -41.531830 -50.915318 -19.505280 1.000000
2501 -39.637589 -45.260418 -19.790905 1.000000
3296 -47.964375 -60.171783 -6.984220 1.000000
3297 -45.327446 -61.512440 -5.853023 1.000000
3298 -45.074608 -59.728718 -6.290404 1.000000
3299 -42.217068 -60.202721 -5.931806 1.000000
3300 -45.205681 -58.073536 -6.753138 1.000000
3306 -49.750980 -42.957359 -21.173948 1.000000
3307 -47.983673 -43.582741 -17.491913 1.000000
3308 -47.982639 -41.485916 -20.618099 1.000000
3334 -32.939613 -46.283592 -19.101511 1.000000
3898 -53.095192 -61.249962 -7.069360 1.000000
3899 -51.531128 -61.846596 -8.085344 1.000000
3900 -53.377876 -60.203369 -8.965357 1.000000
3934 -37.114883 -57.168861 -17.601860 1.000000
3936 -36.022545 -54.498657 -17.395224 1.000000
3937 -34.917316 -51.959290 -17.313009 1.000000
3938 -37.706764 -51.204811 -19.717026 1.000000
5580 -41.874317 -61.562244 -13.628070 1.000000
5587 -55.723621 -57.603016 -12.758350 1.000000
5588 -55.737328 -56.286018 -14.838018 1.000000
5592 -51.931465 -49.051323 -18.258709 1.000000
5594 -51.996376 -52.136494 -16.826630 1.000000
5595 -51.432091 -54.738037 -15.085538 1.000000
5596 -49.080620 -52.913288 -13.226042 1.000000
5597 -45.957184 -53.631458 -9.851000 1.000000
5598 -46.627434 -51.662373 -11.864378 1.000000
5599 -42.802265 -47.937195 -13.483940 1.000000
5600 -42.289986 -50.961998 -12.842746 1.000000
5601 -41.806496 -51.680565 -15.366641 1.000000
5602 -42.325485 -55.860840 -17.147181 1.000000
5603 -42.552467 -52.178795 -17.858982 1.000000
5604 -42.964256 -53.224609 -19.859285 1.000000
5605 -41.538040 -49.537971 -17.389452 1.000000
5607 -40.673294 -43.548683 -18.416010 1.000000
5685 -33.001690 -46.180916 -14.708374 1.000000
7084 -47.802834 -63.727489 -5.974143 1.000000
7086 -45.604240 -63.395763 -5.557347 1.000000
7091 -40.380047 -61.317047 -7.479074 1.000000
7092 -40.621307 -58.973106 -8.545265 1.000000
7101 -51.289490 -46.436058 -20.056889 1.000000
7102 -49.393787 -47.725719 -16.480862 1.000000
7103 -47.247627 -49.237335 -13.414393 1.000000
7104 -47.501637 -46.182362 -15.015340 1.000000
7105 -45.567139 -44.983826 -14.230067 1.000000
7106 -43.388176 -44.430630 -14.553679 1.000000
7107 -41.706245 -45.238232 -15.744840 1.000000
7108 -44.138584 -41.873653 -16.521572 1.000000
7952 -50.660301 -63.753380 -5.308545 1.000000
7953 -49.116608 -63.860706 -5.942347 1.000000
7954 -49.609482 -62.699669 -6.704193 1.000000
7955 -49.929390 -60.970818 -7.644773 1.000000
7956 -50.292831 -59.314972 -8.979926 1.000000
8008 -33.859035 -49.042294 -17.741611 1.000000
8009 -36.073883 -46.226238 -20.813269 1.000000
10026 -44.158394 -63.974255 -17.856825 1.000000
10033 -54.763844 -58.758564 -10.793386 1.000000
10034 -53.368935 -59.398903 -11.385080 1.000000
10035 -51.089073 -58.387657 -10.690706 1.000000
10041 -56.511871 -54.252586 -17.888853 1.000000
10042 -53.855446 -56.463634 -16.134651 1.000000
10043 -51.533455 -56.493317 -12.904164 1.000000
10044 -48.465889 -56.899456 -9.168139 1.000000
10045 -45.746441 -55.760468 -8.019994 1.000000
10046 -42.733955 -55.551605 -7.996567 1.000000
10047 -40.875740 -56.149437 -9.863390 1.000000
10048 -44.139137 -50.879234 -11.514468 1.000000
10049 -41.446785 -53.549511 -11.475840 1.000000
10050 -40.981300 -57.536995 -12.627683 1.000000
10051 -42.029289 -58.842651 -15.403166 1.000000
10052 -43.670082 -59.800556 -17.902094 1.000000
10053 -44.221718 -60.207680 -19.869953 1.000000
10054 -43.297581 -57.188892 -20.869665 1.000000
10055 -42.156944 -54.555634 -21.181211 1.000000
10056 -41.020626 -52.078857 -21.009823 1.000000
10057 -40.708336 -46.593975 -17.415956 1.000000
10058 -40.257626 -48.316566 -18.934093 1.000000
10059 -39.667675 -49.789017 -20.421301 1.000000
10060 -38.766510 -47.071217 -21.075377 1.000000
10976 -47.842766 -59.278831 -7.411166 1.000000
10977 -46.584450 -59.868488 -6.696515 1.000000
10978 -46.453468 -59.041920 -6.932849 1.000000
10979 -45.086895 -58.881824 -6.499087 1.000000
10980 -46.434441 -58.249443 -7.172900 1.000000
10987 -48.880806 -42.229771 -20.806625 1.000000
11014 -34.297527 -44.999718 -20.439768 1.000000
11578 -53.743702 -60.120789 -7.347959 1.000000
11579 -53.342491 -60.768890 -8.132689 1.000000
11580 -53.810028 -59.444214 -8.265826 1.000000
11614 -38.045383 -55.190594 -18.946133 1.000000
11615 -36.584606 -55.820332 -17.456892 1.000000
11616 -37.483757 -53.836842 -18.762236 1.000000
11617 -37.013214 -52.679359 -18.691324 1.000000
13256 -40.758575 -61.350636 -10.544579 1.000000
13258 -41.214859 -61.956188 -11.803713 1.000000
13259 -41.747871 -62.708111 -13.036168 1.000000
13260 -41.372116 -60.805428 -12.452828 1.000000
13267 -56.192524 -55.394184 -14.045041 1.000000
13268 -56.329582 -54.572735 -15.386087 1.000000
13272 -50.979576 -49.804901 -16.473557 1.000000
13273 -52.184959 -50.597137 -17.415661 1.000000
13274 -50.729168 -51.298439 -15.757151 1.000000
13275 -50.527519 -52.605743 -15.156627 1.000000
13276 -49.210350 -51.834297 -14.161426 1.000000
13277 -47.812431 -52.220631 -12.431829 1.000000
13278 -48.136269 -51.153507 -13.421318 1.000000
13279 -42.175148 -48.076714 -14.352507 1.000000
13280 -42.030708 -49.762581 -14.283099 1.000000
13281 -41.993221 -50.010033 -15.483503 1.000000
13282 -42.115894 -51.945404 -16.684330 1.000000
13283 -41.973938 -50.354561 -16.635479 1.000000
13284 -42.156353 -50.874336 -17.668095 1.000000
13285 -41.578037 -48.941563 -16.420170 1.000000
15646 -47.949928 -63.018761 -6.240393 1.000000
15647 -46.952477 -63.647259 -5.835993 1.000000
15648 -46.758018 -62.763283 -6.080282 1.000000
15649 -43.800728 -61.430481 -5.418555 1.000000
15650 -43.968296 -62.397270 -5.275518 1.000000
15651 -42.339989 -62.623180 -5.145742 1.000000
15656 -42.358074 -59.298256 -6.295405 1.000000
15657 -41.166512 -60.741230 -6.534036 1.000000
15658 -41.283028 -59.709160 -6.924738 1.000000
15659 -40.574158 -60.190056 -7.968868 1.000000
15660 -41.288883 -58.511311 -7.447394 1.000000
15672 -50.678436 -44.653297 -20.550564 1.000000
15673 -51.302357 -45.325443 -21.102425 1.000000
15674 -50.502922 -45.722542 -19.377600 1.000000
15675 -50.395714 -47.087170 -18.315130 1.000000
15676 -49.404327 -46.364719 -17.446613 1.000000
15677 -48.413269 -46.966957 -15.721123 1.000000
15678 -48.614395 -45.574242 -16.807053 1.000000
15679 -47.096256 -42.790398 -17.152597 1.000000
15680 -46.815994 -44.097637 -15.679667 1.000000
15681 -45.878277 -43.433235 -15.419031 1.000000
15682 -44.432678 -44.546040 -14.234378 1.000000
15683 -44.847286 -43.004856 -15.384326 1.000000
15684 -43.767853 -43.046478 -15.439878 1.000000
15685 -45.181583 -41.883308 -16.648636 1.000000
17449 -51.973736 -62.250751 -5.767539 1.000000
17450 -51.736305 -62.917992 -5.226728 1.000000
17451 -51.025444 -63.034546 -5.618378 1.000000
17452 -49.847218 -63.823158 -5.694090 1.000000
17453 -50.138592 -63.133289 -6.062851 1.000000
17454 -49.352177 -63.236408 -6.327641 1.000000
17455 -50.340736 -62.675117 -6.659372 1.000000
17456 -51.774223 -61.235939 -8.735872 1.000000
17457 -50.820045 -61.515083 -7.925458 1.000000
17458 -50.990761 -60.659828 -8.591845 1.000000
17459 -50.168514 -59.904846 -8.304777 1.000000
17460 -51.288216 -59.876343 -9.240134 1.000000
17569 -35.836254 -50.247101 -18.507008 1.000000
17570 -34.389187 -50.506664 -17.396589 1.000000
17571 -35.417683 -48.818501 -18.713171 1.000000
17572 -35.040638 -47.457939 -19.146961 1.000000
17573 -36.337837 -47.391041 -20.274820 1.000000
22496 -42.723579 -64.146378 -15.297426 1.000000
22498 -43.350067 -64.775124 -16.168049 1.000000
22500 -43.956078 -63.302887 -16.793518 1.000000
22519 -54.911812 -58.163250 -13.237488 1.000000
22520 -54.677135 -58.802753 -12.272924 1.000000
22521 -53.751808 -58.882225 -12.403570 1.000000
22522 -52.290630 -59.037922 -11.116295 1.000000
22523 -52.633190 -58.439827 -12.162102 1.000000
22535 -54.514721 -52.282879 -19.199650 1.000000
22539 -55.455677 -54.518055 -18.507753 1.000000
22540 -55.225086 -55.834545 -17.122705 1.000000
22541 -53.948708 -55.458763 -17.386112 1.000000
22542 -50.108154 -54.701790 -13.199153 1.000000
22543 -51.322151 -55.652504 -14.019304 1.000000
22544 -50.199669 -55.594604 -12.077808 1.000000
22545 -50.241993 -56.593109 -10.937637 1.000000
22546 -48.850014 -55.753368 -10.080920 1.000000
22547 -47.182777 -56.235573 -8.484404 1.000000
22548 -47.315636 -55.166920 -9.330185 1.000000
22549 -44.516014 -53.231731 -9.622383 1.000000
22550 -44.385399 -54.418083 -8.645704 1.000000
22551 -42.973183 -54.375782 -8.891189 1.000000
22552 -41.548512 -55.700481 -8.706016 1.000000
22553 -41.820065 -54.502422 -9.570620 1.000000
22554 -46.132851 -48.608749 -12.924527 1.000000
22555 -45.890400 -50.000923 -12.309835 1.000000
22556 -44.628242 -49.529751 -12.119986 1.000000
22557 -41.406361 -52.695568 -13.619928 1.000000
22558 -41.752304 -52.237282 -12.258593 1.000000
22559 -41.124622 -54.126484 -12.813731 1.000000
22560 -40.969818 -55.452808 -11.947290 1.000000
22561 -41.092144 -56.148876 -13.535042 1.000000
22562 -41.415138 -58.214344 -14.046448 1.000000
22563 -41.490425 -56.896496 -15.056761 1.000000
22564 -43.002083 -55.992676 -18.294657 1.000000
22565 -42.946648 -57.842567 -17.683109 1.000000
22566 -43.636013 -57.968975 -18.779440 1.000000
22567 -44.189140 -60.002655 -18.971449 1.000000
22568 -44.000908 -58.136852 -19.795488 1.000000
22569 -43.821117 -58.633659 -20.475702 1.000000
22570 -43.682518 -56.462059 -20.257326 1.000000
22571 -42.286140 -51.994728 -19.707886 1.000000
22572 -42.779556 -53.845898 -20.689808 1.000000
22573 -42.221062 -52.681202 -20.639362 1.000000
22574 -41.544716 -53.270477 -21.158133 1.000000
22575 -41.507725 -51.517311 -20.406454 1.000000
22576 -41.917107 -43.761902 -16.354483 1.000000
22577 -41.129860 -46.007301 -16.576664 1.000000
22578 -41.180988 -44.368786 -16.997662 1.000000
22579 -40.134651 -44.355030 -19.019922 1.000000
22580 -40.048672 -45.827587 -18.514297 1.000000
22581 -39.736198 -46.730217 -19.130447 1.000000
22582 -39.983501 -49.057877 -19.627897 1.000000
22583 -39.442856 -47.652359 -19.868481 1.000000
22584 -39.039680 -48.413643 -20.534050 1.000000
22585 -39.206223 -46.142517 -20.526934 1.000000
22812 -34.140087 -44.683689 -14.966123 1.000000
24364 -47.839729 -61.168907 -6.686462 1.000000
24365 -46.659748 -61.900047 -6.267523 1.000000
24366 -46.654827 -60.831291 -6.460216 1.000000
24367 -45.237621 -60.570137 -6.074124 1.000000
24368 -43.650433 -60.536934 -5.671225 1.000000
24369 -42.208176 -60.972088 -5.610000 1.000000
24370 -43.635063 -59.726910 -5.903707 1.000000
24371 -43.682213 -58.944256 -6.122984 1.000000
24372 -43.850414 -58.028767 -6.424461 1.000000
24382 -49.843147 -43.993690 -19.785160 1.000000
24383 -48.857193 -44.351681 -18.050163 1.000000
24384 -48.962128 -43.223331 -19.399342 1.000000
24385 -48.099506 -42.449791 -19.008394 1.000000
24386 -47.234993 -41.713806 -18.720531 1.000000
24387 -46.276436 -41.186031 -18.363014 1.000000
24388 -47.116150 -40.992348 -20.158577 1.000000
25448 -52.164391 -61.928444 -6.711023 1.000000
25449 -51.346901 -62.198265 -7.194726 1.000000
25450 -52.350761 -61.582928 -7.755591 1.000000
25451 -52.532524 -61.200939 -8.627531 1.000000
25452 -52.778076 -60.664246 -9.397816 1.000000
25518 -35.480923 -53.208038 -17.415524 1.000000
25519 -36.460552 -51.470924 -18.497900 1.000000
25520 -37.119183 -49.950119 -19.642426 1.000000
28475 -42.098419 -63.538280 -14.212751 1.000000
28476 -42.466911 -62.172443 -14.776774 1.000000
28488 -56.301788 -56.153229 -12.976918 1.000000
28489 -55.707176 -57.035240 -13.691887 1.000000
28490 -55.001808 -57.396534 -14.312853 1.000000
28496 -52.692242 -48.367130 -19.942677 1.000000
28498 -53.179058 -49.801846 -19.236732 1.000000
28499 -53.351452 -51.474846 -18.387409 1.000000
28500 -53.213001 -53.153374 -17.768560 1.000000
28501 -52.792671 -54.552116 -16.938229 1.000000
28502 -51.740093 -53.559772 -16.168198 1.000000
28503 -50.281349 -53.727905 -14.205017 1.000000
28504 -48.770988 -53.885864 -12.240167 1.000000
28505 -47.364277 -54.185066 -10.386615 1.000000
28506 -47.497475 -53.135345 -11.522064 1.000000
28507 -46.193680 -52.630596 -10.866660 1.000000
28508 -44.910694 -52.215027 -10.540199 1.000000
28509 -43.809105 -47.914387 -12.881650 1.000000
28510 -43.482117 -49.444939 -12.477244 1.000000
28511 -42.559067 -49.491173 -13.241200 1.000000
28512 -41.830986 -51.359444 -14.056778 1.000000
28513 -41.439171 -53.374878 -14.995911 1.000000
28514 -41.657974 -55.534966 -15.894152 1.000000
28515 -41.846600 -53.784191 -16.395243 1.000000
28516 -42.446274 -53.967449 -17.686365 1.000000
28517 -43.049908 -54.141632 -18.808563 1.000000
28518 -43.384731 -54.492462 -19.767864 1.000000
28519 -42.917896 -52.616261 -18.935280 1.000000
28520 -42.284439 -51.421104 -18.618458 1.000000
28521 -41.592999 -50.207401 -18.399172 1.000000
28522 -42.329582 -41.164753 -18.038008 1.000000
28523 -41.320690 -42.891338 -17.617428 1.000000
28524 -41.503040 -41.599201 -18.549923 1.000000
28525 -40.782372 -42.299450 -19.192524 1.000000
28526 -40.293530 -43.107491 -19.833477 1.000000
28527 -39.858501 -44.008282 -20.686520 1.000000
28665 -32.674858 -44.827553 -15.825180 1.000000
29608 -38.607109 -56.546227 -19.134398 1.000000
29609 -39.334858 -54.781330 -20.199011 1.000000
31888 -47.525711 -64.400223 -5.644384 1.000000
31890 -46.889374 -64.337120 -5.590666 1.000000
31891 -45.856434 -64.192520 -5.440790 1.000000
31892 -44.429066 -64.187126 -5.025001 1.000000
31893 -45.440132 -62.503155 -5.716601 1.000000
31894 -44.195431 -63.331226 -5.194860 1.000000
31903 -41.033955 -61.653881 -6.049648 1.000000
31906 -40.183174 -61.908791 -8.750613 1.000000
31907 -40.481915 -60.788567 -9.311158 1.000000
31908 -40.539082 -59.507336 -9.852549 1.000000
31928 -51.538013 -47.685120 -19.122095 1.000000
31929 -50.675911 -48.337467 -17.358984 1.000000
31930 -49.650604 -49.113548 -15.495932 1.000000
31931 -48.436005 -49.938618 -14.099347 1.000000
31932 -48.450294 -48.456757 -14.751277 1.000000
31933 -47.381824 -47.680794 -14.145541 1.000000
31934 -46.319649 -47.079018 -13.645482 1.000000
31935 -47.736351 -44.826008 -16.177351 1.000000
31936 -46.547680 -45.504845 -14.506116 1.000000
31937 -45.248146 -46.528084 -13.357492 1.000000
31938 -44.100239 -46.261902 -13.394922 1.000000
31939 -43.045868 -46.200680 -13.869781 1.000000
31940 -42.239082 -46.319946 -14.566042 1.000000
31941 -41.613087 -46.883057 -15.402840 1.000000
31942 -42.438335 -44.788837 -15.028256 1.000000
31943 -42.784683 -43.389244 -15.753964 1.000000
31944 -43.107567 -42.072472 -16.684805 1.000000
31945 -45.344879 -40.943218 -18.020634 1.000000
31946 -44.282814 -40.855682 -17.709759 1.000000
31947 -43.313820 -40.924770 -17.757833 1.000000
34199 -51.438507 -63.618919 -4.870469 1.000000
34200 -50.152805 -64.309631 -4.819743 1.000000
34201 -49.537296 -64.509216 -5.191399 1.000000
34202 -48.788876 -64.521103 -5.450611 1.000000
34203 -48.148396 -64.450722 -5.582484 1.000000
34204 -48.409416 -63.771416 -6.019794 1.000000
34205 -48.647190 -63.159534 -6.320977 1.000000
34206 -48.872990 -62.505432 -6.645944 1.000000
34207 -50.606159 -62.264057 -7.398691 1.000000
34208 -49.901276 -61.992901 -7.142378 1.000000
34209 -48.894882 -61.591309 -6.941270 1.000000
34210 -49.034714 -60.439423 -7.306226 1.000000
34211 -49.098202 -59.475395 -7.899987 1.000000
34212 -49.105312 -58.854332 -8.522359 1.000000
34353 -33.359482 -47.625957 -18.352831 1.000000
34354 -34.647640 -46.135674 -19.764595 1.000000
34355 -35.832798 -45.098263 -21.363665 1.000000
40332 -54.314423 -57.685059 -8.560648 1.000000
40333 -54.355675 -58.619347 -9.337931 1.000000
40334 -54.001423 -59.453381 -9.945702 1.000000
40335 -53.475166 -59.869221 -10.306082 1.000000
40336 -55.420067 -58.133747 -11.750745 1.000000
40337 -54.189411 -59.294823 -11.290730 1.000000
40338 -52.789513 -59.795746 -10.390838 1.000000
40339 -51.841633 -59.390236 -10.210213 1.000000
40340 -50.577412 -58.899372 -9.833983 1.000000
40341 -49.323586 -58.273937 -9.293552 1.000000
40359 -56.886524 -53.620373 -16.801380 1.000000
40360 -56.085114 -55.443104 -16.440685 1.000000
40361 -55.077126 -56.707375 -15.663691 1.000000
40362 -53.961761 -57.255760 -14.746344 1.000000
40363 -52.479969 -55.657726 -15.835793 1.000000
40364 -52.614098 -56.531635 -14.642169 1.000000
40365 -52.721184 -57.505684 -13.358465 1.000000
40366 -51.446327 -57.522575 -11.748739 1.000000
40367 -49.850708 -57.586754 -10.037767 1.000000
40368 -47.958809 -57.762096 -8.470507 1.000000
40369 -46.729744 -57.382042 -7.773489 1.000000
40370 -45.501274 -56.994698 -7.217650 1.000000
40371 -44.047649 -56.759827 -7.030542 1.000000
40372 -45.881340 -54.715935 -8.899508 1.000000
40373 -44.208702 -55.547386 -7.806158 1.000000
40374 -42.531868 -56.862598 -7.272666 1.000000
40375 -41.324722 -57.036182 -7.988439 1.000000
40376 -40.698856 -57.481422 -9.156702 1.000000
40377 -40.607780 -58.085339 -10.517115 1.000000
40378 -47.011116 -50.590565 -12.773831 1.000000
40379 -45.422020 -51.225231 -11.570730 1.000000
40380 -43.722485 -52.013710 -10.665950 1.000000
40381 -43.094704 -50.816891 -11.968173 1.000000
40382 -42.567989 -51.937634 -11.244199 1.000000
40383 -42.147797 -53.236687 -10.410568 1.000000
40384 -41.153622 -54.901085 -10.619978 1.000000
40385 -40.706566 -56.810669 -11.208611 1.000000
40386 -40.942513 -58.759834 -11.861839 1.000000
40387 -41.397556 -59.533653 -13.164949 1.000000
40388 -41.978912 -60.137867 -14.443552 1.000000
40389 -42.727772 -60.662121 -15.614862 1.000000
40390 -42.186592 -57.511696 -16.390682 1.000000
40391 -42.858055 -59.503124 -16.694599 1.000000
40392 -43.600113 -61.324787 -16.816736 1.000000
40393 -44.165035 -61.794106 -17.870415 1.000000
40394 -44.175190 -62.207314 -18.934372 1.000000
40395 -43.684856 -62.350502 -19.556009 1.000000
40396 -43.549847 -60.696575 -20.162197 1.000000
40397 -43.073723 -59.259327 -20.697073 1.000000
40399 -43.310928 -55.067741 -20.525049 1.000000
40400 -42.755447 -55.804070 -21.089556 1.000000
40401 -41.658249 -56.528999 -20.974976 1.000000
40402 -41.019646 -55.230858 -21.118937 1.000000
40403 -40.491737 -54.022377 -21.050365 1.000000
40404 -40.060219 -52.867664 -20.931316 1.000000
40405 -41.277706 -47.496075 -16.363499 1.000000
40406 -41.037407 -48.146492 -17.302029 1.000000
40407 -40.903862 -48.907707 -18.290718 1.000000
40408 -40.614986 -45.069382 -17.751371 1.000000
40409 -40.372101 -47.330532 -18.286169 1.000000
40410 -40.882103 -49.687340 -19.276102 1.000000
40411 -40.788525 -50.391987 -20.025761 1.000000
40412 -40.396278 -50.968719 -20.683203 1.000000
40413 -39.422047 -51.705330 -20.649170 1.000000
40414 -38.716351 -50.543129 -20.446096 1.000000
40415 -38.190773 -49.239338 -20.469091 1.000000
40416 -37.803261 -47.883232 -20.825109 1.000000
40417 -39.321434 -44.889244 -21.373964 1.000000
40418 -38.721500 -45.928104 -21.761717 1.000000
40419 -37.547863 -46.816246 -21.232523 1.000000
