#!ascii label, from cvs_avg35 to fsaverage6
614
130 -44.391327 -75.948059 14.787372 1.000000
131 -40.213596 -68.239998 -0.288866 1.000000
132 -44.890396 -63.680519 10.138415 1.000000
338 -51.050323 -62.125568 -1.743101 1.000000
550 -40.906830 -81.081581 6.551770 1.000000
551 -42.923531 -80.955971 0.280468 1.000000
552 -47.905769 -74.393044 6.766914 1.000000
553 -42.030560 -64.848770 5.567386 1.000000
554 -53.320324 -61.120552 5.684470 1.000000
556 -50.045238 -57.764946 8.768163 1.000000
616 -43.976276 -74.001472 -5.373937 1.000000
1214 -43.003609 -78.073830 9.897263 1.000000
1215 -46.716179 -79.603149 7.211967 1.000000
1216 -47.820480 -75.826942 11.157022 1.000000
1218 -43.646713 -68.586006 8.659665 1.000000
1219 -44.412880 -64.043991 7.599008 1.000000
1220 -47.332298 -60.899342 4.863194 1.000000
1221 -49.408012 -63.557465 8.133925 1.000000
1228 -53.468269 -56.305916 5.871519 1.000000
1373 -40.380493 -75.077103 0.935593 1.000000
1374 -41.726547 -77.617920 -2.722741 1.000000
1375 -42.185375 -71.366570 -3.153856 1.000000
1665 -44.623749 -73.424232 13.523082 1.000000
1668 -42.195259 -64.354874 12.767693 1.000000
1760 -45.025463 -63.580219 -1.205476 1.000000
1762 -49.573219 -64.661880 -4.097705 1.000000
2293 -45.156204 -78.706039 3.778867 1.000000
2294 -41.708202 -73.426163 4.806546 1.000000
2295 -45.981503 -72.181381 9.414038 1.000000
2296 -43.479393 -70.224098 5.894423 1.000000
2297 -39.947632 -66.302559 3.226924 1.000000
2298 -45.095917 -61.270283 1.751232 1.000000
2299 -51.578846 -59.672791 1.626944 1.000000
2306 -49.680290 -62.362144 11.316854 1.000000
2307 -54.443726 -61.761852 9.395625 1.000000
2308 -58.016052 -59.597145 6.211527 1.000000
2483 -42.224487 -81.050949 -6.710489 1.000000
2484 -44.724251 -77.411926 -8.889872 1.000000
3134 -43.554726 -76.601318 11.964573 1.000000
3135 -45.810555 -77.675125 10.882835 1.000000
3136 -46.185585 -75.966980 12.766989 1.000000
3137 -42.931381 -64.400871 10.116445 1.000000
3138 -42.916656 -65.247185 9.309087 1.000000
3139 -44.814079 -63.959145 8.997969 1.000000
3140 -46.781467 -63.272514 7.671484 1.000000
3141 -47.235237 -63.820854 9.282112 1.000000
3175 -43.394207 -76.591873 16.314930 1.000000
3176 -41.230263 -78.266937 15.553241 1.000000
3177 -41.548126 -76.829552 13.460213 1.000000
3178 -40.450859 -77.245300 10.815337 1.000000
3293 -40.057381 -71.846703 0.623472 1.000000
3294 -40.949875 -73.154503 -1.106688 1.000000
3295 -41.077324 -69.976585 -1.788676 1.000000
3739 -42.132603 -66.531250 16.201260 1.000000
3740 -41.627296 -65.689224 13.866488 1.000000
3893 -48.055374 -62.664604 -1.560619 1.000000
3894 -47.639015 -64.048416 -2.655674 1.000000
3895 -50.475391 -63.740387 -2.909304 1.000000
5087 -48.375565 -76.956757 7.042819 1.000000
5088 -46.953213 -79.370193 5.134437 1.000000
5089 -46.740429 -76.626884 5.440233 1.000000
5090 -43.641918 -76.146187 4.443597 1.000000
5091 -45.033039 -74.056290 5.666568 1.000000
5092 -42.779602 -72.323257 12.313332 1.000000
5093 -45.390816 -73.280159 11.163852 1.000000
5094 -43.749622 -71.867722 10.357592 1.000000
5095 -42.830460 -67.065712 6.984160 1.000000
5096 -43.985802 -69.407852 7.090346 1.000000
5097 -42.040779 -67.787819 5.835523 1.000000
5098 -41.162239 -68.689499 4.867091 1.000000
5099 -41.037697 -65.310806 4.501822 1.000000
5100 -42.109856 -63.193829 2.367090 1.000000
5101 -42.903633 -62.639168 3.809761 1.000000
5102 -50.427719 -60.770458 5.277816 1.000000
5103 -49.227955 -59.837025 3.201316 1.000000
5104 -52.292072 -59.777729 3.571376 1.000000
5106 -55.318859 -60.254784 4.011865 1.000000
5120 -47.775780 -57.973122 10.566364 1.000000
5121 -47.645016 -59.826324 11.834691 1.000000
5122 -50.442265 -59.938927 11.130893 1.000000
5123 -52.199574 -62.336590 10.710688 1.000000
5124 -52.603832 -59.815746 9.496211 1.000000
5126 -55.813995 -57.985638 6.073647 1.000000
5215 -38.931667 -79.694107 6.803013 1.000000
5560 -42.747719 -81.682693 -0.989095 1.000000
5561 -42.691662 -75.617050 -4.212068 1.000000
5562 -41.621372 -79.186012 -4.364166 1.000000
5563 -42.872543 -77.452995 -5.875155 1.000000
5564 -44.008949 -79.061493 -7.806838 1.000000
5565 -44.563507 -75.626694 -7.077295 1.000000
6080 -53.786407 -61.764271 -1.619375 1.000000
6794 -42.346378 -79.824463 8.170408 1.000000
6795 -43.976421 -81.291977 7.217749 1.000000
6796 -45.265053 -79.295067 9.060346 1.000000
6797 -47.712612 -77.546524 9.264783 1.000000
6798 -49.053951 -74.859283 9.139090 1.000000
6800 -42.501575 -69.641922 10.027943 1.000000
6801 -42.185921 -67.366013 9.717798 1.000000
6802 -43.199139 -66.246407 8.220198 1.000000
6803 -43.315311 -64.409805 6.513307 1.000000
6804 -44.078201 -62.369373 5.000400 1.000000
6805 -45.720081 -62.549488 6.160914 1.000000
6806 -48.491032 -62.185753 6.430423 1.000000
6807 -51.275707 -62.451576 6.880563 1.000000
6817 -49.199833 -55.565186 6.836289 1.000000
6818 -51.764271 -57.277782 7.179787 1.000000
6874 -39.936077 -78.382278 8.573514 1.000000
7079 -41.761059 -78.146042 0.671889 1.000000
7080 -42.045696 -79.430862 -1.146156 1.000000
7081 -41.042439 -76.393158 -1.073597 1.000000
7082 -42.037151 -74.275574 -2.755870 1.000000
7724 -44.351250 -74.724861 17.030966 1.000000
7725 -45.703941 -74.806831 15.044485 1.000000
7726 -43.684990 -73.417885 15.785772 1.000000
7734 -43.243492 -63.763721 11.070997 1.000000
7946 -42.138500 -65.050995 -0.730192 1.000000
7948 -44.923759 -64.740616 -2.358387 1.000000
7949 -47.371544 -65.367744 -3.533144 1.000000
7950 -48.489758 -65.222595 -4.887499 1.000000
7952 -50.660301 -63.753380 -5.308545 1.000000
9434 -43.706078 -82.810097 2.060570 1.000000
9435 -45.289989 -81.786194 5.440701 1.000000
9436 -45.366676 -81.365501 3.651971 1.000000
9437 -43.912304 -80.164612 2.126187 1.000000
9438 -42.378090 -77.274750 2.635332 1.000000
9439 -40.745956 -74.661522 2.894367 1.000000
9440 -39.557510 -71.333672 2.529025 1.000000
9441 -46.816898 -74.460419 12.447908 1.000000
9442 -47.502800 -73.768555 10.305930 1.000000
9443 -47.729446 -72.620987 8.233521 1.000000
9444 -44.553589 -70.474304 8.908886 1.000000
9445 -45.827888 -71.037796 7.446632 1.000000
9446 -45.665661 -72.325829 6.165740 1.000000
9447 -42.768745 -71.647232 5.239717 1.000000
9448 -40.084351 -70.229027 4.056376 1.000000
9449 -39.721878 -67.458420 1.470227 1.000000
9450 -41.830097 -64.186295 0.763420 1.000000
9451 -44.830036 -62.383259 0.151044 1.000000
9452 -48.019882 -60.832924 -0.226452 1.000000
9453 -45.894741 -60.873100 3.283667 1.000000
9454 -48.315929 -60.127922 1.353802 1.000000
9455 -51.284676 -60.325905 -0.309813 1.000000
9476 -47.531441 -63.766090 10.904030 1.000000
9477 -50.082325 -64.323708 10.103727 1.000000
9478 -52.402210 -64.116760 9.235209 1.000000
9479 -54.498070 -62.684010 7.710376 1.000000
9480 -54.261406 -59.146660 7.551010 1.000000
9481 -56.256306 -60.820698 7.515984 1.000000
9482 -56.569679 -61.378471 5.963349 1.000000
10003 -41.989803 -80.463150 -2.603904 1.000000
10004 -41.621372 -82.331619 -5.045224 1.000000
10007 -43.863731 -81.174484 -9.900533 1.000000
10008 -43.783989 -79.824417 -11.084026 1.000000
10014 -45.287670 -72.520355 -6.084726 1.000000
10015 -44.918167 -74.337868 -7.952892 1.000000
10016 -44.083412 -76.523087 -9.541326 1.000000
10814 -43.878769 -76.239670 13.284386 1.000000
10815 -45.032219 -76.417068 12.434178 1.000000
10816 -45.168610 -75.886574 13.683380 1.000000
10817 -43.831093 -63.881554 9.985727 1.000000
10818 -43.724663 -64.200958 9.564947 1.000000
10819 -44.816765 -63.831837 9.593907 1.000000
10820 -45.995617 -63.745716 9.057553 1.000000
10821 -46.006229 -63.821846 9.784088 1.000000
10855 -43.679577 -76.200737 15.480261 1.000000
10856 -42.409813 -76.802315 14.767328 1.000000
10857 -42.991554 -76.389908 13.929489 1.000000
10858 -42.384743 -76.518211 12.597943 1.000000
10973 -39.992714 -70.117920 0.189981 1.000000
10974 -40.374454 -70.891830 -0.663647 1.000000
10975 -40.597343 -69.098808 -1.087665 1.000000
11420 -42.059105 -65.924629 15.623846 1.000000
11573 -49.564980 -62.309731 -1.736545 1.000000
11574 -49.325199 -63.244678 -2.323128 1.000000
11575 -50.771912 -63.092064 -2.395847 1.000000
12767 -48.534576 -75.549088 6.978610 1.000000
12768 -47.809879 -76.762138 6.074684 1.000000
12769 -47.454098 -75.420425 6.182008 1.000000
12770 -46.040009 -75.375206 5.732179 1.000000
12771 -46.593685 -74.246902 6.108631 1.000000
12772 -42.157459 -71.422195 12.059192 1.000000
12773 -43.327595 -72.187195 11.295244 1.000000
12774 -42.624237 -71.252075 10.989432 1.000000
12775 -42.231022 -66.088165 6.314280 1.000000
12776 -42.393665 -67.517456 6.383470 1.000000
12777 -41.768974 -66.355759 5.760583 1.000000
12778 -41.327534 -66.602425 5.236093 1.000000
12779 -41.527679 -65.021217 5.083227 1.000000
12780 -41.755974 -63.819695 4.134274 1.000000
12781 -42.229210 -63.659077 4.708758 1.000000
12782 -51.891418 -60.970467 5.522631 1.000000
12783 -51.362244 -60.176472 4.472855 1.000000
12784 -52.816994 -60.382599 4.683733 1.000000
12785 -53.858814 -59.951439 3.797447 1.000000
12786 -54.293091 -60.613239 4.801649 1.000000
12798 -48.596687 -56.788643 8.419169 1.000000
12799 -47.541435 -56.869141 9.319734 1.000000
12800 -49.037941 -57.883625 9.703170 1.000000
12801 -49.119938 -58.933899 10.927870 1.000000
12802 -50.384541 -58.801422 10.089465 1.000000
12803 -51.610802 -59.820934 10.414275 1.000000
12804 -51.361244 -58.749062 9.190946 1.000000
13238 -43.093044 -82.027794 0.211307 1.000000
13239 -42.924160 -82.526520 -0.404830 1.000000
13240 -42.789371 -81.308273 -0.477169 1.000000
13241 -43.231186 -74.874596 -4.911322 1.000000
13242 -42.717190 -76.439438 -4.910531 1.000000
13243 -43.352661 -75.669617 -5.520977 1.000000
13244 -43.690102 -76.573868 -6.497899 1.000000
13245 -44.145206 -74.863831 -6.035138 1.000000
15164 -42.751007 -79.027977 9.016085 1.000000
15165 -43.810349 -79.755760 8.647331 1.000000
15166 -44.146446 -78.858353 9.549551 1.000000
15167 -46.994801 -76.914879 11.175959 1.000000
15168 -46.829929 -77.779892 10.167665 1.000000
15169 -47.897587 -76.689178 10.298038 1.000000
15170 -48.629257 -76.301758 9.233122 1.000000
15171 -48.532143 -75.483086 10.157412 1.000000
15175 -43.784832 -64.763504 8.501397 1.000000
15176 -43.106140 -65.752151 8.796269 1.000000
15177 -43.646614 -65.089371 7.811792 1.000000
15178 -43.217197 -65.382317 7.298194 1.000000
15179 -43.917591 -64.136917 6.973008 1.000000
15180 -44.431801 -63.379936 6.226953 1.000000
15181 -45.022652 -63.280720 6.836820 1.000000
15182 -48.097778 -63.293835 7.846022 1.000000
15183 -47.638824 -62.725220 7.059409 1.000000
15184 -48.993847 -62.876179 7.254521 1.000000
15185 -49.870953 -62.212334 6.559843 1.000000
15186 -50.325420 -63.144115 7.560241 1.000000
15288 -40.131428 -78.296547 14.210272 1.000000
15289 -40.368221 -79.334511 15.150881 1.000000
15295 -41.697289 -77.500839 10.174753 1.000000
15296 -40.192371 -77.736130 9.543911 1.000000
15297 -41.499554 -78.288010 9.169162 1.000000
15298 -41.151955 -79.080994 8.289905 1.000000
15638 -40.920120 -76.572998 0.851600 1.000000
15639 -41.141422 -77.299026 -0.214892 1.000000
15640 -40.641609 -75.693970 -0.061469 1.000000
15641 -41.521736 -72.284081 -2.211241 1.000000
15642 -41.444016 -73.778931 -1.959950 1.000000
15643 -42.060520 -72.762199 -2.877381 1.000000
15644 -42.624268 -73.173172 -3.606073 1.000000
16965 -44.156250 -73.984138 16.575512 1.000000
16982 -41.856884 -65.006592 13.239141 1.000000
16985 -42.480618 -64.315483 11.294844 1.000000
16986 -42.633602 -63.990162 11.868607 1.000000
17438 -43.530560 -64.189011 -0.968178 1.000000
17439 -43.499336 -64.676231 -1.603193 1.000000
17440 -44.932713 -64.156242 -1.824394 1.000000
17441 -48.688831 -64.421379 -3.345892 1.000000
17442 -47.456272 -64.688911 -3.184955 1.000000
17443 -48.402645 -65.015656 -3.857622 1.000000
17444 -48.195538 -65.515152 -4.226567 1.000000
17445 -49.137440 -65.009911 -4.629074 1.000000
21022 -45.508446 -80.640602 7.315470 1.000000
21023 -44.705112 -81.651917 6.382089 1.000000
21024 -46.012615 -80.699692 6.182449 1.000000
21025 -46.293377 -79.041374 4.377402 1.000000
21026 -46.280540 -80.383202 4.392637 1.000000
21027 -45.548149 -80.039810 3.612991 1.000000
21028 -44.798126 -80.903061 2.855897 1.000000
21029 -44.497173 -79.507996 2.964230 1.000000
21030 -43.289402 -78.772858 2.333117 1.000000
21031 -43.792919 -78.108971 3.241930 1.000000
21032 -42.769157 -74.880844 4.722574 1.000000
21033 -42.084023 -75.623291 3.757892 1.000000
21034 -41.173325 -74.170059 3.947111 1.000000
21035 -40.000446 -73.040298 2.887868 1.000000
21036 -40.259296 -72.532181 3.818507 1.000000
21037 -45.416054 -73.994606 14.464005 1.000000
21038 -46.305199 -74.631866 13.761106 1.000000
21039 -45.842064 -73.914604 13.043390 1.000000
21040 -45.689873 -72.889877 10.171145 1.000000
21041 -46.443180 -73.566765 10.705927 1.000000
21042 -46.789379 -72.932632 9.804385 1.000000
21043 -47.781052 -73.066063 9.394729 1.000000
21044 -46.931274 -72.232887 8.940100 1.000000
21045 -43.144226 -69.102432 9.327315 1.000000
21046 -43.549706 -70.207413 9.467512 1.000000
21047 -44.038868 -69.586998 8.775287 1.000000
21048 -43.698963 -69.908676 6.448518 1.000000
21049 -44.836922 -70.327408 7.273059 1.000000
21050 -44.648956 -70.811516 6.518504 1.000000
21051 -45.803982 -71.642365 6.675313 1.000000
21052 -44.534103 -71.376907 5.991900 1.000000
21053 -44.292671 -72.025642 5.609471 1.000000
21054 -43.251167 -70.882851 5.462303 1.000000
21055 -40.275646 -67.644836 4.188650 1.000000
21056 -40.633984 -69.496323 4.453051 1.000000
21057 -39.838680 -68.283997 3.606693 1.000000
21058 -39.566551 -68.965805 2.942609 1.000000
21059 -39.729427 -66.875114 2.358544 1.000000
21060 -40.484112 -65.579369 1.084121 1.000000
21061 -40.545120 -65.053383 1.988518 1.000000
21062 -43.582405 -62.179649 2.100034 1.000000
21063 -43.316471 -62.647125 1.254183 1.000000
21064 -44.930058 -61.685589 1.000707 1.000000
21065 -46.417328 -61.551300 -0.003298 1.000000
21066 -46.529732 -60.911163 0.655736 1.000000
21067 -45.684521 -61.464405 4.812593 1.000000
21068 -44.886669 -61.527576 4.162905 1.000000
21069 -46.623436 -60.761284 4.086156 1.000000
21070 -50.298759 -59.676704 2.416946 1.000000
21071 -48.713211 -59.988869 2.258848 1.000000
21072 -49.966129 -59.860760 1.488299 1.000000
21073 -49.847500 -60.050964 0.570932 1.000000
21074 -51.464039 -59.852245 0.613191 1.000000
21075 -52.804230 -60.246178 -0.219070 1.000000
21076 -52.895374 -59.764080 0.746160 1.000000
21123 -48.799435 -61.012016 11.643793 1.000000
21125 -48.328636 -62.073631 11.553112 1.000000
21127 -48.796349 -63.423485 11.264086 1.000000
21128 -48.785793 -64.138321 10.573034 1.000000
21129 -50.033638 -63.645130 11.023348 1.000000
21130 -53.405865 -62.131390 10.147980 1.000000
21131 -52.540089 -63.616497 10.209792 1.000000
21132 -53.644093 -63.231148 9.650439 1.000000
21133 -53.400879 -63.490650 8.587506 1.000000
21134 -54.670368 -62.652660 8.779073 1.000000
21135 -52.627960 -56.793476 6.470150 1.000000
21136 -53.017632 -58.135429 7.385820 1.000000
21137 -53.884876 -57.582050 6.583117 1.000000
21138 -56.991016 -58.875816 6.276631 1.000000
21139 -56.154461 -59.445545 6.930028 1.000000
21140 -57.121132 -60.255177 6.786699 1.000000
21141 -56.650024 -61.397808 6.794973 1.000000
21142 -57.636738 -60.726234 6.216937 1.000000
21143 -57.634106 -60.860725 5.390450 1.000000
21387 -38.408375 -84.684212 13.696228 1.000000
22441 -41.746094 -78.562782 -1.874914 1.000000
22442 -42.168629 -79.799911 -1.799716 1.000000
22443 -41.838074 -79.089684 -2.648855 1.000000
22444 -41.729729 -80.166100 -5.578148 1.000000
22445 -41.535336 -80.878014 -4.682950 1.000000
22446 -41.715286 -81.822807 -5.952885 1.000000
22448 -41.834717 -82.681664 -6.925199 1.000000
22450 -42.522724 -81.879898 -7.630309 1.000000
22451 -44.760818 -78.067062 -8.408689 1.000000
22452 -44.194801 -79.989586 -8.803589 1.000000
22453 -44.611153 -79.125824 -9.386958 1.000000
22454 -43.972042 -80.512703 -10.502050 1.000000
22455 -44.301929 -78.626053 -9.986676 1.000000
24074 -43.269222 -77.214203 10.878119 1.000000
24075 -44.437767 -78.032242 10.400400 1.000000
24076 -44.717690 -77.116837 11.289359 1.000000
24077 -46.025116 -76.784744 11.824991 1.000000
24078 -47.083004 -76.072098 12.041554 1.000000
24079 -42.219574 -65.076714 10.439698 1.000000
24081 -42.870605 -64.836205 9.721022 1.000000
24082 -43.739159 -64.442467 9.050770 1.000000
24083 -44.744553 -64.038277 8.305507 1.000000
24084 -45.538364 -63.488976 7.558920 1.000000
24085 -45.903389 -63.701691 8.325750 1.000000
24086 -47.171398 -63.636726 8.468312 1.000000
24087 -48.440960 -63.747673 8.699292 1.000000
24149 -42.257820 -77.355385 15.856583 1.000000
24150 -41.140858 -77.597733 14.595644 1.000000
24151 -40.325249 -77.511353 13.273142 1.000000
24152 -39.620411 -77.474632 11.842402 1.000000
24153 -40.925095 -76.989357 12.185740 1.000000
24154 -41.913033 -76.860817 11.360602 1.000000
24359 -40.179665 -73.501572 0.856315 1.000000
24360 -40.457661 -74.111488 -0.067481 1.000000
24361 -40.486816 -72.548729 -0.198787 1.000000
24362 -40.985195 -71.664841 -1.431238 1.000000
24363 -41.697868 -70.780289 -2.513452 1.000000
25162 -42.222134 -67.176155 16.853807 1.000000
25163 -41.534157 -66.797913 15.698626 1.000000
25165 -41.719551 -66.139374 15.083501 1.000000
25166 -41.811974 -65.433273 14.442766 1.000000
25167 -42.070274 -64.744225 13.851300 1.000000
25439 -46.589634 -63.149250 -1.476487 1.000000
25440 -46.434422 -63.724621 -1.963151 1.000000
25441 -47.823807 -63.439117 -2.163082 1.000000
25442 -49.035099 -63.839264 -2.888208 1.000000
25443 -50.100506 -64.262444 -3.515575 1.000000
27588 -43.010391 -83.389946 4.859874 1.000000
27589 -47.786480 -78.323341 7.117358 1.000000
27590 -47.021797 -79.513596 6.065740 1.000000
27591 -47.702259 -78.171967 6.030999 1.000000
27592 -47.077534 -78.015358 5.201808 1.000000
27593 -45.929317 -77.798668 4.584138 1.000000
27594 -44.431374 -77.435387 4.155703 1.000000
27595 -45.277424 -76.504112 5.015051 1.000000
27596 -44.431877 -75.217392 5.234354 1.000000
27597 -43.421638 -73.818604 5.314736 1.000000
27598 -43.725136 -72.942253 12.825175 1.000000
27599 -45.020184 -73.386391 12.297716 1.000000
27600 -44.117531 -72.889786 11.670735 1.000000
27601 -44.495827 -72.652740 10.637616 1.000000
27602 -44.888020 -72.151245 9.759875 1.000000
27603 -43.564079 -67.852097 7.747562 1.000000
27604 -44.094337 -68.950226 7.907624 1.000000
27605 -43.209545 -68.361168 7.055319 1.000000
27606 -42.907784 -68.766617 6.418455 1.000000
27607 -42.672604 -69.077286 5.853206 1.000000
27608 -42.341148 -69.490967 5.375150 1.000000
27609 -41.620857 -68.137390 5.303701 1.000000
27610 -40.801075 -66.967972 4.700728 1.000000
27611 -40.447060 -65.726372 3.894729 1.000000
27612 -40.855663 -64.533974 2.794320 1.000000
27613 -41.289516 -64.115891 3.501375 1.000000
27614 -42.529827 -62.832176 3.181658 1.000000
27615 -43.930344 -61.860638 2.830049 1.000000
27616 -48.900734 -60.698853 5.022963 1.000000
27617 -48.221836 -60.229145 4.079545 1.000000
27618 -49.829758 -60.119526 4.235409 1.000000
27619 -50.760078 -59.743153 3.356124 1.000000
27620 -51.823803 -59.583729 2.599538 1.000000
27621 -53.091320 -59.582386 1.694979 1.000000
27622 -53.486248 -59.543346 2.696612 1.000000
27650 -47.692081 -58.841949 11.464003 1.000000
27651 -49.059761 -59.991371 11.620384 1.000000
27652 -50.180695 -61.163994 11.387466 1.000000
27653 -50.968548 -62.400036 11.064714 1.000000
27654 -51.480213 -61.047558 11.030374 1.000000
27655 -52.697365 -60.868793 10.414104 1.000000
27656 -53.627960 -60.730568 9.557863 1.000000
27658 -54.670216 -57.067558 5.912023 1.000000
27659 -55.444702 -56.529533 5.057861 1.000000
27808 -37.997334 -83.203857 12.584833 1.000000
28439 -42.621574 -83.033073 -1.304028 1.000000
28440 -42.413677 -82.340477 -2.035885 1.000000
28441 -42.079132 -76.492928 -3.586434 1.000000
28442 -41.729057 -78.262680 -3.516244 1.000000
28443 -42.098034 -77.292114 -4.272322 1.000000
28444 -42.089119 -78.338287 -5.181235 1.000000
28445 -42.443977 -79.359108 -6.411664 1.000000
28446 -42.998245 -80.134430 -7.317547 1.000000
28447 -43.384701 -78.376831 -6.935903 1.000000
28448 -44.341156 -77.268608 -7.422901 1.000000
28449 -44.957153 -76.414787 -8.041774 1.000000
29546 -52.467793 -61.979927 -1.707352 1.000000
29547 -52.125366 -62.872749 -2.279041 1.000000
31214 -41.724953 -80.503006 7.467021 1.000000
31215 -42.473419 -81.386368 6.986433 1.000000
31216 -43.290901 -80.605301 7.805489 1.000000
31217 -44.777088 -80.302383 8.140776 1.000000
31218 -46.141785 -79.514641 8.258737 1.000000
31219 -45.580517 -78.518150 9.933171 1.000000
31220 -46.527859 -78.552956 9.212611 1.000000
31221 -47.368141 -78.462677 8.280681 1.000000
31222 -48.373890 -77.230904 8.281485 1.000000
31223 -48.906231 -75.853104 8.144429 1.000000
31224 -48.772381 -74.569016 7.840945 1.000000
31226 -42.039623 -70.119644 10.840134 1.000000
31229 -42.924843 -67.978333 9.210808 1.000000
31230 -42.425961 -66.248650 9.612686 1.000000
31231 -42.833702 -66.809570 9.081836 1.000000
31232 -43.336620 -67.435005 8.429581 1.000000
31233 -43.148010 -66.680939 7.587183 1.000000
31234 -42.705059 -65.711006 6.815872 1.000000
31235 -42.674103 -64.613647 5.995319 1.000000
31236 -42.863808 -63.509064 5.232418 1.000000
31237 -43.617203 -63.414997 5.704238 1.000000
31238 -44.882637 -62.427193 5.542293 1.000000
31239 -46.390919 -61.693214 5.533723 1.000000
31240 -46.297070 -62.837395 6.905052 1.000000
31241 -47.055786 -62.272545 6.224066 1.000000
31242 -47.930214 -61.368549 5.620418 1.000000
31243 -49.466740 -61.449291 5.823916 1.000000
31244 -50.926613 -61.530926 6.121758 1.000000
31245 -52.329304 -61.712471 6.349881 1.000000
31267 -49.615540 -56.653053 7.622427 1.000000
31268 -50.917480 -57.602699 7.928903 1.000000
31269 -50.549648 -56.468849 7.021379 1.000000
31270 -51.373798 -56.072430 6.397830 1.000000
31271 -52.242889 -55.560974 5.829719 1.000000
31386 -42.304848 -80.119797 17.509619 1.000000
31388 -41.622368 -78.999527 16.391857 1.000000
31398 -39.099171 -77.584335 10.455026 1.000000
31399 -38.807045 -77.984215 9.221637 1.000000
31401 -39.554665 -79.119743 7.676088 1.000000
31402 -40.640160 -79.777718 7.542972 1.000000
31877 -42.466801 -79.661438 0.460120 1.000000
31878 -42.445477 -80.202797 -0.457650 1.000000
31879 -41.910255 -78.889359 -0.324851 1.000000
31880 -41.545055 -78.035912 -1.115785 1.000000
31881 -41.494698 -77.049889 -1.976873 1.000000
31882 -40.847328 -74.737289 -1.008345 1.000000
31883 -41.376656 -75.312294 -2.021940 1.000000
31884 -41.846230 -75.850235 -2.774666 1.000000
31885 -42.527222 -74.936264 -3.573534 1.000000
31886 -43.127007 -73.974800 -4.293880 1.000000
31887 -43.916275 -72.994461 -4.751418 1.000000
33584 -44.705811 -75.556931 16.103994 1.000000
33585 -45.297283 -75.457146 15.050867 1.000000
33586 -44.973694 -74.774071 16.131321 1.000000
33587 -44.860619 -73.975937 15.517027 1.000000
33588 -44.213688 -73.419373 14.705508 1.000000
33591 -43.322903 -72.943832 14.009546 1.000000
33592 -42.460835 -72.246788 13.441113 1.000000
33611 -43.075787 -64.050438 10.525910 1.000000
33612 -44.023521 -63.585827 10.468828 1.000000
33754 -44.229393 -75.801445 16.820675 1.000000
34188 -45.004425 -65.453384 -2.769042 1.000000
34189 -46.280617 -64.371162 -2.535240 1.000000
34190 -46.272842 -65.055992 -2.933419 1.000000
34191 -46.309772 -65.686134 -3.265515 1.000000
34192 -47.289936 -65.860794 -3.843170 1.000000
34193 -47.809216 -65.748985 -4.572983 1.000000
34194 -47.975548 -65.184700 -5.174753 1.000000
34195 -51.801006 -63.506359 -2.941200 1.000000
34196 -51.437550 -63.990639 -3.585013 1.000000
34197 -50.950237 -64.220459 -4.267952 1.000000
34200 -50.152805 -64.309631 -4.819743 1.000000
34201 -49.537296 -64.509216 -5.191399 1.000000
38540 -43.490192 -81.943283 1.125779 1.000000
38541 -43.128548 -82.162369 6.295738 1.000000
38542 -43.892460 -82.590057 5.583468 1.000000
38543 -44.434124 -82.763733 4.821677 1.000000
38544 -46.333965 -80.646561 5.236946 1.000000
38545 -45.604076 -81.688087 4.546192 1.000000
38546 -44.661198 -82.546158 3.850455 1.000000
38547 -44.467304 -82.202408 2.915419 1.000000
38548 -43.998863 -81.520126 2.089086 1.000000
38549 -43.350647 -80.718590 1.266667 1.000000
38550 -42.843094 -79.333267 1.354614 1.000000
38551 -42.026245 -77.695862 1.675807 1.000000
38552 -41.093681 -76.306160 1.830663 1.000000
38553 -42.920631 -76.845924 3.534324 1.000000
38554 -41.489456 -76.027275 2.801532 1.000000
38555 -40.465977 -74.904770 1.901880 1.000000
38556 -40.039665 -73.346359 1.859597 1.000000
38557 -39.709526 -71.646362 1.598964 1.000000
38558 -39.700298 -69.885254 1.159872 1.000000
38559 -46.021465 -75.316238 13.870842 1.000000
38560 -46.898872 -75.260887 12.835635 1.000000
38561 -47.510616 -75.091820 11.794512 1.000000
38562 -46.216377 -73.829109 11.819611 1.000000
38563 -47.256401 -74.303703 11.340815 1.000000
38564 -48.018044 -74.778595 10.810828 1.000000
38565 -48.510193 -74.143478 9.881544 1.000000
38566 -48.560860 -73.597336 8.761563 1.000000
38567 -47.971497 -73.430115 7.409399 1.000000
38568 -43.093498 -70.865463 10.170241 1.000000
38569 -44.196632 -71.201561 9.613219 1.000000
38570 -45.188667 -71.344307 9.127781 1.000000
38571 -44.746956 -69.939697 8.067463 1.000000
38572 -45.490776 -70.777702 8.281008 1.000000
38573 -46.200142 -71.451584 8.582328 1.000000
38574 -46.836201 -71.766449 7.789836 1.000000
38575 -46.899666 -72.510368 6.953086 1.000000
38576 -46.792133 -73.324760 6.431564 1.000000
38577 -45.411629 -73.086716 5.813601 1.000000
38578 -43.871368 -72.809921 5.453512 1.000000
38579 -42.229576 -72.531281 5.076655 1.000000
38580 -41.886169 -70.313049 4.997018 1.000000
38581 -41.263626 -71.121475 4.793316 1.000000
38582 -40.711021 -71.826164 4.459458 1.000000
38583 -39.700073 -70.804085 3.413427 1.000000
38584 -39.506886 -69.453087 2.024431 1.000000
38585 -39.916016 -67.891830 0.575172 1.000000
38586 -40.657810 -66.120018 0.270045 1.000000
38587 -41.929096 -64.763016 -0.001772 1.000000
38588 -43.329624 -63.803528 -0.294719 1.000000
38589 -41.852215 -63.648144 1.597521 1.000000
38590 -43.335182 -63.220695 0.341619 1.000000
38591 -44.868137 -63.149910 -0.580069 1.000000
38592 -46.420990 -62.442055 -0.757928 1.000000
38593 -47.956612 -61.733986 -0.951477 1.000000
38594 -49.577461 -61.282574 -1.117685 1.000000
38595 -43.380859 -62.510918 4.409527 1.000000
38596 -44.360126 -61.646557 3.497046 1.000000
38597 -45.384533 -60.962219 2.526430 1.000000
38598 -47.566223 -60.261749 3.181243 1.000000
38599 -47.006676 -60.387745 2.210722 1.000000
38600 -46.615391 -60.544716 1.336595 1.000000
38601 -48.168591 -60.380810 0.517287 1.000000
38602 -49.726604 -60.440331 -0.378907 1.000000
38603 -51.189499 -61.130993 -1.120494 1.000000
38604 -52.706078 -61.056725 -0.996393 1.000000
38636 -42.870415 -63.706593 12.633555 1.000000
38637 -43.463886 -63.391045 11.812119 1.000000
38638 -44.252724 -63.275810 11.192203 1.000000
38639 -45.156483 -63.385918 10.797737 1.000000
38665 -46.406960 -63.311077 11.217672 1.000000
38666 -46.224072 -63.729431 10.457785 1.000000
38667 -47.390789 -63.982189 10.116057 1.000000
38668 -48.703842 -64.114403 9.630705 1.000000
38669 -49.926254 -64.114548 9.081663 1.000000
38670 -51.345146 -63.751190 10.630496 1.000000
38671 -51.268871 -64.367165 9.680583 1.000000
38672 -50.877262 -63.958721 8.578221 1.000000
38673 -51.931969 -63.572205 8.010350 1.000000
38674 -52.922997 -62.742699 7.367467 1.000000
38675 -53.970325 -61.951942 6.670773 1.000000
38676 -52.166187 -58.566650 8.286890 1.000000
38677 -53.331177 -59.506786 8.521585 1.000000
38678 -54.519264 -60.548920 8.645115 1.000000
38679 -55.018288 -58.544395 6.759421 1.000000
38680 -55.353138 -60.060616 7.671834 1.000000
38681 -55.484642 -61.305340 8.493088 1.000000
38682 -55.762768 -61.987511 7.782365 1.000000
38683 -55.537285 -61.859486 6.730069 1.000000
38684 -55.017570 -61.271992 5.726257 1.000000
38685 -56.109428 -60.881580 4.970671 1.000000
38686 -57.101788 -60.496513 4.346305 1.000000
40243 -42.493237 -80.535522 -1.079867 1.000000
40244 -42.402779 -80.912979 -1.797739 1.000000
40245 -42.123291 -81.827904 -2.842663 1.000000
40246 -41.687874 -79.852417 -3.481562 1.000000
40247 -41.834869 -81.320656 -3.673505 1.000000
40255 -43.386433 -80.935493 -8.225920 1.000000
40269 -44.417587 -72.254135 -4.993639 1.000000
40278 -44.752163 -73.179886 -5.636660 1.000000
40279 -44.941711 -74.112289 -6.623856 1.000000
40280 -45.136066 -74.714317 -7.700609 1.000000
40281 -44.893120 -75.833122 -8.467798 1.000000
40283 -44.422192 -75.436295 -8.604412 1.000000
40284 -44.430107 -76.900352 -9.292814 1.000000
40285 -44.154171 -78.002197 -10.374711 1.000000
40286 -43.673908 -79.092766 -11.550802 1.000000
