#!ascii label, from cvs_avg35 to fsaverage6
240
40 -42.706799 -64.533676 -18.899384 1.000000
155 -48.957649 -41.385063 -23.888966 1.000000
156 -35.582481 -43.868752 -21.852797 1.000000
353 -38.799530 -53.531506 -19.971792 1.000000
622 -43.014366 -38.955524 -21.489864 1.000000
833 -41.119373 -58.616219 -20.442507 1.000000
1389 -42.162334 -42.396881 -17.097248 1.000000
1390 -45.982727 -39.462524 -22.232571 1.000000
1418 -34.621155 -38.101902 -23.801525 1.000000
2499 -43.593071 -56.050438 -19.435644 1.000000
2500 -41.531830 -50.915318 -19.505280 1.000000
2501 -39.637589 -45.260418 -19.790905 1.000000
2502 -40.696892 -40.984169 -23.454611 1.000000
2504 -43.179832 -36.031605 -22.596087 1.000000
2505 -39.215927 -37.078156 -22.323050 1.000000
2751 -39.603954 -65.392685 -17.556911 1.000000
2752 -39.111492 -62.345631 -17.761852 1.000000
2753 -42.415985 -61.336353 -19.844513 1.000000
3309 -46.193890 -40.560966 -19.718075 1.000000
3310 -47.436409 -40.238308 -23.215916 1.000000
3338 -35.073593 -41.169384 -22.758615 1.000000
3938 -37.706764 -51.204811 -19.717026 1.000000
5604 -42.964256 -53.224609 -19.859285 1.000000
5605 -41.538040 -49.537971 -17.389452 1.000000
5606 -42.519032 -40.184353 -19.132853 1.000000
5607 -40.673294 -43.548683 -18.416010 1.000000
5608 -41.096680 -41.255531 -20.314247 1.000000
5609 -40.179779 -42.970161 -21.855587 1.000000
5610 -41.772179 -39.784752 -22.414139 1.000000
5616 -43.280960 -33.689835 -21.758196 1.000000
5617 -41.385590 -36.315540 -22.016891 1.000000
5618 -41.188187 -34.127102 -22.360828 1.000000
5687 -35.037998 -40.592865 -17.425938 1.000000
6106 -38.159172 -59.663727 -17.892988 1.000000
6107 -39.851360 -56.076496 -20.343357 1.000000
7107 -41.706245 -45.238232 -15.744840 1.000000
7108 -44.138584 -41.873653 -16.521572 1.000000
7109 -44.409340 -40.036854 -18.954981 1.000000
7110 -44.628700 -38.914665 -21.388340 1.000000
10025 -43.005157 -66.959915 -16.460039 1.000000
10026 -44.158394 -63.974255 -17.856825 1.000000
10052 -43.670082 -59.800556 -17.902094 1.000000
10053 -44.221718 -60.207680 -19.869953 1.000000
10054 -43.297581 -57.188892 -20.869665 1.000000
10055 -42.156944 -54.555634 -21.181211 1.000000
10056 -41.020626 -52.078857 -21.009823 1.000000
10057 -40.708336 -46.593975 -17.415956 1.000000
10058 -40.257626 -48.316566 -18.934093 1.000000
10059 -39.667675 -49.789017 -20.421301 1.000000
10060 -38.766510 -47.071217 -21.075377 1.000000
10061 -38.756741 -44.860218 -22.439548 1.000000
10062 -38.593758 -42.677162 -23.316057 1.000000
10063 -47.389069 -38.473644 -25.318115 1.000000
10064 -45.852898 -38.087776 -24.653820 1.000000
10065 -44.747074 -37.655891 -23.634981 1.000000
10067 -44.640793 -35.726242 -24.165712 1.000000
10068 -43.483616 -37.696953 -22.894480 1.000000
10069 -41.734180 -38.124653 -22.521973 1.000000
10070 -39.950596 -39.374977 -22.697006 1.000000
10071 -37.705269 -40.550583 -23.130220 1.000000
10072 -37.242386 -37.696190 -23.497196 1.000000
10431 -41.308521 -64.878319 -18.437107 1.000000
10432 -41.165752 -63.206921 -18.730022 1.000000
10433 -42.640186 -62.914558 -19.410805 1.000000
10984 -50.005386 -42.182182 -24.175640 1.000000
10988 -48.470985 -41.436028 -22.313915 1.000000
10989 -47.751255 -40.878738 -22.001171 1.000000
10990 -48.076836 -40.764114 -23.582743 1.000000
11017 -33.761929 -42.319145 -21.778839 1.000000
11018 -35.345192 -42.588661 -22.351282 1.000000
11614 -38.045383 -55.190594 -18.946133 1.000000
11616 -37.483757 -53.836842 -18.762236 1.000000
11617 -37.013214 -52.679359 -18.691324 1.000000
11618 -38.221935 -52.318676 -19.831736 1.000000
13284 -42.156353 -50.874336 -17.668095 1.000000
13285 -41.578037 -48.941563 -16.420170 1.000000
13286 -42.776760 -39.488899 -20.337446 1.000000
13287 -41.737114 -40.619984 -19.639435 1.000000
13288 -42.020199 -39.908924 -20.889402 1.000000
13289 -41.395592 -40.520164 -21.380299 1.000000
13290 -42.427357 -39.324181 -21.920822 1.000000
13297 -42.250465 -33.855701 -21.949234 1.000000
14014 -40.142342 -60.430225 -19.312195 1.000000
14015 -38.617958 -60.977257 -17.867788 1.000000
14016 -39.527729 -59.148426 -19.348757 1.000000
14017 -39.038322 -57.812305 -19.310867 1.000000
14018 -40.414742 -57.309929 -20.403629 1.000000
15686 -46.067291 -39.937462 -21.056400 1.000000
15687 -45.305473 -40.239582 -19.299625 1.000000
15688 -45.316216 -39.645252 -20.544765 1.000000
15689 -44.509022 -39.417252 -20.182978 1.000000
15690 -45.338509 -39.080315 -21.694626 1.000000
15769 -33.330360 -39.335953 -23.244509 1.000000
15771 -33.154716 -37.780804 -24.015644 1.000000
22499 -43.763058 -65.372574 -17.084026 1.000000
22564 -43.002083 -55.992676 -18.294657 1.000000
22565 -42.946648 -57.842567 -17.683109 1.000000
22566 -43.636013 -57.968975 -18.779440 1.000000
22567 -44.189140 -60.002655 -18.971449 1.000000
22568 -44.000908 -58.136852 -19.795488 1.000000
22569 -43.821117 -58.633659 -20.475702 1.000000
22570 -43.682518 -56.462059 -20.257326 1.000000
22571 -42.286140 -51.994728 -19.707886 1.000000
22572 -42.779556 -53.845898 -20.689808 1.000000
22573 -42.221062 -52.681202 -20.639362 1.000000
22574 -41.544716 -53.270477 -21.158133 1.000000
22575 -41.507725 -51.517311 -20.406454 1.000000
22576 -41.917107 -43.761902 -16.354483 1.000000
22577 -41.129860 -46.007301 -16.576664 1.000000
22578 -41.180988 -44.368786 -16.997662 1.000000
22579 -40.134651 -44.355030 -19.019922 1.000000
22580 -40.048672 -45.827587 -18.514297 1.000000
22581 -39.736198 -46.730217 -19.130447 1.000000
22582 -39.983501 -49.057877 -19.627897 1.000000
22583 -39.442856 -47.652359 -19.868481 1.000000
22584 -39.039680 -48.413643 -20.534050 1.000000
22585 -39.206223 -46.142517 -20.526934 1.000000
22586 -40.499313 -41.963505 -22.860168 1.000000
22587 -39.591274 -43.902657 -22.351139 1.000000
22588 -39.831020 -42.766529 -23.196262 1.000000
22589 -38.802746 -43.735695 -23.026632 1.000000
22590 -39.766869 -41.794018 -23.535917 1.000000
22596 -46.207420 -36.961163 -24.857990 1.000000
22597 -45.244209 -37.893909 -24.098928 1.000000
22598 -45.287891 -36.784176 -24.583418 1.000000
22602 -44.121841 -34.664135 -22.921577 1.000000
22603 -44.911430 -34.643913 -23.343128 1.000000
22604 -43.916569 -35.879108 -23.403072 1.000000
22605 -43.993568 -36.798164 -23.487326 1.000000
22606 -43.351597 -36.843113 -22.781651 1.000000
22607 -42.628418 -37.830734 -22.543306 1.000000
22608 -42.499657 -37.015232 -22.320774 1.000000
22609 -40.336067 -36.615589 -22.095905 1.000000
22610 -40.552750 -37.677147 -22.036058 1.000000
22612 -38.949959 -40.032570 -22.938984 1.000000
22613 -38.520668 -38.851978 -22.715179 1.000000
22614 -37.426960 -39.258415 -23.101652 1.000000
22615 -38.263664 -37.547787 -22.818274 1.000000
23385 -39.400585 -63.788799 -17.631861 1.000000
23386 -40.793674 -61.741688 -19.049427 1.000000
23387 -41.884407 -59.931541 -20.248232 1.000000
24388 -47.116150 -40.992348 -20.158577 1.000000
24389 -46.853790 -40.368320 -21.563137 1.000000
24390 -46.686699 -39.836815 -22.798126 1.000000
24439 -33.494911 -40.739925 -22.513409 1.000000
24440 -34.822029 -39.591705 -23.242193 1.000000
25520 -37.119183 -49.950119 -19.642426 1.000000
28497 -54.037941 -48.883812 -20.582043 1.000000
28518 -43.384731 -54.492462 -19.767864 1.000000
28519 -42.917896 -52.616261 -18.935280 1.000000
28520 -42.284439 -51.421104 -18.618458 1.000000
28521 -41.592999 -50.207401 -18.399172 1.000000
28522 -42.329582 -41.164753 -18.038008 1.000000
28523 -41.320690 -42.891338 -17.617428 1.000000
28524 -41.503040 -41.599201 -18.549923 1.000000
28525 -40.782372 -42.299450 -19.192524 1.000000
28526 -40.293530 -43.107491 -19.833477 1.000000
28527 -39.858501 -44.008282 -20.686520 1.000000
28528 -40.595901 -42.054619 -21.014870 1.000000
28529 -40.938251 -41.161911 -22.193396 1.000000
28530 -41.297340 -40.349937 -23.003099 1.000000
28539 -44.187561 -33.545277 -21.882315 1.000000
28540 -43.269432 -34.907490 -22.440918 1.000000
28541 -42.325642 -36.040947 -22.209061 1.000000
28542 -42.183132 -35.069027 -22.237522 1.000000
28543 -41.139565 -35.267754 -22.268274 1.000000
28544 -40.150906 -35.640209 -22.485357 1.000000
28545 -39.223980 -35.942238 -22.825108 1.000000
29605 -37.037392 -61.539814 -16.464277 1.000000
29607 -37.637535 -58.393970 -17.790663 1.000000
29608 -38.607109 -56.546227 -19.134398 1.000000
29609 -39.334858 -54.781330 -20.199011 1.000000
31941 -41.613087 -46.883057 -15.402840 1.000000
31943 -42.784683 -43.389244 -15.753964 1.000000
31944 -43.107567 -42.072472 -16.684805 1.000000
31945 -45.344879 -40.943218 -18.020634 1.000000
31946 -44.282814 -40.855682 -17.709759 1.000000
31947 -43.313820 -40.924770 -17.757833 1.000000
31948 -43.442284 -40.034996 -18.882013 1.000000
31949 -43.641602 -39.315155 -20.200809 1.000000
31950 -43.791183 -38.813404 -21.222265 1.000000
34242 -48.710140 -40.452385 -25.076824 1.000000
40311 -42.502983 -69.152390 -16.823357 1.000000
40312 -42.969707 -67.555092 -17.344408 1.000000
40314 -43.605953 -64.465408 -18.636818 1.000000
40391 -42.858055 -59.503124 -16.694599 1.000000
40392 -43.600113 -61.324787 -16.816736 1.000000
40393 -44.165035 -61.794106 -17.870415 1.000000
40394 -44.175190 -62.207314 -18.934372 1.000000
40395 -43.684856 -62.350502 -19.556009 1.000000
40396 -43.549847 -60.696575 -20.162197 1.000000
40397 -43.073723 -59.259327 -20.697073 1.000000
40398 -42.374466 -57.856171 -20.966497 1.000000
40399 -43.310928 -55.067741 -20.525049 1.000000
40400 -42.755447 -55.804070 -21.089556 1.000000
40401 -41.658249 -56.528999 -20.974976 1.000000
40402 -41.019646 -55.230858 -21.118937 1.000000
40403 -40.491737 -54.022377 -21.050365 1.000000
40404 -40.060219 -52.867664 -20.931316 1.000000
40405 -41.277706 -47.496075 -16.363499 1.000000
40406 -41.037407 -48.146492 -17.302029 1.000000
40407 -40.903862 -48.907707 -18.290718 1.000000
40408 -40.614986 -45.069382 -17.751371 1.000000
40409 -40.372101 -47.330532 -18.286169 1.000000
40410 -40.882103 -49.687340 -19.276102 1.000000
40411 -40.788525 -50.391987 -20.025761 1.000000
40412 -40.396278 -50.968719 -20.683203 1.000000
40413 -39.422047 -51.705330 -20.649170 1.000000
40414 -38.716351 -50.543129 -20.446096 1.000000
40415 -38.190773 -49.239338 -20.469091 1.000000
40416 -37.803261 -47.883232 -20.825109 1.000000
40417 -39.321434 -44.889244 -21.373964 1.000000
40418 -38.721500 -45.928104 -21.761717 1.000000
40419 -37.547863 -46.816246 -21.232523 1.000000
40420 -37.480034 -45.697868 -21.794395 1.000000
40421 -37.354240 -44.637909 -22.281034 1.000000
40422 -37.124004 -43.512398 -22.653049 1.000000
40423 -47.841736 -39.883698 -24.833721 1.000000
40424 -47.158363 -39.462639 -24.425211 1.000000
40425 -46.555443 -39.256092 -24.072592 1.000000
40427 -46.710449 -38.279343 -25.106699 1.000000
40428 -45.915905 -38.876713 -23.497406 1.000000
40430 -44.718887 -38.333817 -22.522053 1.000000
40431 -43.994530 -38.305313 -22.337856 1.000000
40437 -45.595787 -35.646191 -24.357967 1.000000
40438 -44.551640 -36.862083 -24.235279 1.000000
40439 -44.077248 -37.585190 -23.227859 1.000000
40440 -43.303013 -38.427986 -22.536762 1.000000
40441 -42.642265 -38.605724 -22.568537 1.000000
40442 -41.969765 -38.953880 -22.844709 1.000000
40443 -41.240215 -39.416069 -23.008362 1.000000
40444 -41.585297 -37.255379 -22.094309 1.000000
40445 -40.869461 -38.555809 -22.484936 1.000000
40446 -40.389408 -40.168427 -23.267702 1.000000
40447 -39.415672 -40.953510 -23.378809 1.000000
40448 -38.209442 -41.612034 -23.304676 1.000000
40449 -36.757988 -42.187408 -22.914845 1.000000
40450 -36.424500 -40.748795 -23.140221 1.000000
40451 -36.157799 -39.460751 -23.411848 1.000000
40452 -35.990685 -38.062233 -23.864964 1.000000
