#!ascii label, from cvs_avg35 to fsaverage6
1650
6 -36.337963 -85.400948 -2.178370 1.000000
88 -42.375175 -81.927849 -13.346827 1.000000
130 -44.391327 -75.948059 14.787372 1.000000
131 -40.213596 -68.239998 -0.288866 1.000000
132 -44.890396 -63.680519 10.138415 1.000000
154 -47.711727 -58.552013 -7.824341 1.000000
208 -39.654655 -87.355881 -7.786502 1.000000
285 -41.551132 -70.408524 11.812882 1.000000
298 -42.192219 -79.216553 21.258146 1.000000
338 -51.050323 -62.125568 -1.743101 1.000000
339 -47.481049 -65.120621 -5.347563 1.000000
340 -53.838936 -58.627178 -7.575503 1.000000
446 -39.419304 -75.649696 -15.124250 1.000000
550 -40.906830 -81.081581 6.551770 1.000000
551 -42.923531 -80.955971 0.280468 1.000000
552 -47.905769 -74.393044 6.766914 1.000000
553 -42.030560 -64.848770 5.567386 1.000000
554 -53.320324 -61.120552 5.684470 1.000000
556 -50.045238 -57.764946 8.768163 1.000000
565 -32.745697 -78.632370 16.681274 1.000000
566 -36.325356 -86.945305 14.733866 1.000000
567 -35.628998 -81.779884 9.830786 1.000000
616 -43.976276 -74.001472 -5.373937 1.000000
617 -39.839222 -69.905128 -6.939293 1.000000
618 -40.812969 -60.097431 -11.132138 1.000000
686 -30.335617 -89.494362 -5.356075 1.000000
687 -32.168068 -91.015930 -8.048618 1.000000
688 -38.280186 -87.476692 -4.787707 1.000000
819 -54.031555 -61.770210 -4.495386 1.000000
829 -35.676964 -73.070374 -16.306126 1.000000
832 -34.766933 -61.123589 -15.476224 1.000000
833 -41.119373 -58.616219 -20.442507 1.000000
982 -35.685642 -80.886620 -14.106674 1.000000
983 -40.002163 -79.182617 -13.382498 1.000000
1214 -43.003609 -78.073830 9.897263 1.000000
1215 -46.716179 -79.603149 7.211967 1.000000
1216 -47.820480 -75.826942 11.157022 1.000000
1217 -41.684486 -65.898422 10.783490 1.000000
1218 -43.646713 -68.586006 8.659665 1.000000
1219 -44.412880 -64.043991 7.599008 1.000000
1220 -47.332298 -60.899342 4.863194 1.000000
1221 -49.408012 -63.557465 8.133925 1.000000
1226 -44.673313 -53.590191 8.535337 1.000000
1228 -53.468269 -56.305916 5.871519 1.000000
1253 -35.099525 -82.914536 16.274273 1.000000
1254 -37.132698 -84.922325 20.846828 1.000000
1255 -43.232708 -77.325752 18.144749 1.000000
1256 -39.844570 -81.981094 15.438327 1.000000
1257 -39.273277 -78.098236 12.913811 1.000000
1258 -37.058311 -78.884254 7.725834 1.000000
1373 -40.380493 -75.077103 0.935593 1.000000
1374 -41.726547 -77.617920 -2.722741 1.000000
1375 -42.185375 -71.366570 -3.153856 1.000000
1376 -47.800285 -62.208275 -6.480615 1.000000
1377 -43.520325 -65.278801 -4.734588 1.000000
1378 -42.091297 -61.826946 -5.327158 1.000000
1379 -39.254581 -65.265450 -8.880384 1.000000
1380 -42.391655 -58.190350 -6.674836 1.000000
1526 -41.579845 -84.825241 -10.823277 1.000000
1664 -42.469238 -73.556648 18.175819 1.000000
1665 -44.623749 -73.424232 13.523082 1.000000
1666 -40.983456 -70.219673 16.992714 1.000000
1667 -41.062561 -67.113388 15.081642 1.000000
1668 -42.195259 -64.354874 12.767693 1.000000
1688 -39.146606 -81.540749 23.883028 1.000000
1689 -39.930485 -75.485855 26.065130 1.000000
1690 -41.077728 -74.437286 22.391098 1.000000
1760 -45.025463 -63.580219 -1.205476 1.000000
1761 -45.122948 -66.247543 -3.198940 1.000000
1762 -49.573219 -64.661880 -4.097705 1.000000
1763 -51.222313 -62.509155 -6.281418 1.000000
1764 -52.123280 -60.413719 -9.396987 1.000000
1999 -35.418602 -77.063965 -14.072322 1.000000
2000 -41.503399 -71.186295 -17.279749 1.000000
2290 -38.042854 -84.059067 2.210320 1.000000
2291 -41.342640 -85.436440 -0.314116 1.000000
2292 -43.498970 -83.518669 4.031939 1.000000
2293 -45.156204 -78.706039 3.778867 1.000000
2294 -41.708202 -73.426163 4.806546 1.000000
2295 -45.981503 -72.181381 9.414038 1.000000
2296 -43.479393 -70.224098 5.894423 1.000000
2297 -39.947632 -66.302559 3.226924 1.000000
2298 -45.095917 -61.270283 1.751232 1.000000
2299 -51.578846 -59.672791 1.626944 1.000000
2305 -44.939384 -57.821693 11.673141 1.000000
2306 -49.680290 -62.362144 11.316854 1.000000
2307 -54.443726 -61.761852 9.395625 1.000000
2336 -29.476543 -81.637207 12.415277 1.000000
2337 -31.469898 -86.298805 12.308125 1.000000
2339 -39.963531 -84.153183 17.562641 1.000000
2340 -36.679195 -86.260666 11.181244 1.000000
2482 -41.990345 -83.157127 -3.370310 1.000000
2483 -42.224487 -81.050949 -6.710489 1.000000
2484 -44.724251 -77.411926 -8.889872 1.000000
2485 -45.599827 -68.443283 -4.805061 1.000000
2486 -43.971886 -71.451164 -6.384716 1.000000
2487 -42.597225 -76.232567 -9.903338 1.000000
2488 -39.257698 -73.635254 -10.592112 1.000000
2489 -40.858635 -68.201797 -13.320307 1.000000
2490 -43.300087 -62.710560 -15.877558 1.000000
2493 -53.949818 -58.155914 -13.458692 1.000000
2495 -54.344421 -54.037422 -18.423218 1.000000
2496 -48.820892 -54.838875 -11.176023 1.000000
2497 -43.268391 -53.089935 -9.774210 1.000000
2498 -41.243618 -54.794708 -14.344528 1.000000
2606 -33.487816 -86.695389 -4.222146 1.000000
2607 -34.338898 -87.969162 -5.536037 1.000000
2608 -37.336895 -86.135864 -3.538342 1.000000
2751 -39.603954 -65.392685 -17.556911 1.000000
2752 -39.111492 -62.345631 -17.761852 1.000000
2901 -39.452866 -83.803909 -14.856924 1.000000
2902 -38.522514 -82.247322 -14.152435 1.000000
2903 -41.510384 -80.626495 -13.640886 1.000000
3134 -43.554726 -76.601318 11.964573 1.000000
3135 -45.810555 -77.675125 10.882835 1.000000
3136 -46.185585 -75.966980 12.766989 1.000000
3137 -42.931381 -64.400871 10.116445 1.000000
3138 -42.916656 -65.247185 9.309087 1.000000
3139 -44.814079 -63.959145 8.997969 1.000000
3140 -46.781467 -63.272514 7.671484 1.000000
3141 -47.235237 -63.820854 9.282112 1.000000
3175 -43.394207 -76.591873 16.314930 1.000000
3176 -41.230263 -78.266937 15.553241 1.000000
3177 -41.548126 -76.829552 13.460213 1.000000
3178 -40.450859 -77.245300 10.815337 1.000000
3293 -40.057381 -71.846703 0.623472 1.000000
3294 -40.949875 -73.154503 -1.106688 1.000000
3295 -41.077324 -69.976585 -1.788676 1.000000
3296 -47.964375 -60.171783 -6.984220 1.000000
3297 -45.327446 -61.512440 -5.853023 1.000000
3298 -45.074608 -59.728718 -6.290404 1.000000
3299 -42.217068 -60.202721 -5.931806 1.000000
3300 -45.205681 -58.073536 -6.753138 1.000000
3499 -36.441257 -89.759735 -8.135624 1.000000
3501 -37.178940 -88.758507 -9.141359 1.000000
3503 -40.688232 -86.215904 -9.066617 1.000000
3735 -41.469296 -72.119522 17.388241 1.000000
3738 -42.144997 -67.723602 17.490818 1.000000
3739 -42.132603 -66.531250 16.201260 1.000000
3740 -41.627296 -65.689224 13.866488 1.000000
3778 -41.796661 -74.040016 20.330166 1.000000
3893 -48.055374 -62.664604 -1.560619 1.000000
3894 -47.639015 -64.048416 -2.655674 1.000000
3895 -50.475391 -63.740387 -2.909304 1.000000
3896 -53.676880 -60.045544 -5.791540 1.000000
3897 -52.727257 -62.069031 -5.345196 1.000000
3898 -53.095192 -61.249962 -7.069360 1.000000
3899 -51.531128 -61.846596 -8.085344 1.000000
3900 -53.377876 -60.203369 -8.965357 1.000000
3932 -30.685247 -66.621689 -11.085086 1.000000
3935 -33.496746 -58.854881 -15.722731 1.000000
4384 -37.683514 -78.272827 -14.698692 1.000000
4385 -35.476204 -78.891487 -13.305613 1.000000
4386 -37.450294 -76.549866 -15.824977 1.000000
4387 -37.906403 -74.774368 -16.701527 1.000000
4388 -40.205544 -73.869774 -16.570127 1.000000
5084 -39.494537 -82.535416 4.318069 1.000000
5085 -40.808582 -84.233231 3.418995 1.000000
5086 -42.359989 -82.940086 5.429911 1.000000
5087 -48.375565 -76.956757 7.042819 1.000000
5088 -46.953213 -79.370193 5.134437 1.000000
5089 -46.740429 -76.626884 5.440233 1.000000
5090 -43.641918 -76.146187 4.443597 1.000000
5091 -45.033039 -74.056290 5.666568 1.000000
5092 -42.779602 -72.323257 12.313332 1.000000
5093 -45.390816 -73.280159 11.163852 1.000000
5094 -43.749622 -71.867722 10.357592 1.000000
5095 -42.830460 -67.065712 6.984160 1.000000
5096 -43.985802 -69.407852 7.090346 1.000000
5097 -42.040779 -67.787819 5.835523 1.000000
5098 -41.162239 -68.689499 4.867091 1.000000
5099 -41.037697 -65.310806 4.501822 1.000000
5100 -42.109856 -63.193829 2.367090 1.000000
5101 -42.903633 -62.639168 3.809761 1.000000
5102 -50.427719 -60.770458 5.277816 1.000000
5103 -49.227955 -59.837025 3.201316 1.000000
5104 -52.292072 -59.777729 3.571376 1.000000
5105 -54.566967 -59.586693 1.905306 1.000000
5106 -55.318859 -60.254784 4.011865 1.000000
5118 -47.221313 -55.782837 8.139884 1.000000
5119 -44.920326 -56.041222 9.875586 1.000000
5120 -47.775780 -57.973122 10.566364 1.000000
5121 -47.645016 -59.826324 11.834691 1.000000
5122 -50.442265 -59.938927 11.130893 1.000000
5123 -52.199574 -62.336590 10.710688 1.000000
5124 -52.603832 -59.815746 9.496211 1.000000
5193 -32.997108 -77.892822 20.207226 1.000000
5195 -31.465551 -76.292030 17.693708 1.000000
5197 -30.384119 -77.863968 14.596222 1.000000
5198 -28.535303 -79.710526 12.779424 1.000000
5199 -31.576717 -79.686195 14.057881 1.000000
5200 -35.577152 -85.063858 15.864471 1.000000
5201 -33.290947 -84.107620 13.847239 1.000000
5202 -34.060944 -86.523422 13.461660 1.000000
5203 -32.369343 -88.639313 12.526670 1.000000
5204 -34.692520 -88.612686 12.667274 1.000000
5205 -41.029659 -80.337204 22.759123 1.000000
5206 -39.885933 -83.003876 20.963734 1.000000
5207 -41.592781 -81.849113 19.476992 1.000000
5208 -37.736389 -82.139999 12.342314 1.000000
5209 -38.173996 -83.980179 13.035284 1.000000
5210 -36.077156 -84.232376 10.222979 1.000000
5211 -34.224266 -86.291092 8.936579 1.000000
5212 -33.631420 -83.984398 8.146294 1.000000
5214 -33.442059 -81.860794 7.723923 1.000000
5215 -38.931667 -79.694107 6.803013 1.000000
5216 -35.588371 -79.929031 5.423213 1.000000
5217 -37.545933 -81.057037 4.690084 1.000000
5218 -35.855225 -82.951256 2.476761 1.000000
5558 -42.960056 -83.207451 0.258164 1.000000
5559 -42.131176 -84.355782 -1.866185 1.000000
5560 -42.747719 -81.682693 -0.989095 1.000000
5561 -42.691662 -75.617050 -4.212068 1.000000
5562 -41.621372 -79.186012 -4.364166 1.000000
5563 -42.872543 -77.452995 -5.875155 1.000000
5564 -44.008949 -79.061493 -7.806838 1.000000
5565 -44.563507 -75.626694 -7.077295 1.000000
5566 -47.046547 -66.115234 -4.272334 1.000000
5567 -45.295986 -67.506844 -4.068829 1.000000
5568 -46.444511 -66.559479 -4.827948 1.000000
5569 -41.090240 -67.126221 -5.316300 1.000000
5570 -43.029625 -68.401512 -5.233615 1.000000
5571 -41.720840 -70.952637 -6.573784 1.000000
5572 -43.265564 -73.922958 -8.089471 1.000000
5573 -41.327148 -73.838882 -8.074321 1.000000
5574 -40.773598 -75.572403 -10.158461 1.000000
5575 -39.612335 -72.528244 -8.712384 1.000000
5576 -40.414375 -62.593170 -10.039386 1.000000
5577 -39.944778 -66.943024 -11.290088 1.000000
5578 -41.440361 -63.887379 -12.485759 1.000000
5579 -42.140312 -65.533508 -14.631433 1.000000
5580 -41.874317 -61.562244 -13.628070 1.000000
5593 -54.421333 -50.524681 -20.002676 1.000000
5595 -51.432091 -54.738037 -15.085538 1.000000
5597 -45.957184 -53.631458 -9.851000 1.000000
5602 -42.325485 -55.860840 -17.147181 1.000000
5842 -28.619930 -92.576103 -4.865933 1.000000
5843 -28.761585 -93.062752 -6.775287 1.000000
5844 -31.014303 -90.111107 -6.669369 1.000000
5845 -35.475868 -89.234718 -6.733160 1.000000
5846 -39.065807 -87.853073 -6.408453 1.000000
6080 -53.786407 -61.764271 -1.619375 1.000000
6081 -53.000183 -63.025604 -2.995656 1.000000
6082 -54.832775 -61.198689 -3.380608 1.000000
6104 -32.018730 -65.301468 -15.788386 1.000000
6105 -35.546577 -63.713051 -15.632658 1.000000
6106 -38.159172 -59.663727 -17.892988 1.000000
6376 -37.736000 -80.010056 -13.795713 1.000000
6377 -39.118187 -77.249489 -13.713385 1.000000
6794 -42.346378 -79.824463 8.170408 1.000000
6795 -43.976421 -81.291977 7.217749 1.000000
6796 -45.265053 -79.295067 9.060346 1.000000
6797 -47.712612 -77.546524 9.264783 1.000000
6798 -49.053951 -74.859283 9.139090 1.000000
6799 -41.036064 -67.989609 11.360399 1.000000
6800 -42.501575 -69.641922 10.027943 1.000000
6801 -42.185921 -67.366013 9.717798 1.000000
6802 -43.199139 -66.246407 8.220198 1.000000
6803 -43.315311 -64.409805 6.513307 1.000000
6804 -44.078201 -62.369373 5.000400 1.000000
6805 -45.720081 -62.549488 6.160914 1.000000
6806 -48.491032 -62.185753 6.430423 1.000000
6807 -51.275707 -62.451576 6.880563 1.000000
6817 -49.199833 -55.565186 6.836289 1.000000
6818 -51.764271 -57.277782 7.179787 1.000000
6819 -50.962067 -54.767883 5.765264 1.000000
6862 -34.065086 -80.081924 19.594387 1.000000
6863 -34.290634 -80.601524 16.537741 1.000000
6864 -35.422421 -81.950821 19.545492 1.000000
6865 -36.377083 -84.197655 18.877707 1.000000
6866 -37.409454 -85.502975 17.743389 1.000000
6867 -43.055058 -78.088791 19.710979 1.000000
6868 -42.368767 -80.578133 18.174629 1.000000
6869 -42.015282 -79.645210 16.955360 1.000000
6870 -39.383728 -80.263916 14.365293 1.000000
6871 -37.274796 -79.671402 11.770488 1.000000
6872 -35.640099 -79.652061 9.080049 1.000000
6873 -37.942253 -78.011658 10.207424 1.000000
6874 -39.936077 -78.382278 8.573514 1.000000
7079 -41.761059 -78.146042 0.671889 1.000000
7080 -42.045696 -79.430862 -1.146156 1.000000
7081 -41.042439 -76.393158 -1.073597 1.000000
7082 -42.037151 -74.275574 -2.755870 1.000000
7083 -43.370544 -72.258408 -4.240444 1.000000
7084 -47.802834 -63.727489 -5.974143 1.000000
7085 -46.052464 -65.045090 -5.312821 1.000000
7086 -45.604240 -63.395763 -5.557347 1.000000
7087 -42.582714 -63.517048 -4.970037 1.000000
7088 -40.037434 -65.427704 -5.868429 1.000000
7089 -38.947918 -67.811211 -7.839572 1.000000
7090 -39.938046 -63.437645 -6.513362 1.000000
7091 -40.380047 -61.317047 -7.479074 1.000000
7092 -40.621307 -58.973106 -8.545265 1.000000
7400 -42.307575 -83.298973 -12.398883 1.000000
7724 -44.351250 -74.724861 17.030966 1.000000
7725 -45.703941 -74.806831 15.044485 1.000000
7726 -43.684990 -73.417885 15.785772 1.000000
7727 -42.223793 -72.172012 14.580217 1.000000
7728 -40.988522 -70.456947 14.188471 1.000000
7731 -40.573341 -68.424744 13.549227 1.000000
7732 -41.063148 -66.524223 12.617763 1.000000
7733 -41.973854 -64.976654 11.747824 1.000000
7734 -43.243492 -63.763721 11.070997 1.000000
7780 -39.529747 -78.316689 24.747156 1.000000
7781 -40.619881 -77.555069 23.682192 1.000000
7783 -40.451946 -74.738304 24.396183 1.000000
7784 -41.483490 -76.760147 22.167641 1.000000
7785 -42.577629 -76.044266 20.439447 1.000000
7786 -43.172302 -75.404076 18.719135 1.000000
7946 -42.138500 -65.050995 -0.730192 1.000000
7947 -42.406944 -66.534851 -2.102311 1.000000
7948 -44.923759 -64.740616 -2.358387 1.000000
7949 -47.371544 -65.367744 -3.533144 1.000000
7950 -48.489758 -65.222595 -4.887499 1.000000
7951 -52.164925 -63.568104 -4.242409 1.000000
7952 -50.660301 -63.753380 -5.308545 1.000000
7953 -49.116608 -63.860706 -5.942347 1.000000
7954 -49.609482 -62.699669 -6.704193 1.000000
7955 -49.929390 -60.970818 -7.644773 1.000000
7956 -50.292831 -59.314972 -8.979926 1.000000
8004 -31.118017 -62.985035 -15.925644 1.000000
8578 -33.009674 -80.287697 -11.895160 1.000000
8579 -33.239056 -77.976768 -12.351156 1.000000
8580 -35.352531 -75.535934 -15.403084 1.000000
8581 -38.959290 -72.329086 -17.476860 1.000000
8582 -42.301682 -68.013657 -17.973476 1.000000
9431 -38.971874 -86.041672 -0.985799 1.000000
9432 -39.457794 -85.515274 1.156879 1.000000
9433 -42.045132 -84.852089 1.809230 1.000000
9434 -43.706078 -82.810097 2.060570 1.000000
9435 -45.289989 -81.786194 5.440701 1.000000
9436 -45.366676 -81.365501 3.651971 1.000000
9437 -43.912304 -80.164612 2.126187 1.000000
9438 -42.378090 -77.274750 2.635332 1.000000
9439 -40.745956 -74.661522 2.894367 1.000000
9440 -39.557510 -71.333672 2.529025 1.000000
9441 -46.816898 -74.460419 12.447908 1.000000
9442 -47.502800 -73.768555 10.305930 1.000000
9443 -47.729446 -72.620987 8.233521 1.000000
9444 -44.553589 -70.474304 8.908886 1.000000
9445 -45.827888 -71.037796 7.446632 1.000000
9446 -45.665661 -72.325829 6.165740 1.000000
9447 -42.768745 -71.647232 5.239717 1.000000
9448 -40.084351 -70.229027 4.056376 1.000000
9449 -39.721878 -67.458420 1.470227 1.000000
9450 -41.830097 -64.186295 0.763420 1.000000
9451 -44.830036 -62.383259 0.151044 1.000000
9452 -48.019882 -60.832924 -0.226452 1.000000
9453 -45.894741 -60.873100 3.283667 1.000000
9454 -48.315929 -60.127922 1.353802 1.000000
9455 -51.284676 -60.325905 -0.309813 1.000000
9456 -54.161491 -60.163216 -0.021606 1.000000
9476 -47.531441 -63.766090 10.904030 1.000000
9477 -50.082325 -64.323708 10.103727 1.000000
9478 -52.402210 -64.116760 9.235209 1.000000
9479 -54.498070 -62.684010 7.710376 1.000000
9480 -54.261406 -59.146660 7.551010 1.000000
9482 -56.569679 -61.378471 5.963349 1.000000
9569 -32.539520 -81.762894 14.068149 1.000000
9575 -38.252869 -84.158615 22.648504 1.000000
9576 -38.679008 -85.027229 19.504831 1.000000
9577 -38.493980 -85.977699 16.098797 1.000000
9578 -40.251503 -83.199448 16.256233 1.000000
9579 -38.634933 -85.285416 14.476685 1.000000
9580 -36.896076 -87.584702 12.841108 1.000000
9581 -34.771149 -88.406189 10.523353 1.000000
9587 -33.906250 -80.151031 6.530412 1.000000
10000 -40.074165 -86.052628 -2.560158 1.000000
10001 -40.775215 -85.757919 -4.318479 1.000000
10002 -40.739021 -85.120705 -5.765707 1.000000
10003 -41.989803 -80.463150 -2.603904 1.000000
10004 -41.621372 -82.331619 -5.045224 1.000000
10005 -41.264805 -84.324051 -7.048897 1.000000
10006 -42.551109 -82.919922 -8.479563 1.000000
10007 -43.863731 -81.174484 -9.900533 1.000000
10008 -43.783989 -79.824417 -11.084026 1.000000
10009 -43.172810 -68.285362 -3.202976 1.000000
10010 -44.123859 -69.467209 -4.201393 1.000000
10011 -44.960873 -70.684326 -4.840627 1.000000
10012 -44.808777 -66.881920 -4.913715 1.000000
10013 -45.196033 -69.477295 -5.445882 1.000000
10014 -45.287670 -72.520355 -6.084726 1.000000
10015 -44.918167 -74.337868 -7.952892 1.000000
10016 -44.083412 -76.523087 -9.541326 1.000000
10017 -43.311287 -78.616074 -12.024027 1.000000
10018 -41.725586 -78.012840 -11.963719 1.000000
10019 -39.691639 -76.778122 -11.744868 1.000000
10020 -39.368813 -74.654922 -12.732100 1.000000
10021 -39.011467 -69.984940 -9.872224 1.000000
10022 -39.353401 -70.909973 -12.082263 1.000000
10023 -40.411427 -72.343674 -14.320337 1.000000
10024 -41.579281 -69.736526 -15.429771 1.000000
10025 -43.005157 -66.959915 -16.460039 1.000000
10026 -44.158394 -63.974255 -17.856825 1.000000
10032 -55.098991 -56.903908 -9.292117 1.000000
10033 -54.763844 -58.758564 -10.793386 1.000000
10034 -53.368935 -59.398903 -11.385080 1.000000
10035 -51.089073 -58.387657 -10.690706 1.000000
10042 -53.855446 -56.463634 -16.134651 1.000000
10043 -51.533455 -56.493317 -12.904164 1.000000
10044 -48.465889 -56.899456 -9.168139 1.000000
10045 -45.746441 -55.760468 -8.019994 1.000000
10046 -42.733955 -55.551605 -7.996567 1.000000
10047 -40.875740 -56.149437 -9.863390 1.000000
10049 -41.446785 -53.549511 -11.475840 1.000000
10050 -40.981300 -57.536995 -12.627683 1.000000
10051 -42.029289 -58.842651 -15.403166 1.000000
10052 -43.670082 -59.800556 -17.902094 1.000000
10286 -35.146999 -85.653389 -3.244379 1.000000
10287 -35.564659 -86.189728 -4.043995 1.000000
10288 -36.892738 -85.693207 -2.861623 1.000000
10432 -41.165752 -63.206921 -18.730022 1.000000
10579 -41.082855 -83.762817 -13.842977 1.000000
10581 -40.926197 -83.022415 -14.122755 1.000000
10582 -40.695839 -82.286118 -14.039556 1.000000
10583 -42.059906 -81.231544 -13.569295 1.000000
10814 -43.878769 -76.239670 13.284386 1.000000
10815 -45.032219 -76.417068 12.434178 1.000000
10816 -45.168610 -75.886574 13.683380 1.000000
10817 -43.831093 -63.881554 9.985727 1.000000
10818 -43.724663 -64.200958 9.564947 1.000000
10819 -44.816765 -63.831837 9.593907 1.000000
10820 -45.995617 -63.745716 9.057553 1.000000
10821 -46.006229 -63.821846 9.784088 1.000000
10855 -43.679577 -76.200737 15.480261 1.000000
10856 -42.409813 -76.802315 14.767328 1.000000
10857 -42.991554 -76.389908 13.929489 1.000000
10858 -42.384743 -76.518211 12.597943 1.000000
10973 -39.992714 -70.117920 0.189981 1.000000
10974 -40.374454 -70.891830 -0.663647 1.000000
10975 -40.597343 -69.098808 -1.087665 1.000000
10976 -47.842766 -59.278831 -7.411166 1.000000
10977 -46.584450 -59.868488 -6.696515 1.000000
10978 -46.453468 -59.041920 -6.932849 1.000000
10979 -45.086895 -58.881824 -6.499087 1.000000
10980 -46.434441 -58.249443 -7.172900 1.000000
11179 -38.166054 -88.792526 -8.042202 1.000000
11180 -36.802471 -89.452721 -8.681873 1.000000
11181 -38.585266 -88.203651 -8.500937 1.000000
11182 -39.107983 -87.539688 -8.983541 1.000000
11183 -40.168835 -86.854355 -8.395371 1.000000
11420 -42.059105 -65.924629 15.623846 1.000000
11573 -49.564980 -62.309731 -1.736545 1.000000
11574 -49.325199 -63.244678 -2.323128 1.000000
11575 -50.771912 -63.092064 -2.395847 1.000000
11576 -53.695759 -59.412861 -6.672407 1.000000
11577 -53.505592 -60.659645 -6.478602 1.000000
11578 -53.743702 -60.120789 -7.347959 1.000000
11579 -53.342491 -60.768890 -8.132689 1.000000
11580 -53.810028 -59.444214 -8.265826 1.000000
12064 -38.615143 -77.109451 -15.136370 1.000000
12065 -37.551289 -77.404373 -15.277867 1.000000
12066 -38.630852 -76.302124 -15.857988 1.000000
12067 -38.745369 -75.441330 -16.431017 1.000000
12068 -39.730328 -74.934128 -15.956392 1.000000
12764 -40.070271 -81.744514 5.372819 1.000000
12765 -40.854408 -82.825500 4.883219 1.000000
12766 -41.548698 -82.115402 5.902127 1.000000
12767 -48.534576 -75.549088 6.978610 1.000000
12768 -47.809879 -76.762138 6.074684 1.000000
12769 -47.454098 -75.420425 6.182008 1.000000
12770 -46.040009 -75.375206 5.732179 1.000000
12771 -46.593685 -74.246902 6.108631 1.000000
12772 -42.157459 -71.422195 12.059192 1.000000
12773 -43.327595 -72.187195 11.295244 1.000000
12774 -42.624237 -71.252075 10.989432 1.000000
12775 -42.231022 -66.088165 6.314280 1.000000
12776 -42.393665 -67.517456 6.383470 1.000000
12777 -41.768974 -66.355759 5.760583 1.000000
12778 -41.327534 -66.602425 5.236093 1.000000
12779 -41.527679 -65.021217 5.083227 1.000000
12780 -41.755974 -63.819695 4.134274 1.000000
12781 -42.229210 -63.659077 4.708758 1.000000
12782 -51.891418 -60.970467 5.522631 1.000000
12783 -51.362244 -60.176472 4.472855 1.000000
12784 -52.816994 -60.382599 4.683733 1.000000
12785 -53.858814 -59.951439 3.797447 1.000000
12786 -54.293091 -60.613239 4.801649 1.000000
12798 -48.596687 -56.788643 8.419169 1.000000
12799 -47.541435 -56.869141 9.319734 1.000000
12800 -49.037941 -57.883625 9.703170 1.000000
12801 -49.119938 -58.933899 10.927870 1.000000
12802 -50.384541 -58.801422 10.089465 1.000000
12803 -51.610802 -59.820934 10.414275 1.000000
12804 -51.361244 -58.749062 9.190946 1.000000
12873 -32.785393 -78.338066 18.391325 1.000000
12874 -32.217831 -77.099838 18.852911 1.000000
12875 -31.946192 -77.602524 17.038160 1.000000
12876 -30.879318 -77.082130 16.017746 1.000000
12877 -31.640156 -78.156631 15.362425 1.000000
12878 -30.993231 -78.772972 14.199908 1.000000
12879 -32.396942 -79.015701 15.231145 1.000000
12880 -35.920040 -86.105186 15.342804 1.000000
12881 -34.804070 -85.779564 14.489163 1.000000
12882 -35.171326 -86.859512 14.087016 1.000000
12883 -34.416382 -87.677048 13.198291 1.000000
12884 -35.529846 -87.792953 13.530989 1.000000
12885 -41.708302 -79.812904 22.112759 1.000000
12886 -41.542419 -81.119003 21.221991 1.000000
12887 -42.194702 -80.525742 20.436579 1.000000
12888 -36.572132 -81.924126 11.148643 1.000000
12889 -36.936123 -83.202286 11.281586 1.000000
12890 -35.901585 -83.037903 10.129671 1.000000
12891 -34.968864 -83.974701 9.112642 1.000000
12892 -34.739655 -82.804176 8.920507 1.000000
12893 -33.488956 -82.919090 7.964747 1.000000
12894 -34.578754 -81.699463 8.758922 1.000000
12895 -39.915169 -80.321770 6.723529 1.000000
12896 -38.338970 -80.267532 5.753892 1.000000
12897 -39.232708 -80.975021 5.576547 1.000000
12898 -38.462685 -81.813095 4.451704 1.000000
13238 -43.093044 -82.027794 0.211307 1.000000
13239 -42.924160 -82.526520 -0.404830 1.000000
13240 -42.789371 -81.308273 -0.477169 1.000000
13241 -43.231186 -74.874596 -4.911322 1.000000
13242 -42.717190 -76.439438 -4.910531 1.000000
13243 -43.352661 -75.669617 -5.520977 1.000000
13244 -43.690102 -76.573868 -6.497899 1.000000
13245 -44.145206 -74.863831 -6.035138 1.000000
13246 -47.423988 -65.701012 -4.882050 1.000000
13247 -46.788414 -66.304169 -4.651382 1.000000
13248 -46.939690 -65.714684 -5.065441 1.000000
13249 -40.325050 -68.509293 -6.136340 1.000000
13250 -41.245598 -69.099075 -5.861895 1.000000
13251 -40.748634 -70.527031 -6.683484 1.000000
13252 -41.534920 -72.370880 -7.396104 1.000000
13253 -40.577137 -71.961975 -7.573345 1.000000
13254 -40.436722 -73.317940 -8.358738 1.000000
13255 -39.806885 -71.384171 -7.862936 1.000000
13256 -40.758575 -61.350636 -10.544579 1.000000
13257 -40.923187 -63.284576 -11.284194 1.000000
13258 -41.214859 -61.956188 -11.803713 1.000000
13259 -41.747871 -62.708111 -13.036168 1.000000
13260 -41.372116 -60.805428 -12.452828 1.000000
13576 -29.146816 -91.123871 -5.181586 1.000000
13577 -29.457371 -91.382744 -5.867705 1.000000
13578 -30.648743 -89.833786 -6.036576 1.000000
13579 -36.446831 -87.665543 -5.235917 1.000000
13580 -34.858032 -88.630394 -6.140794 1.000000
13581 -36.909801 -88.342743 -5.854441 1.000000
13582 -37.434822 -88.806839 -6.583919 1.000000
13583 -38.735432 -87.860367 -5.584085 1.000000
13973 -54.967358 -61.267567 -1.743274 1.000000
13974 -54.407551 -61.892525 -2.545589 1.000000
13975 -55.331635 -60.843658 -2.666137 1.000000
13979 -54.135052 -58.185986 -5.077521 1.000000
14004 -34.026455 -74.605873 -15.244481 1.000000
14013 -35.821285 -65.179413 -15.613301 1.000000
14014 -40.142342 -60.430225 -19.312195 1.000000
14015 -38.617958 -60.977257 -17.867788 1.000000
14016 -39.527729 -59.148426 -19.348757 1.000000
14017 -39.038322 -57.812305 -19.310867 1.000000
14018 -40.414742 -57.309929 -20.403629 1.000000
14464 -39.349567 -80.737381 -13.610979 1.000000
14465 -37.976498 -81.195023 -13.870999 1.000000
14466 -38.771366 -79.672256 -13.576681 1.000000
14467 -38.596203 -78.654167 -13.891421 1.000000
14468 -39.344566 -78.190285 -13.335228 1.000000
15164 -42.751007 -79.027977 9.016085 1.000000
15165 -43.810349 -79.755760 8.647331 1.000000
15166 -44.146446 -78.858353 9.549551 1.000000
15167 -46.994801 -76.914879 11.175959 1.000000
15168 -46.829929 -77.779892 10.167665 1.000000
15169 -47.897587 -76.689178 10.298038 1.000000
15170 -48.629257 -76.301758 9.233122 1.000000
15171 -48.532143 -75.483086 10.157412 1.000000
15172 -41.274006 -66.884941 11.119835 1.000000
15173 -41.555462 -67.713638 10.449614 1.000000
15174 -41.821804 -66.586601 10.281912 1.000000
15175 -43.784832 -64.763504 8.501397 1.000000
15176 -43.106140 -65.752151 8.796269 1.000000
15177 -43.646614 -65.089371 7.811792 1.000000
15178 -43.217197 -65.382317 7.298194 1.000000
15179 -43.917591 -64.136917 6.973008 1.000000
15180 -44.431801 -63.379936 6.226953 1.000000
15181 -45.022652 -63.280720 6.836820 1.000000
15182 -48.097778 -63.293835 7.846022 1.000000
15183 -47.638824 -62.725220 7.059409 1.000000
15184 -48.993847 -62.876179 7.254521 1.000000
15185 -49.870953 -62.212334 6.559843 1.000000
15186 -50.325420 -63.144115 7.560241 1.000000
15200 -47.636158 -53.420849 6.443757 1.000000
15201 -47.892944 -54.666542 6.881208 1.000000
15202 -48.920315 -54.438007 6.175660 1.000000
15203 -50.082157 -55.319756 6.278438 1.000000
15204 -49.770447 -53.977428 5.639670 1.000000
15276 -34.092304 -79.799049 21.358114 1.000000
15277 -34.531433 -80.927002 20.988293 1.000000
15278 -34.710094 -80.933899 19.655056 1.000000
15279 -35.139271 -81.809654 20.970242 1.000000
15281 -36.295170 -83.835548 20.367300 1.000000
15282 -36.690754 -84.685936 19.966946 1.000000
15283 -36.828964 -84.974953 18.471949 1.000000
15284 -37.322266 -85.211601 19.425842 1.000000
15285 -43.209106 -77.643661 18.902348 1.000000
15286 -42.981804 -78.774277 18.245981 1.000000
15287 -42.740738 -78.347954 17.498524 1.000000
15288 -40.131428 -78.296547 14.210272 1.000000
15289 -40.368221 -79.334511 15.150881 1.000000
15290 -39.257473 -79.117912 13.760579 1.000000
15291 -38.350502 -80.005119 13.092494 1.000000
15292 -38.282219 -78.735207 12.486032 1.000000
15293 -37.472382 -78.618118 11.118413 1.000000
15294 -38.490124 -77.907959 11.572562 1.000000
15295 -41.697289 -77.500839 10.174753 1.000000
15296 -40.192371 -77.736130 9.543911 1.000000
15297 -41.499554 -78.288010 9.169162 1.000000
15298 -41.151955 -79.080994 8.289905 1.000000
15638 -40.920120 -76.572998 0.851600 1.000000
15639 -41.141422 -77.299026 -0.214892 1.000000
15640 -40.641609 -75.693970 -0.061469 1.000000
15641 -41.521736 -72.284081 -2.211241 1.000000
15642 -41.444016 -73.778931 -1.959950 1.000000
15643 -42.060520 -72.762199 -2.877381 1.000000
15644 -42.624268 -73.173172 -3.606073 1.000000
15645 -42.793781 -71.684616 -3.702174 1.000000
15646 -47.949928 -63.018761 -6.240393 1.000000
15647 -46.952477 -63.647259 -5.835993 1.000000
15648 -46.758018 -62.763283 -6.080282 1.000000
15649 -43.800728 -61.430481 -5.418555 1.000000
15650 -43.968296 -62.397270 -5.275518 1.000000
15651 -42.339989 -62.623180 -5.145742 1.000000
15652 -41.114082 -64.291412 -5.192807 1.000000
15653 -40.907837 -63.481026 -5.456824 1.000000
15654 -39.880810 -64.471115 -6.158547 1.000000
15655 -40.929008 -62.617439 -5.738842 1.000000
15656 -42.358074 -59.298256 -6.295405 1.000000
15657 -41.166512 -60.741230 -6.534036 1.000000
15658 -41.283028 -59.709160 -6.924738 1.000000
15659 -40.574158 -60.190056 -7.968868 1.000000
15660 -41.288883 -58.511311 -7.447394 1.000000
16254 -30.086639 -91.915085 -7.596907 1.000000
16256 -30.658096 -92.274979 -8.565936 1.000000
16261 -31.980322 -90.658325 -11.682685 1.000000
16263 -34.109268 -89.241188 -11.826477 1.000000
16264 -40.157654 -86.388504 -10.788350 1.000000
16266 -40.507713 -85.872406 -11.793646 1.000000
16267 -40.763176 -85.222610 -12.737917 1.000000
16268 -42.087135 -83.983719 -11.700943 1.000000
16964 -43.549545 -74.061157 17.557987 1.000000
16965 -44.156250 -73.984138 16.575512 1.000000
16966 -43.204559 -73.466599 16.966335 1.000000
16967 -41.177856 -71.148849 17.167866 1.000000
16968 -41.897820 -72.131172 15.993945 1.000000
16969 -41.339634 -71.250748 15.729671 1.000000
16970 -41.510319 -71.374878 14.364055 1.000000
16971 -40.929817 -70.316574 15.590734 1.000000
16975 -41.479946 -67.373459 16.432129 1.000000
16976 -41.311989 -67.942467 16.999243 1.000000
16977 -40.932919 -67.821793 15.754549 1.000000
16978 -40.625172 -68.528038 14.887919 1.000000
16979 -40.752525 -67.616158 14.395411 1.000000
16981 -41.018307 -66.831863 13.775900 1.000000
16982 -41.856884 -65.006592 13.239141 1.000000
16983 -41.720718 -65.340317 12.703976 1.000000
16984 -42.115749 -64.664047 12.197414 1.000000
16985 -42.480618 -64.315483 11.294844 1.000000
16986 -42.633602 -63.990162 11.868607 1.000000
17080 -39.490196 -75.709274 26.853189 1.000000
17081 -38.968651 -77.033081 26.111771 1.000000
17082 -39.531319 -76.848572 25.395079 1.000000
17083 -40.148682 -78.011673 24.220287 1.000000
17084 -39.912796 -76.572754 24.680319 1.000000
17089 -41.259106 -73.660172 24.655142 1.000000
17090 -40.819916 -74.509827 23.401989 1.000000
17091 -40.677822 -75.743362 23.235060 1.000000
17092 -41.139137 -75.586487 22.300299 1.000000
17093 -42.041733 -76.437569 21.271143 1.000000
17094 -41.673836 -75.368240 21.339577 1.000000
17095 -42.141956 -73.750023 19.331789 1.000000
17096 -42.584225 -74.755508 19.481180 1.000000
17097 -42.943493 -74.438499 18.513000 1.000000
17098 -43.723766 -75.035080 17.765551 1.000000
17438 -43.530560 -64.189011 -0.968178 1.000000
17439 -43.499336 -64.676231 -1.603193 1.000000
17440 -44.932713 -64.156242 -1.824394 1.000000
17441 -48.688831 -64.421379 -3.345892 1.000000
17442 -47.456272 -64.688911 -3.184955 1.000000
17443 -48.402645 -65.015656 -3.857622 1.000000
17444 -48.195538 -65.515152 -4.226567 1.000000
17445 -49.137440 -65.009911 -4.629074 1.000000
17446 -53.742088 -62.543121 -3.791623 1.000000
17447 -52.694611 -63.382835 -3.615424 1.000000
17448 -53.167011 -62.711510 -4.255379 1.000000
17449 -51.973736 -62.250751 -5.767539 1.000000
17450 -51.736305 -62.917992 -5.226728 1.000000
17451 -51.025444 -63.034546 -5.618378 1.000000
17452 -49.847218 -63.823158 -5.694090 1.000000
17453 -50.138592 -63.133289 -6.062851 1.000000
17454 -49.352177 -63.236408 -6.327641 1.000000
17455 -50.340736 -62.675117 -6.659372 1.000000
17456 -51.774223 -61.235939 -8.735872 1.000000
17457 -50.820045 -61.515083 -7.925458 1.000000
17458 -50.990761 -60.659828 -8.591845 1.000000
17459 -50.168514 -59.904846 -8.304777 1.000000
17460 -51.288216 -59.876343 -9.240134 1.000000
17555 -30.646572 -65.269173 -11.319063 1.000000
17559 -33.319557 -63.194721 -15.643473 1.000000
17560 -31.641399 -64.065163 -15.831204 1.000000
17561 -32.821053 -62.073090 -15.735697 1.000000
18911 -34.301155 -81.451523 -13.827083 1.000000
18912 -35.388119 -77.885010 -13.622714 1.000000
18913 -34.332829 -79.455399 -12.473685 1.000000
18914 -34.277992 -78.369705 -12.663744 1.000000
18915 -33.100060 -79.204124 -11.922679 1.000000
18916 -34.397579 -77.384315 -13.049704 1.000000
18917 -34.295513 -76.562645 -13.743154 1.000000
18918 -35.426247 -76.315407 -14.763506 1.000000
18919 -39.772736 -73.233253 -17.331898 1.000000
18920 -38.448627 -73.566315 -17.163975 1.000000
18921 -40.372459 -71.829025 -17.705236 1.000000
18922 -40.944283 -70.260330 -17.966312 1.000000
18923 -41.972374 -69.628845 -17.662699 1.000000
21015 -38.120701 -85.294952 0.674536 1.000000
21017 -42.230019 -84.063431 3.887638 1.000000
21018 -41.465248 -84.879745 2.702496 1.000000
21019 -42.733303 -84.238457 2.969325 1.000000
21020 -43.118038 -83.911758 1.995596 1.000000
21021 -43.748871 -83.304298 3.041899 1.000000
21022 -45.508446 -80.640602 7.315470 1.000000
21023 -44.705112 -81.651917 6.382089 1.000000
21024 -46.012615 -80.699692 6.182449 1.000000
21025 -46.293377 -79.041374 4.377402 1.000000
21026 -46.280540 -80.383202 4.392637 1.000000
21027 -45.548149 -80.039810 3.612991 1.000000
21028 -44.798126 -80.903061 2.855897 1.000000
21029 -44.497173 -79.507996 2.964230 1.000000
21030 -43.289402 -78.772858 2.333117 1.000000
21031 -43.792919 -78.108971 3.241930 1.000000
21032 -42.769157 -74.880844 4.722574 1.000000
21033 -42.084023 -75.623291 3.757892 1.000000
21034 -41.173325 -74.170059 3.947111 1.000000
21035 -40.000446 -73.040298 2.887868 1.000000
21036 -40.259296 -72.532181 3.818507 1.000000
21037 -45.416054 -73.994606 14.464005 1.000000
21038 -46.305199 -74.631866 13.761106 1.000000
21039 -45.842064 -73.914604 13.043390 1.000000
21040 -45.689873 -72.889877 10.171145 1.000000
21041 -46.443180 -73.566765 10.705927 1.000000
21042 -46.789379 -72.932632 9.804385 1.000000
21043 -47.781052 -73.066063 9.394729 1.000000
21044 -46.931274 -72.232887 8.940100 1.000000
21045 -43.144226 -69.102432 9.327315 1.000000
21046 -43.549706 -70.207413 9.467512 1.000000
21047 -44.038868 -69.586998 8.775287 1.000000
21048 -43.698963 -69.908676 6.448518 1.000000
21049 -44.836922 -70.327408 7.273059 1.000000
21050 -44.648956 -70.811516 6.518504 1.000000
21051 -45.803982 -71.642365 6.675313 1.000000
21052 -44.534103 -71.376907 5.991900 1.000000
21053 -44.292671 -72.025642 5.609471 1.000000
21054 -43.251167 -70.882851 5.462303 1.000000
21055 -40.275646 -67.644836 4.188650 1.000000
21056 -40.633984 -69.496323 4.453051 1.000000
21057 -39.838680 -68.283997 3.606693 1.000000
21058 -39.566551 -68.965805 2.942609 1.000000
21059 -39.729427 -66.875114 2.358544 1.000000
21060 -40.484112 -65.579369 1.084121 1.000000
21061 -40.545120 -65.053383 1.988518 1.000000
21062 -43.582405 -62.179649 2.100034 1.000000
21063 -43.316471 -62.647125 1.254183 1.000000
21064 -44.930058 -61.685589 1.000707 1.000000
21065 -46.417328 -61.551300 -0.003298 1.000000
21066 -46.529732 -60.911163 0.655736 1.000000
21067 -45.684521 -61.464405 4.812593 1.000000
21068 -44.886669 -61.527576 4.162905 1.000000
21069 -46.623436 -60.761284 4.086156 1.000000
21070 -50.298759 -59.676704 2.416946 1.000000
21071 -48.713211 -59.988869 2.258848 1.000000
21072 -49.966129 -59.860760 1.488299 1.000000
21073 -49.847500 -60.050964 0.570932 1.000000
21074 -51.464039 -59.852245 0.613191 1.000000
21075 -52.804230 -60.246178 -0.219070 1.000000
21076 -52.895374 -59.764080 0.746160 1.000000
21077 -56.041527 -59.656738 2.233731 1.000000
21078 -55.721027 -59.885548 1.143448 1.000000
21115 -43.625935 -53.677650 9.392815 1.000000
21116 -44.995975 -56.994568 10.930350 1.000000
21117 -43.632401 -56.003914 10.727140 1.000000
21118 -43.584015 -56.901283 11.514654 1.000000
21123 -48.799435 -61.012016 11.643793 1.000000
21127 -48.796349 -63.423485 11.264086 1.000000
21128 -48.785793 -64.138321 10.573034 1.000000
21129 -50.033638 -63.645130 11.023348 1.000000
21130 -53.405865 -62.131390 10.147980 1.000000
21131 -52.540089 -63.616497 10.209792 1.000000
21132 -53.644093 -63.231148 9.650439 1.000000
21133 -53.400879 -63.490650 8.587506 1.000000
21134 -54.670368 -62.652660 8.779073 1.000000
21135 -52.627960 -56.793476 6.470150 1.000000
21136 -53.017632 -58.135429 7.385820 1.000000
21137 -53.884876 -57.582050 6.583117 1.000000
21141 -56.650024 -61.397808 6.794973 1.000000
21143 -57.634106 -60.860725 5.390450 1.000000
21355 -28.984207 -80.757988 12.582553 1.000000
21360 -34.859238 -81.745506 16.399790 1.000000
21361 -33.644657 -81.144455 15.201755 1.000000
21362 -33.922096 -82.284370 15.208583 1.000000
21363 -32.373810 -85.044846 12.801161 1.000000
21364 -31.912928 -83.834778 12.840317 1.000000
21365 -30.995331 -84.963654 12.156843 1.000000
21370 -32.718937 -89.551254 12.224620 1.000000
21375 -38.471504 -82.190720 24.584484 1.000000
21376 -38.075703 -83.574356 23.975491 1.000000
21377 -38.777763 -83.088661 23.369602 1.000000
21378 -40.092598 -83.626846 19.335251 1.000000
21379 -39.292076 -84.196533 20.238628 1.000000
21380 -39.433735 -84.651711 18.513853 1.000000
21381 -38.777172 -85.396317 17.725920 1.000000
21382 -39.290611 -85.206436 16.775774 1.000000
21383 -41.288239 -81.360756 16.769293 1.000000
21384 -41.382347 -81.903923 17.266483 1.000000
21385 -40.087532 -82.593582 15.821741 1.000000
21386 -37.537491 -85.093590 11.947741 1.000000
21387 -38.408375 -84.684212 13.696228 1.000000
21388 -37.711910 -85.761375 12.642401 1.000000
21389 -37.792328 -86.425827 13.588449 1.000000
21390 -36.837914 -87.053558 11.946732 1.000000
21391 -35.789734 -88.119553 11.504982 1.000000
21392 -35.682594 -87.371490 10.610982 1.000000
21393 -32.901562 -86.354111 8.416780 1.000000
21394 -33.255280 -87.470543 9.056078 1.000000
21405 -36.153393 -79.054688 8.443705 1.000000
21406 -34.884480 -79.824707 7.782781 1.000000
21407 -35.455338 -79.336876 7.082775 1.000000
21408 -34.576538 -80.879417 4.395860 1.000000
21409 -33.615986 -80.622917 4.872177 1.000000
21415 -37.042839 -83.564980 2.333844 1.000000
22433 -40.292824 -86.052223 -0.617619 1.000000
22434 -39.573235 -86.122597 -1.754606 1.000000
22435 -40.835419 -85.818802 -1.498738 1.000000
22436 -42.143726 -83.719711 -2.549911 1.000000
22437 -41.486660 -84.914162 -3.165357 1.000000
22438 -41.461010 -84.502029 -3.948823 1.000000
22439 -40.819324 -85.422371 -5.081759 1.000000
22440 -41.310036 -84.012756 -4.698187 1.000000
22441 -41.746094 -78.562782 -1.874914 1.000000
22442 -42.168629 -79.799911 -1.799716 1.000000
22443 -41.838074 -79.089684 -2.648855 1.000000
22444 -41.729729 -80.166100 -5.578148 1.000000
22445 -41.535336 -80.878014 -4.682950 1.000000
22446 -41.715286 -81.822807 -5.952885 1.000000
22447 -41.405373 -83.347168 -6.153169 1.000000
22448 -41.834717 -82.681664 -6.925199 1.000000
22449 -41.874821 -83.699600 -7.742676 1.000000
22450 -42.522724 -81.879898 -7.630309 1.000000
22451 -44.760818 -78.067062 -8.408689 1.000000
22452 -44.194801 -79.989586 -8.803589 1.000000
22453 -44.611153 -79.125824 -9.386958 1.000000
22454 -43.972042 -80.512703 -10.502050 1.000000
22455 -44.301929 -78.626053 -9.986676 1.000000
22456 -43.806976 -66.258301 -2.680776 1.000000
22457 -42.725517 -67.434265 -2.651385 1.000000
22458 -43.992790 -67.095978 -3.230898 1.000000
22459 -45.561798 -68.007156 -4.446823 1.000000
22460 -44.675209 -68.389359 -4.147322 1.000000
22461 -44.946079 -68.957535 -4.517727 1.000000
22462 -44.489510 -70.035110 -4.486170 1.000000
22463 -45.252468 -69.452728 -4.789735 1.000000
22464 -44.870708 -65.059547 -4.996579 1.000000
22465 -45.330242 -65.904892 -5.029077 1.000000
22466 -44.166161 -66.081924 -4.849271 1.000000
22467 -43.367676 -69.989914 -5.762662 1.000000
22468 -44.191353 -68.881432 -5.367541 1.000000
22469 -44.534401 -70.375717 -5.782592 1.000000
22470 -45.322475 -70.923363 -5.700665 1.000000
22471 -44.963142 -71.950516 -6.311776 1.000000
22472 -45.212574 -73.495728 -7.085356 1.000000
22473 -44.627415 -72.980301 -7.307639 1.000000
22474 -42.875008 -75.093582 -8.834770 1.000000
22475 -43.698544 -75.112137 -8.686533 1.000000
22476 -43.389961 -76.258423 -9.673659 1.000000
22477 -43.822395 -77.585121 -10.618756 1.000000
22478 -43.078426 -77.367554 -10.906511 1.000000
22479 -42.660057 -78.382507 -12.117206 1.000000
22480 -42.233818 -77.188980 -10.999558 1.000000
22481 -39.894283 -74.784843 -10.277514 1.000000
22482 -40.320877 -76.253586 -10.924679 1.000000
22483 -39.543587 -75.334618 -11.152829 1.000000
22484 -39.241726 -75.689499 -12.106028 1.000000
22485 -39.259758 -74.192749 -11.690846 1.000000
22486 -38.931316 -66.605118 -8.315787 1.000000
22487 -38.938641 -69.019409 -8.851297 1.000000
22488 -39.017353 -67.531601 -9.540689 1.000000
22489 -40.432579 -67.709602 -12.220240 1.000000
22490 -39.491047 -69.060928 -11.628470 1.000000
22491 -39.971741 -69.578117 -12.777633 1.000000
22492 -39.870384 -71.571945 -13.275198 1.000000
22493 -40.488468 -70.201553 -13.895149 1.000000
22494 -41.015701 -71.029037 -14.965330 1.000000
22495 -41.250874 -68.788513 -14.407951 1.000000
22496 -42.723579 -64.146378 -15.297426 1.000000
22497 -42.566002 -66.277283 -15.588573 1.000000
22498 -43.350067 -64.775124 -16.168049 1.000000
22499 -43.763058 -65.372574 -17.084026 1.000000
22500 -43.956078 -63.302887 -16.793518 1.000000
22517 -55.124969 -57.785042 -10.078215 1.000000
22518 -56.003551 -57.198433 -10.990223 1.000000
22519 -54.911812 -58.163250 -13.237488 1.000000
22520 -54.677135 -58.802753 -12.272924 1.000000
22521 -53.751808 -58.882225 -12.403570 1.000000
22522 -52.290630 -59.037922 -11.116295 1.000000
22523 -52.633190 -58.439827 -12.162102 1.000000
22535 -54.514721 -52.282879 -19.199650 1.000000
22536 -55.634167 -51.051197 -20.415087 1.000000
22539 -55.455677 -54.518055 -18.507753 1.000000
22540 -55.225086 -55.834545 -17.122705 1.000000
22541 -53.948708 -55.458763 -17.386112 1.000000
22542 -50.108154 -54.701790 -13.199153 1.000000
22543 -51.322151 -55.652504 -14.019304 1.000000
22544 -50.199669 -55.594604 -12.077808 1.000000
22545 -50.241993 -56.593109 -10.937637 1.000000
22546 -48.850014 -55.753368 -10.080920 1.000000
22547 -47.182777 -56.235573 -8.484404 1.000000
22548 -47.315636 -55.166920 -9.330185 1.000000
22549 -44.516014 -53.231731 -9.622383 1.000000
22550 -44.385399 -54.418083 -8.645704 1.000000
22551 -42.973183 -54.375782 -8.891189 1.000000
22552 -41.548512 -55.700481 -8.706016 1.000000
22553 -41.820065 -54.502422 -9.570620 1.000000
22559 -41.124622 -54.126484 -12.813731 1.000000
22560 -40.969818 -55.452808 -11.947290 1.000000
22561 -41.092144 -56.148876 -13.535042 1.000000
22562 -41.415138 -58.214344 -14.046448 1.000000
22563 -41.490425 -56.896496 -15.056761 1.000000
22565 -42.946648 -57.842567 -17.683109 1.000000
22566 -43.636013 -57.968975 -18.779440 1.000000
22567 -44.189140 -60.002655 -18.971449 1.000000
22568 -44.000908 -58.136852 -19.795488 1.000000
22569 -43.821117 -58.633659 -20.475702 1.000000
23122 -31.663364 -88.060684 -4.889029 1.000000
23123 -32.100742 -88.487144 -5.562253 1.000000
23124 -33.849419 -87.368446 -4.961581 1.000000
23125 -36.027489 -86.832222 -4.681622 1.000000
23126 -37.810860 -86.809265 -4.143756 1.000000
23379 -37.614235 -71.415085 -17.183006 1.000000
23384 -37.644684 -64.443100 -16.567898 1.000000
23385 -39.400585 -63.788799 -17.631861 1.000000
23386 -40.793674 -61.741688 -19.049427 1.000000
23387 -41.884407 -59.931541 -20.248232 1.000000
23654 -37.476875 -83.528465 -15.135923 1.000000
23655 -39.092213 -83.086655 -14.552539 1.000000
23656 -40.089592 -81.655495 -13.787188 1.000000
23657 -40.781181 -80.027161 -13.473157 1.000000
24074 -43.269222 -77.214203 10.878119 1.000000
24075 -44.437767 -78.032242 10.400400 1.000000
24076 -44.717690 -77.116837 11.289359 1.000000
24077 -46.025116 -76.784744 11.824991 1.000000
24078 -47.083004 -76.072098 12.041554 1.000000
24079 -42.219574 -65.076714 10.439698 1.000000
24080 -42.247948 -65.625549 10.014356 1.000000
24081 -42.870605 -64.836205 9.721022 1.000000
24082 -43.739159 -64.442467 9.050770 1.000000
24083 -44.744553 -64.038277 8.305507 1.000000
24084 -45.538364 -63.488976 7.558920 1.000000
24085 -45.903389 -63.701691 8.325750 1.000000
24086 -47.171398 -63.636726 8.468312 1.000000
24087 -48.440960 -63.747673 8.699292 1.000000
24147 -43.281372 -76.965393 17.262676 1.000000
24148 -42.493477 -77.896988 16.787243 1.000000
24149 -42.257820 -77.355385 15.856583 1.000000
24150 -41.140858 -77.597733 14.595644 1.000000
24151 -40.325249 -77.511353 13.273142 1.000000
24152 -39.620411 -77.474632 11.842402 1.000000
24153 -40.925095 -76.989357 12.185740 1.000000
24154 -41.913033 -76.860817 11.360602 1.000000
24359 -40.179665 -73.501572 0.856315 1.000000
24360 -40.457661 -74.111488 -0.067481 1.000000
24361 -40.486816 -72.548729 -0.198787 1.000000
24362 -40.985195 -71.664841 -1.431238 1.000000
24363 -41.697868 -70.780289 -2.513452 1.000000
24364 -47.839729 -61.168907 -6.686462 1.000000
24365 -46.659748 -61.900047 -6.267523 1.000000
24366 -46.654827 -60.831291 -6.460216 1.000000
24367 -45.237621 -60.570137 -6.074124 1.000000
24368 -43.650433 -60.536934 -5.671225 1.000000
24369 -42.208176 -60.972088 -5.610000 1.000000
24370 -43.635063 -59.726910 -5.903707 1.000000
24371 -43.682213 -58.944256 -6.122984 1.000000
24372 -43.850414 -58.028767 -6.424461 1.000000
24729 -34.434128 -90.570412 -8.058592 1.000000
24730 -32.740227 -91.313339 -8.837502 1.000000
24731 -34.838009 -90.559982 -8.683400 1.000000
24732 -35.192001 -90.100243 -9.240118 1.000000
24735 -37.548798 -87.964333 -9.788800 1.000000
24736 -39.712059 -86.854538 -9.835679 1.000000
24737 -41.196911 -85.574020 -9.865578 1.000000
25155 -42.002552 -72.874001 17.715420 1.000000
25162 -42.222134 -67.176155 16.853807 1.000000
25163 -41.534157 -66.797913 15.698626 1.000000
25164 -41.332642 -66.417580 14.424647 1.000000
25165 -41.719551 -66.139374 15.083501 1.000000
25166 -41.811974 -65.433273 14.442766 1.000000
25167 -42.070274 -64.744225 13.851300 1.000000
25232 -41.449348 -74.340088 21.322964 1.000000
25439 -46.589634 -63.149250 -1.476487 1.000000
25440 -46.434422 -63.724621 -1.963151 1.000000
25441 -47.823807 -63.439117 -2.163082 1.000000
25442 -49.035099 -63.839264 -2.888208 1.000000
25443 -50.100506 -64.262444 -3.515575 1.000000
25444 -53.914528 -60.899921 -5.068666 1.000000
25445 -53.413353 -61.908222 -4.953114 1.000000
25446 -53.465279 -61.126549 -5.594897 1.000000
25447 -52.864555 -61.580273 -6.114099 1.000000
25448 -52.164391 -61.928444 -6.711023 1.000000
25449 -51.346901 -62.198265 -7.194726 1.000000
25450 -52.350761 -61.582928 -7.755591 1.000000
25451 -52.532524 -61.200939 -8.627531 1.000000
25452 -52.778076 -60.664246 -9.397816 1.000000
25511 -29.717590 -65.403717 -13.870903 1.000000
25512 -36.117668 -58.965599 -16.253191 1.000000
25513 -34.160686 -59.996269 -15.534808 1.000000
25514 -35.531563 -57.787579 -16.208282 1.000000
26322 -36.749855 -79.409195 -14.058047 1.000000
26323 -35.635525 -79.836685 -13.475641 1.000000
26324 -36.624050 -78.467331 -14.246225 1.000000
26325 -36.462090 -77.611542 -14.598287 1.000000
26326 -36.417412 -76.715584 -15.112593 1.000000
26327 -36.498470 -75.941185 -15.668951 1.000000
26328 -37.546146 -75.707962 -16.293581 1.000000
26329 -39.201073 -74.438705 -16.904341 1.000000
26330 -40.868889 -72.580208 -16.980534 1.000000
27584 -38.762672 -83.361794 3.237571 1.000000
27585 -39.452503 -84.145973 2.826161 1.000000
27586 -40.214775 -83.453384 3.908161 1.000000
27587 -41.599174 -83.587982 4.479095 1.000000
27588 -43.010391 -83.389946 4.859874 1.000000
27589 -47.786480 -78.323341 7.117358 1.000000
27590 -47.021797 -79.513596 6.065740 1.000000
27591 -47.702259 -78.171967 6.030999 1.000000
27592 -47.077534 -78.015358 5.201808 1.000000
27593 -45.929317 -77.798668 4.584138 1.000000
27594 -44.431374 -77.435387 4.155703 1.000000
27595 -45.277424 -76.504112 5.015051 1.000000
27596 -44.431877 -75.217392 5.234354 1.000000
27597 -43.421638 -73.818604 5.314736 1.000000
27598 -43.725136 -72.942253 12.825175 1.000000
27599 -45.020184 -73.386391 12.297716 1.000000
27600 -44.117531 -72.889786 11.670735 1.000000
27601 -44.495827 -72.652740 10.637616 1.000000
27602 -44.888020 -72.151245 9.759875 1.000000
27603 -43.564079 -67.852097 7.747562 1.000000
27604 -44.094337 -68.950226 7.907624 1.000000
27605 -43.209545 -68.361168 7.055319 1.000000
27606 -42.907784 -68.766617 6.418455 1.000000
27607 -42.672604 -69.077286 5.853206 1.000000
27608 -42.341148 -69.490967 5.375150 1.000000
27609 -41.620857 -68.137390 5.303701 1.000000
27610 -40.801075 -66.967972 4.700728 1.000000
27611 -40.447060 -65.726372 3.894729 1.000000
27612 -40.855663 -64.533974 2.794320 1.000000
27613 -41.289516 -64.115891 3.501375 1.000000
27614 -42.529827 -62.832176 3.181658 1.000000
27615 -43.930344 -61.860638 2.830049 1.000000
27616 -48.900734 -60.698853 5.022963 1.000000
27617 -48.221836 -60.229145 4.079545 1.000000
27618 -49.829758 -60.119526 4.235409 1.000000
27619 -50.760078 -59.743153 3.356124 1.000000
27620 -51.823803 -59.583729 2.599538 1.000000
27621 -53.091320 -59.582386 1.694979 1.000000
27622 -53.486248 -59.543346 2.696612 1.000000
27623 -54.917351 -59.699505 2.998091 1.000000
27624 -56.424965 -59.902447 3.315604 1.000000
27644 -45.843510 -54.756580 8.153393 1.000000
27645 -44.771175 -54.852661 8.957144 1.000000
27646 -46.119083 -55.954601 9.007986 1.000000
27647 -46.293999 -57.040215 10.177219 1.000000
27648 -46.316738 -57.913368 11.174852 1.000000
27649 -46.363228 -58.737793 11.805971 1.000000
27650 -47.692081 -58.841949 11.464003 1.000000
27651 -49.059761 -59.991371 11.620384 1.000000
27652 -50.180695 -61.163994 11.387466 1.000000
27653 -50.968548 -62.400036 11.064714 1.000000
27654 -51.480213 -61.047558 11.030374 1.000000
27655 -52.697365 -60.868793 10.414104 1.000000
27656 -53.627960 -60.730568 9.557863 1.000000
27779 -33.306183 -77.440117 22.053389 1.000000
27781 -32.707268 -76.474503 20.758144 1.000000
27782 -32.069756 -75.677063 19.529602 1.000000
27785 -30.660709 -75.667931 16.758118 1.000000
27786 -29.804953 -76.543839 15.355243 1.000000
27789 -29.579168 -78.636894 13.523285 1.000000
27790 -30.095348 -79.673019 13.249631 1.000000
27791 -30.607325 -80.613449 13.055005 1.000000
27792 -35.261242 -84.052505 16.161745 1.000000
27793 -34.133801 -83.452957 15.088214 1.000000
27794 -34.455128 -84.646034 14.810933 1.000000
27795 -33.687263 -85.343040 13.591162 1.000000
27796 -32.860947 -86.234558 12.849187 1.000000
27797 -31.919937 -87.450966 12.466298 1.000000
27798 -33.279854 -87.475418 12.842787 1.000000
27799 -33.599434 -88.608093 12.610519 1.000000
27800 -33.834835 -89.332695 11.994596 1.000000
27801 -40.148987 -80.869797 23.334805 1.000000
27802 -39.591133 -82.341965 22.613092 1.000000
27803 -40.507904 -81.669296 21.863560 1.000000
27804 -40.894379 -82.380371 20.212269 1.000000
27805 -40.750832 -83.022972 18.529530 1.000000
27806 -38.686134 -82.207977 13.812116 1.000000
27807 -38.913219 -83.041161 14.213976 1.000000
27808 -37.997334 -83.203857 12.584833 1.000000
27809 -37.292747 -84.283630 11.493937 1.000000
27810 -36.418968 -85.292473 10.601031 1.000000
27811 -35.488430 -86.400864 9.946237 1.000000
27812 -35.146954 -85.237518 9.478140 1.000000
27813 -33.867474 -85.111862 8.454246 1.000000
27816 -32.306595 -84.246437 7.448308 1.000000
27817 -32.134212 -83.182175 7.014659 1.000000
27819 -37.946205 -79.187912 7.094102 1.000000
27820 -36.366711 -79.298950 6.463162 1.000000
27821 -37.302437 -79.705757 6.004112 1.000000
27822 -36.509529 -80.454063 4.984323 1.000000
27823 -35.596470 -81.396355 3.945468 1.000000
27824 -34.700493 -82.453270 2.879456 1.000000
27825 -36.564510 -82.050461 3.597849 1.000000
27826 -37.707207 -82.724480 3.360433 1.000000
28436 -42.314396 -84.408134 0.017609 1.000000
28437 -41.861214 -84.997208 -1.127723 1.000000
28438 -42.585396 -83.775040 -0.674879 1.000000
28439 -42.621574 -83.033073 -1.304028 1.000000
28440 -42.413677 -82.340477 -2.035885 1.000000
28441 -42.079132 -76.492928 -3.586434 1.000000
28442 -41.729057 -78.262680 -3.516244 1.000000
28443 -42.098034 -77.292114 -4.272322 1.000000
28444 -42.089119 -78.338287 -5.181235 1.000000
28445 -42.443977 -79.359108 -6.411664 1.000000
28446 -42.998245 -80.134430 -7.317547 1.000000
28447 -43.384701 -78.376831 -6.935903 1.000000
28448 -44.341156 -77.268608 -7.422901 1.000000
28449 -44.957153 -76.414787 -8.041774 1.000000
28450 -46.255325 -66.262611 -3.662889 1.000000
28451 -45.151749 -66.948257 -3.646688 1.000000
28452 -46.113884 -66.680588 -4.097524 1.000000
28453 -46.121498 -67.116501 -4.388990 1.000000
28454 -46.061317 -67.507675 -4.725047 1.000000
28455 -42.177113 -65.995956 -4.856128 1.000000
28456 -42.950039 -66.741096 -4.859709 1.000000
28457 -41.880898 -67.799873 -5.160190 1.000000
28458 -42.248806 -69.610626 -5.733752 1.000000
28459 -42.789013 -71.241074 -6.541469 1.000000
28460 -43.577660 -72.671066 -7.400477 1.000000
28461 -42.530670 -72.600746 -7.396332 1.000000
28462 -42.293732 -73.887970 -8.060921 1.000000
28463 -41.963818 -75.077049 -8.924606 1.000000
28464 -41.730122 -76.027313 -10.080807 1.000000
28465 -41.061779 -74.821365 -9.081903 1.000000
28466 -40.158623 -74.159195 -9.315251 1.000000
28467 -39.380959 -73.207985 -9.578865 1.000000
28468 -39.788277 -63.929588 -9.497647 1.000000
28469 -39.505035 -66.117935 -10.177283 1.000000
28470 -40.190514 -64.647972 -10.722596 1.000000
28471 -40.693604 -65.430191 -11.864676 1.000000
28472 -41.262718 -66.155998 -12.948328 1.000000
28473 -41.555771 -66.835007 -13.977440 1.000000
28474 -41.719460 -64.675400 -13.604059 1.000000
28475 -42.098419 -63.538280 -14.212751 1.000000
28476 -42.466911 -62.172443 -14.776774 1.000000
28490 -55.001808 -57.396534 -14.312853 1.000000
28500 -53.213001 -53.153374 -17.768560 1.000000
28501 -52.792671 -54.552116 -16.938229 1.000000
28502 -51.740093 -53.559772 -16.168198 1.000000
28503 -50.281349 -53.727905 -14.205017 1.000000
28504 -48.770988 -53.885864 -12.240167 1.000000
28505 -47.364277 -54.185066 -10.386615 1.000000
28506 -47.497475 -53.135345 -11.522064 1.000000
28507 -46.193680 -52.630596 -10.866660 1.000000
28992 -28.708202 -92.764877 -5.704485 1.000000
28993 -29.665997 -91.600327 -6.668091 1.000000
28994 -31.567770 -90.530670 -7.308604 1.000000
28995 -32.624062 -88.967690 -6.285620 1.000000
28996 -33.250816 -89.444855 -6.870046 1.000000
28997 -33.859455 -90.075485 -7.466255 1.000000
28998 -36.007240 -89.708328 -7.458397 1.000000
28999 -37.809383 -88.981544 -7.407258 1.000000
29000 -39.321922 -87.733231 -7.138949 1.000000
29546 -52.467793 -61.979927 -1.707352 1.000000
29547 -52.125366 -62.872749 -2.279041 1.000000
29548 -53.299599 -62.523994 -2.367804 1.000000
29549 -53.962574 -62.297752 -3.219038 1.000000
29550 -54.464752 -61.536713 -3.994147 1.000000
29553 -54.420410 -60.579151 -4.509555 1.000000
29554 -53.983925 -59.721447 -5.078826 1.000000
29555 -53.751789 -58.903053 -5.770049 1.000000
29556 -53.686260 -57.999348 -6.670001 1.000000
29600 -30.558004 -67.099960 -15.046808 1.000000
29602 -33.729561 -64.527527 -15.530614 1.000000
29603 -35.209560 -62.393291 -15.539373 1.000000
29604 -37.370380 -62.948803 -16.502720 1.000000
29605 -37.037392 -61.539814 -16.464277 1.000000
29606 -36.642395 -60.218433 -16.355656 1.000000
29607 -37.637535 -58.393970 -17.790663 1.000000
30233 -35.537785 -81.918587 -14.856153 1.000000
30234 -36.981609 -82.497246 -14.783792 1.000000
30235 -36.754322 -81.479149 -14.398710 1.000000
30236 -36.783672 -80.446999 -14.119761 1.000000
30237 -37.724327 -79.071419 -14.167111 1.000000
30238 -38.607697 -77.838394 -14.440280 1.000000
30239 -39.164391 -76.400131 -14.321933 1.000000
31214 -41.724953 -80.503006 7.467021 1.000000
31215 -42.473419 -81.386368 6.986433 1.000000
31216 -43.290901 -80.605301 7.805489 1.000000
31217 -44.777088 -80.302383 8.140776 1.000000
31218 -46.141785 -79.514641 8.258737 1.000000
31219 -45.580517 -78.518150 9.933171 1.000000
31220 -46.527859 -78.552956 9.212611 1.000000
31221 -47.368141 -78.462677 8.280681 1.000000
31222 -48.373890 -77.230904 8.281485 1.000000
31223 -48.906231 -75.853104 8.144429 1.000000
31224 -48.772381 -74.569016 7.840945 1.000000
31225 -41.148117 -69.249908 11.575951 1.000000
31226 -42.039623 -70.119644 10.840134 1.000000
31227 -41.658150 -68.922928 10.576715 1.000000
31228 -42.185524 -68.489372 9.892298 1.000000
31229 -42.924843 -67.978333 9.210808 1.000000
31230 -42.425961 -66.248650 9.612686 1.000000
31231 -42.833702 -66.809570 9.081836 1.000000
31232 -43.336620 -67.435005 8.429581 1.000000
31233 -43.148010 -66.680939 7.587183 1.000000
31234 -42.705059 -65.711006 6.815872 1.000000
31235 -42.674103 -64.613647 5.995319 1.000000
31236 -42.863808 -63.509064 5.232418 1.000000
31237 -43.617203 -63.414997 5.704238 1.000000
31238 -44.882637 -62.427193 5.542293 1.000000
31239 -46.390919 -61.693214 5.533723 1.000000
31240 -46.297070 -62.837395 6.905052 1.000000
31241 -47.055786 -62.272545 6.224066 1.000000
31242 -47.930214 -61.368549 5.620418 1.000000
31243 -49.466740 -61.449291 5.823916 1.000000
31244 -50.926613 -61.530926 6.121758 1.000000
31245 -52.329304 -61.712471 6.349881 1.000000
31265 -46.820656 -54.708904 7.431436 1.000000
31266 -48.219540 -55.724926 7.406141 1.000000
31267 -49.615540 -56.653053 7.622427 1.000000
31268 -50.917480 -57.602699 7.928903 1.000000
31269 -50.549648 -56.468849 7.021379 1.000000
31270 -51.373798 -56.072430 6.397830 1.000000
31271 -52.242889 -55.560974 5.829719 1.000000
31371 -33.489712 -79.060898 19.815676 1.000000
31372 -33.468887 -79.381004 18.115881 1.000000
31373 -33.558807 -79.630356 16.523542 1.000000
31374 -34.230118 -80.280991 18.112095 1.000000
31375 -34.998653 -81.258339 18.109039 1.000000
31376 -35.538483 -82.414169 17.840023 1.000000
31377 -35.775856 -82.813698 20.727861 1.000000
31378 -35.943634 -83.129555 19.180622 1.000000
31379 -35.870029 -83.564255 17.614376 1.000000
31380 -36.197933 -84.583534 17.383919 1.000000
31381 -36.564682 -85.422905 16.857914 1.000000
31382 -36.960876 -86.159286 16.207512 1.000000
31383 -42.594021 -78.627068 20.452047 1.000000
31384 -42.679771 -79.811295 19.710615 1.000000
31385 -42.914936 -79.249405 18.991211 1.000000
31386 -42.304848 -80.119797 17.509619 1.000000
31387 -41.015442 -80.835434 16.319614 1.000000
31388 -41.622368 -78.999527 16.391857 1.000000
31389 -40.629433 -80.193344 15.774923 1.000000
31390 -39.636955 -81.233444 14.881149 1.000000
31391 -38.472679 -81.115921 13.508402 1.000000
31392 -37.410164 -80.848747 12.197592 1.000000
31393 -36.389328 -80.661926 10.840867 1.000000
31394 -35.521866 -80.616364 9.556252 1.000000
31395 -36.398491 -79.540039 10.374289 1.000000
31396 -36.789715 -78.731377 9.757723 1.000000
31397 -37.518223 -78.416748 8.952385 1.000000
31398 -39.099171 -77.584335 10.455026 1.000000
31399 -38.807045 -77.984215 9.221637 1.000000
31400 -38.516407 -78.644852 8.157427 1.000000
31401 -39.554665 -79.119743 7.676088 1.000000
31402 -40.640160 -79.777718 7.542972 1.000000
31877 -42.466801 -79.661438 0.460120 1.000000
31878 -42.445477 -80.202797 -0.457650 1.000000
31879 -41.910255 -78.889359 -0.324851 1.000000
31880 -41.545055 -78.035912 -1.115785 1.000000
31881 -41.494698 -77.049889 -1.976873 1.000000
31882 -40.847328 -74.737289 -1.008345 1.000000
31883 -41.376656 -75.312294 -2.021940 1.000000
31884 -41.846230 -75.850235 -2.774666 1.000000
31885 -42.527222 -74.936264 -3.573534 1.000000
31886 -43.127007 -73.974800 -4.293880 1.000000
31887 -43.916275 -72.994461 -4.751418 1.000000
31888 -47.525711 -64.400223 -5.644384 1.000000
31889 -46.921894 -65.074753 -5.392273 1.000000
31890 -46.889374 -64.337120 -5.590666 1.000000
31891 -45.856434 -64.192520 -5.440790 1.000000
31892 -44.429066 -64.187126 -5.025001 1.000000
31893 -45.440132 -62.503155 -5.716601 1.000000
31894 -44.195431 -63.331226 -5.194860 1.000000
31895 -43.014309 -64.376183 -4.802072 1.000000
31896 -41.534801 -65.147232 -4.969020 1.000000
31897 -40.434196 -66.357437 -5.581337 1.000000
31898 -39.662746 -67.677391 -6.357196 1.000000
31899 -39.238869 -68.956001 -7.321790 1.000000
31900 -39.284576 -66.710701 -6.735049 1.000000
31901 -39.178589 -65.593765 -7.152498 1.000000
31902 -39.353336 -64.351730 -7.547511 1.000000
31903 -41.033955 -61.653881 -6.049648 1.000000
31904 -40.094261 -62.392689 -6.974994 1.000000
31905 -39.691307 -63.102123 -8.161103 1.000000
31906 -40.183174 -61.908791 -8.750613 1.000000
31907 -40.481915 -60.788567 -9.311158 1.000000
31908 -40.539082 -59.507336 -9.852549 1.000000
32701 -40.937172 -84.427284 -13.450130 1.000000
32702 -42.437809 -82.612709 -12.946608 1.000000
33584 -44.705811 -75.556931 16.103994 1.000000
33585 -45.297283 -75.457146 15.050867 1.000000
33586 -44.973694 -74.774071 16.131321 1.000000
33587 -44.860619 -73.975937 15.517027 1.000000
33588 -44.213688 -73.419373 14.705508 1.000000
33589 -42.444515 -72.867104 16.427490 1.000000
33590 -43.004688 -72.907547 15.034517 1.000000
33591 -43.322903 -72.943832 14.009546 1.000000
33592 -42.460835 -72.246788 13.441113 1.000000
33593 -41.772217 -71.457565 13.153882 1.000000
33594 -41.196388 -70.514412 12.901263 1.000000
33598 -42.093159 -68.256248 18.102732 1.000000
33600 -40.854748 -69.364601 16.655552 1.000000
33601 -40.608955 -69.443176 15.282614 1.000000
33602 -40.616913 -69.465530 13.936612 1.000000
33603 -40.799088 -69.342819 12.607399 1.000000
33604 -40.685963 -68.217117 12.360099 1.000000
33605 -40.904976 -67.127342 12.024897 1.000000
33606 -41.342449 -66.189651 11.642950 1.000000
33607 -41.336617 -66.089828 13.256805 1.000000
33608 -41.491333 -65.695511 12.160053 1.000000
33609 -41.835003 -65.377213 11.268610 1.000000
33610 -42.396927 -64.647758 10.814308 1.000000
33611 -43.075787 -64.050438 10.525910 1.000000
33612 -44.023521 -63.585827 10.468828 1.000000
33733 -38.810337 -78.670815 25.396376 1.000000
33734 -39.385487 -79.947433 24.296110 1.000000
33735 -40.294266 -79.480148 23.710260 1.000000
33736 -41.006470 -78.980362 23.278755 1.000000
33737 -41.420311 -78.490234 22.686586 1.000000
33740 -40.972759 -74.575790 26.528194 1.000000
33742 -41.143726 -74.095009 25.638754 1.000000
33743 -40.167606 -75.119431 25.239241 1.000000
33744 -40.296242 -76.093864 23.941982 1.000000
33745 -40.976460 -77.100784 22.994663 1.000000
33746 -41.899239 -78.001282 21.865826 1.000000
33747 -42.400414 -77.526138 21.058502 1.000000
33748 -42.823597 -77.067848 20.158278 1.000000
33749 -43.074345 -76.720665 19.372316 1.000000
33750 -42.280300 -74.987137 20.338562 1.000000
33751 -42.870632 -75.696465 19.561632 1.000000
33752 -43.305977 -76.396751 18.599163 1.000000
33753 -43.692516 -76.074898 17.606785 1.000000
33754 -44.229393 -75.801445 16.820675 1.000000
34184 -40.885864 -66.477173 -0.545962 1.000000
34185 -41.149006 -67.230179 -1.284234 1.000000
34186 -42.170685 -65.713760 -1.385168 1.000000
34187 -43.622940 -65.368095 -2.131651 1.000000
34188 -45.004425 -65.453384 -2.769042 1.000000
34189 -46.280617 -64.371162 -2.535240 1.000000
34190 -46.272842 -65.055992 -2.933419 1.000000
34191 -46.309772 -65.686134 -3.265515 1.000000
34192 -47.289936 -65.860794 -3.843170 1.000000
34193 -47.809216 -65.748985 -4.572983 1.000000
34194 -47.975548 -65.184700 -5.174753 1.000000
34195 -51.801006 -63.506359 -2.941200 1.000000
34196 -51.437550 -63.990639 -3.585013 1.000000
34197 -50.950237 -64.220459 -4.267952 1.000000
34198 -52.489124 -62.826012 -4.786851 1.000000
34199 -51.438507 -63.618919 -4.870469 1.000000
34200 -50.152805 -64.309631 -4.819743 1.000000
34201 -49.537296 -64.509216 -5.191399 1.000000
34202 -48.788876 -64.521103 -5.450611 1.000000
34203 -48.148396 -64.450722 -5.582484 1.000000
34204 -48.409416 -63.771416 -6.019794 1.000000
34205 -48.647190 -63.159534 -6.320977 1.000000
34206 -48.872990 -62.505432 -6.645944 1.000000
34207 -50.606159 -62.264057 -7.398691 1.000000
34208 -49.901276 -61.992901 -7.142378 1.000000
34209 -48.894882 -61.591309 -6.941270 1.000000
34210 -49.034714 -60.439423 -7.306226 1.000000
34211 -49.098202 -59.475395 -7.899987 1.000000
34212 -49.105312 -58.854332 -8.522359 1.000000
34338 -30.354700 -65.969131 -15.142444 1.000000
34339 -30.047815 -64.987183 -15.152802 1.000000
34340 -29.672247 -64.016190 -15.211233 1.000000
34341 -32.282036 -60.969128 -15.929419 1.000000
34342 -30.583492 -61.935009 -16.029425 1.000000
35994 -34.432198 -80.545341 -12.863642 1.000000
36000 -33.083351 -76.847862 -13.087834 1.000000
36001 -34.098427 -75.758690 -14.562510 1.000000
36002 -35.416618 -74.415947 -15.991182 1.000000
36003 -36.584038 -75.162399 -16.150919 1.000000
36004 -36.919796 -74.044838 -16.643383 1.000000
36005 -37.370037 -72.737511 -17.017603 1.000000
36006 -39.394447 -70.902084 -17.758053 1.000000
36008 -42.536785 -66.333382 -18.339676 1.000000
38530 -36.552120 -85.290810 -1.098898 1.000000
38531 -37.726379 -85.702507 -1.546077 1.000000
38532 -37.939659 -85.593613 -0.486974 1.000000
38533 -39.140987 -85.890343 0.089301 1.000000
38534 -40.398300 -85.840927 0.446677 1.000000
38535 -40.051025 -84.986374 2.235602 1.000000
38536 -40.754040 -85.456741 1.521366 1.000000
38537 -41.574024 -85.165550 0.723065 1.000000
38538 -42.579445 -84.290932 0.936226 1.000000
38539 -43.251404 -83.101837 1.099554 1.000000
38540 -43.490192 -81.943283 1.125779 1.000000
38541 -43.128548 -82.162369 6.295738 1.000000
38542 -43.892460 -82.590057 5.583468 1.000000
38543 -44.434124 -82.763733 4.821677 1.000000
38544 -46.333965 -80.646561 5.236946 1.000000
38545 -45.604076 -81.688087 4.546192 1.000000
38546 -44.661198 -82.546158 3.850455 1.000000
38547 -44.467304 -82.202408 2.915419 1.000000
38548 -43.998863 -81.520126 2.089086 1.000000
38549 -43.350647 -80.718590 1.266667 1.000000
38550 -42.843094 -79.333267 1.354614 1.000000
38551 -42.026245 -77.695862 1.675807 1.000000
38552 -41.093681 -76.306160 1.830663 1.000000
38553 -42.920631 -76.845924 3.534324 1.000000
38554 -41.489456 -76.027275 2.801532 1.000000
38555 -40.465977 -74.904770 1.901880 1.000000
38556 -40.039665 -73.346359 1.859597 1.000000
38557 -39.709526 -71.646362 1.598964 1.000000
38558 -39.700298 -69.885254 1.159872 1.000000
38559 -46.021465 -75.316238 13.870842 1.000000
38560 -46.898872 -75.260887 12.835635 1.000000
38561 -47.510616 -75.091820 11.794512 1.000000
38562 -46.216377 -73.829109 11.819611 1.000000
38563 -47.256401 -74.303703 11.340815 1.000000
38564 -48.018044 -74.778595 10.810828 1.000000
38565 -48.510193 -74.143478 9.881544 1.000000
38566 -48.560860 -73.597336 8.761563 1.000000
38567 -47.971497 -73.430115 7.409399 1.000000
38568 -43.093498 -70.865463 10.170241 1.000000
38569 -44.196632 -71.201561 9.613219 1.000000
38570 -45.188667 -71.344307 9.127781 1.000000
38571 -44.746956 -69.939697 8.067463 1.000000
38572 -45.490776 -70.777702 8.281008 1.000000
38573 -46.200142 -71.451584 8.582328 1.000000
38574 -46.836201 -71.766449 7.789836 1.000000
38575 -46.899666 -72.510368 6.953086 1.000000
38576 -46.792133 -73.324760 6.431564 1.000000
38577 -45.411629 -73.086716 5.813601 1.000000
38578 -43.871368 -72.809921 5.453512 1.000000
38579 -42.229576 -72.531281 5.076655 1.000000
38580 -41.886169 -70.313049 4.997018 1.000000
38581 -41.263626 -71.121475 4.793316 1.000000
38582 -40.711021 -71.826164 4.459458 1.000000
38583 -39.700073 -70.804085 3.413427 1.000000
38584 -39.506886 -69.453087 2.024431 1.000000
38585 -39.916016 -67.891830 0.575172 1.000000
38586 -40.657810 -66.120018 0.270045 1.000000
38587 -41.929096 -64.763016 -0.001772 1.000000
38588 -43.329624 -63.803528 -0.294719 1.000000
38589 -41.852215 -63.648144 1.597521 1.000000
38590 -43.335182 -63.220695 0.341619 1.000000
38591 -44.868137 -63.149910 -0.580069 1.000000
38592 -46.420990 -62.442055 -0.757928 1.000000
38593 -47.956612 -61.733986 -0.951477 1.000000
38594 -49.577461 -61.282574 -1.117685 1.000000
38595 -43.380859 -62.510918 4.409527 1.000000
38596 -44.360126 -61.646557 3.497046 1.000000
38597 -45.384533 -60.962219 2.526430 1.000000
38598 -47.566223 -60.261749 3.181243 1.000000
38599 -47.006676 -60.387745 2.210722 1.000000
38600 -46.615391 -60.544716 1.336595 1.000000
38601 -48.168591 -60.380810 0.517287 1.000000
38602 -49.726604 -60.440331 -0.378907 1.000000
38603 -51.189499 -61.130993 -1.120494 1.000000
38604 -52.706078 -61.056725 -0.996393 1.000000
38605 -54.033379 -60.944134 -0.872215 1.000000
38606 -55.184875 -60.623146 -0.797039 1.000000
38607 -54.343903 -59.782703 0.840216 1.000000
38608 -55.420998 -60.150562 0.175592 1.000000
38609 -56.355522 -60.157646 -0.698380 1.000000
38636 -42.870415 -63.706593 12.633555 1.000000
38637 -43.463886 -63.391045 11.812119 1.000000
38638 -44.252724 -63.275810 11.192203 1.000000
38639 -45.156483 -63.385918 10.797737 1.000000
38652 -43.592987 -54.877991 9.868398 1.000000
38665 -46.406960 -63.311077 11.217672 1.000000
38666 -46.224072 -63.729431 10.457785 1.000000
38667 -47.390789 -63.982189 10.116057 1.000000
38668 -48.703842 -64.114403 9.630705 1.000000
38669 -49.926254 -64.114548 9.081663 1.000000
38670 -51.345146 -63.751190 10.630496 1.000000
38671 -51.268871 -64.367165 9.680583 1.000000
38672 -50.877262 -63.958721 8.578221 1.000000
38673 -51.931969 -63.572205 8.010350 1.000000
38674 -52.922997 -62.742699 7.367467 1.000000
38675 -53.970325 -61.951942 6.670773 1.000000
38676 -52.166187 -58.566650 8.286890 1.000000
38677 -53.331177 -59.506786 8.521585 1.000000
38678 -54.519264 -60.548920 8.645115 1.000000
38681 -55.484642 -61.305340 8.493088 1.000000
38682 -55.762768 -61.987511 7.782365 1.000000
38683 -55.537285 -61.859486 6.730069 1.000000
38684 -55.017570 -61.271992 5.726257 1.000000
38685 -56.109428 -60.881580 4.970671 1.000000
38686 -57.101788 -60.496513 4.346305 1.000000
38945 -33.156128 -80.004311 15.209436 1.000000
38946 -32.247234 -80.604996 14.049258 1.000000
38947 -31.025909 -81.584122 12.983887 1.000000
38948 -32.878895 -82.930580 14.037580 1.000000
38949 -31.388004 -82.659912 12.961451 1.000000
38950 -29.895233 -82.594200 12.330599 1.000000
38964 -37.532269 -84.304070 23.238338 1.000000
38965 -37.683281 -84.788361 21.797909 1.000000
38966 -38.983246 -83.701889 21.796974 1.000000
38967 -38.458103 -84.656548 21.096394 1.000000
38968 -37.907902 -85.179977 20.223291 1.000000
38969 -38.069786 -85.358864 18.669847 1.000000
38970 -38.008278 -85.830124 16.959412 1.000000
38971 -37.447033 -86.593887 15.420894 1.000000
38972 -42.098503 -81.209290 18.758429 1.000000
38973 -41.160320 -82.476936 17.820793 1.000000
38974 -40.251354 -83.647484 16.844711 1.000000
38975 -39.133797 -83.722672 14.672360 1.000000
38976 -39.377975 -84.334709 15.334356 1.000000
38977 -39.550343 -84.743172 15.996753 1.000000
38978 -38.731949 -85.723969 15.258217 1.000000
38979 -37.767406 -86.689743 14.524216 1.000000
38980 -36.758801 -87.441132 13.880487 1.000000
38981 -35.738068 -88.399460 12.536730 1.000000
38982 -34.830971 -88.907486 11.650047 1.000000
38983 -33.828552 -89.291824 10.907801 1.000000
38984 -34.532753 -87.431992 9.650061 1.000000
38985 -33.644051 -88.550011 9.939309 1.000000
38999 -34.580029 -80.629150 8.389786 1.000000
39000 -33.490368 -80.866470 7.137684 1.000000
39001 -32.287689 -81.258530 6.039927 1.000000
39002 -34.637520 -79.827179 5.952627 1.000000
39003 -32.818192 -80.709839 5.453049 1.000000
39016 -35.051167 -85.311447 -2.125471 1.000000
39255 -29.252869 -90.054436 -4.638255 1.000000
39258 -30.451401 -88.443382 -4.361663 1.000000
40234 -38.278061 -85.926926 -2.178643 1.000000
40235 -38.781883 -86.144356 -2.850439 1.000000
40236 -39.289047 -86.522430 -3.633167 1.000000
40237 -41.264259 -85.412827 -2.321349 1.000000
40238 -40.524101 -85.880936 -3.408763 1.000000
40239 -39.717072 -86.822098 -4.477052 1.000000
40240 -40.112232 -86.729431 -5.220677 1.000000
40241 -40.181351 -86.533157 -5.968064 1.000000
40242 -40.258682 -86.337296 -6.723013 1.000000
40243 -42.493237 -80.535522 -1.079867 1.000000
40244 -42.402779 -80.912979 -1.797739 1.000000
40245 -42.123291 -81.827904 -2.842663 1.000000
40246 -41.687874 -79.852417 -3.481562 1.000000
40247 -41.834869 -81.320656 -3.673505 1.000000
40248 -41.773106 -82.714462 -4.177344 1.000000
40249 -41.270905 -83.673599 -5.460217 1.000000
40250 -40.867523 -84.770889 -6.453140 1.000000
40251 -40.612453 -85.948174 -7.387684 1.000000
40252 -41.176048 -85.405998 -8.050871 1.000000
40253 -41.663998 -84.773590 -8.743879 1.000000
40254 -42.228958 -83.959045 -9.556982 1.000000
40255 -43.386433 -80.935493 -8.225920 1.000000
40256 -43.363213 -81.966530 -9.275452 1.000000
40257 -42.732227 -83.089981 -10.392505 1.000000
40258 -43.166710 -82.347855 -11.049785 1.000000
40259 -43.258484 -81.581093 -11.692514 1.000000
40260 -43.336815 -80.795540 -12.321321 1.000000
40261 -41.500271 -68.196472 -2.004890 1.000000
40262 -42.036247 -69.051559 -2.649688 1.000000
40263 -42.534214 -69.738785 -3.169544 1.000000
40264 -44.284790 -67.830795 -3.700600 1.000000
40265 -43.618225 -68.891403 -3.701971 1.000000
40266 -43.087593 -70.274536 -3.696440 1.000000
40267 -43.666225 -70.784248 -4.163125 1.000000
40268 -44.145573 -71.420235 -4.552424 1.000000
40269 -44.417587 -72.254135 -4.993639 1.000000
40270 -46.298771 -65.764420 -5.119480 1.000000
40271 -45.786514 -66.696350 -4.953203 1.000000
40272 -45.492607 -67.682556 -4.971624 1.000000
40273 -43.907570 -67.448502 -4.985002 1.000000
40274 -44.869839 -68.064156 -5.100374 1.000000
40275 -45.509144 -68.823425 -5.080058 1.000000
40276 -45.489628 -70.072685 -5.225768 1.000000
40277 -45.192360 -71.556946 -5.370296 1.000000
40278 -44.752163 -73.179886 -5.636660 1.000000
40279 -44.941711 -74.112289 -6.623856 1.000000
40280 -45.136066 -74.714317 -7.700609 1.000000
40281 -44.893120 -75.833122 -8.467798 1.000000
40282 -44.224251 -74.066734 -7.982859 1.000000
40283 -44.422192 -75.436295 -8.604412 1.000000
40284 -44.430107 -76.900352 -9.292814 1.000000
40285 -44.154171 -78.002197 -10.374711 1.000000
40286 -43.673908 -79.092766 -11.550802 1.000000
40287 -43.158466 -80.166122 -12.899379 1.000000
40288 -42.743961 -79.673706 -13.170362 1.000000
40289 -41.985455 -79.172134 -13.036847 1.000000
40290 -41.001472 -78.680885 -12.670237 1.000000
40291 -41.278015 -76.827774 -10.985132 1.000000
40292 -40.642174 -77.516869 -11.725571 1.000000
40293 -40.028526 -77.928123 -12.538507 1.000000
40294 -39.209370 -77.001755 -12.602704 1.000000
40295 -39.153236 -76.012299 -13.202123 1.000000
40296 -39.480881 -75.198952 -13.995662 1.000000
40297 -39.165455 -70.316376 -8.308720 1.000000
40298 -39.100361 -71.315193 -9.201754 1.000000
40299 -39.020962 -71.862267 -10.120144 1.000000
40300 -39.298786 -68.489578 -10.604115 1.000000
40301 -39.059750 -70.452499 -10.893363 1.000000
40302 -39.166771 -72.314598 -11.274844 1.000000
40303 -39.442089 -72.959305 -12.496303 1.000000
40304 -39.824066 -73.599907 -13.560323 1.000000
40305 -40.072289 -74.262062 -14.796620 1.000000
40306 -40.663883 -73.146019 -15.513481 1.000000
40307 -41.270214 -71.864258 -16.085495 1.000000
40308 -41.884792 -70.557755 -16.415314 1.000000
40309 -41.909962 -67.537842 -14.924924 1.000000
40310 -42.285469 -68.414742 -15.902109 1.000000
40311 -42.502983 -69.152390 -16.823357 1.000000
40312 -42.969707 -67.555092 -17.344408 1.000000
40313 -43.407387 -65.919670 -17.890516 1.000000
40314 -43.605953 -64.465408 -18.636818 1.000000
40332 -54.314423 -57.685059 -8.560648 1.000000
40333 -54.355675 -58.619347 -9.337931 1.000000
40334 -54.001423 -59.453381 -9.945702 1.000000
40335 -53.475166 -59.869221 -10.306082 1.000000
40336 -55.420067 -58.133747 -11.750745 1.000000
40337 -54.189411 -59.294823 -11.290730 1.000000
40338 -52.789513 -59.795746 -10.390838 1.000000
40339 -51.841633 -59.390236 -10.210213 1.000000
40340 -50.577412 -58.899372 -9.833983 1.000000
40341 -49.323586 -58.273937 -9.293552 1.000000
40361 -55.077126 -56.707375 -15.663691 1.000000
40362 -53.961761 -57.255760 -14.746344 1.000000
40363 -52.479969 -55.657726 -15.835793 1.000000
40364 -52.614098 -56.531635 -14.642169 1.000000
40365 -52.721184 -57.505684 -13.358465 1.000000
40366 -51.446327 -57.522575 -11.748739 1.000000
40367 -49.850708 -57.586754 -10.037767 1.000000
40368 -47.958809 -57.762096 -8.470507 1.000000
40369 -46.729744 -57.382042 -7.773489 1.000000
40370 -45.501274 -56.994698 -7.217650 1.000000
40371 -44.047649 -56.759827 -7.030542 1.000000
40372 -45.881340 -54.715935 -8.899508 1.000000
40373 -44.208702 -55.547386 -7.806158 1.000000
40374 -42.531868 -56.862598 -7.272666 1.000000
40375 -41.324722 -57.036182 -7.988439 1.000000
40376 -40.698856 -57.481422 -9.156702 1.000000
40377 -40.607780 -58.085339 -10.517115 1.000000
40384 -41.153622 -54.901085 -10.619978 1.000000
40385 -40.706566 -56.810669 -11.208611 1.000000
40386 -40.942513 -58.759834 -11.861839 1.000000
40387 -41.397556 -59.533653 -13.164949 1.000000
40388 -41.978912 -60.137867 -14.443552 1.000000
40389 -42.727772 -60.662121 -15.614862 1.000000
40390 -42.186592 -57.511696 -16.390682 1.000000
40391 -42.858055 -59.503124 -16.694599 1.000000
40392 -43.600113 -61.324787 -16.816736 1.000000
40393 -44.165035 -61.794106 -17.870415 1.000000
40394 -44.175190 -62.207314 -18.934372 1.000000
