#!ascii label, from cvs_avg35 to fsaverage6
282
32 -23.803612 -78.704208 16.998997 1.000000
136 -29.270123 -92.965805 9.674683 1.000000
306 -25.646469 -86.854446 13.130911 1.000000
550 -40.906830 -81.081581 6.551770 1.000000
565 -32.745697 -78.632370 16.681274 1.000000
566 -36.325356 -86.945305 14.733866 1.000000
567 -35.628998 -81.779884 9.830786 1.000000
782 -23.288767 -82.523827 21.320154 1.000000
786 -23.549969 -82.618271 13.104151 1.000000
1252 -34.794628 -81.837875 22.318356 1.000000
1253 -35.099525 -82.914536 16.274273 1.000000
2290 -38.042854 -84.059067 2.210320 1.000000
2292 -43.498970 -83.518669 4.031939 1.000000
2336 -29.476543 -81.637207 12.415277 1.000000
2337 -31.469898 -86.298805 12.308125 1.000000
2338 -32.860142 -89.883377 11.471254 1.000000
2340 -36.679195 -86.260666 11.181244 1.000000
2341 -31.569906 -86.726303 8.277872 1.000000
2342 -30.784674 -82.627892 5.544118 1.000000
2343 -33.607277 -81.980743 3.295936 1.000000
2702 -23.191029 -80.269302 19.195799 1.000000
2706 -23.476286 -80.407501 14.796005 1.000000
3173 -36.100834 -83.591209 21.936752 1.000000
3201 -27.597086 -91.157364 8.035040 1.000000
3798 -21.966074 -91.247719 13.995712 1.000000
3799 -24.614035 -89.849785 13.598361 1.000000
3800 -26.175995 -91.787399 13.358113 1.000000
3801 -26.813913 -88.860153 13.277684 1.000000
5085 -40.808582 -84.233231 3.418995 1.000000
5086 -42.359989 -82.940086 5.429911 1.000000
5197 -30.384119 -77.863968 14.596222 1.000000
5198 -28.535303 -79.710526 12.779424 1.000000
5199 -31.576717 -79.686195 14.057881 1.000000
5200 -35.577152 -85.063858 15.864471 1.000000
5201 -33.290947 -84.107620 13.847239 1.000000
5202 -34.060944 -86.523422 13.461660 1.000000
5203 -32.369343 -88.639313 12.526670 1.000000
5204 -34.692520 -88.612686 12.667274 1.000000
5208 -37.736389 -82.139999 12.342314 1.000000
5209 -38.173996 -83.980179 13.035284 1.000000
5210 -36.077156 -84.232376 10.222979 1.000000
5211 -34.224266 -86.291092 8.936579 1.000000
5212 -33.631420 -83.984398 8.146294 1.000000
5213 -30.862360 -84.661903 6.842536 1.000000
5214 -33.442059 -81.860794 7.723923 1.000000
5218 -35.855225 -82.951256 2.476761 1.000000
6016 -22.523273 -84.793312 23.502567 1.000000
6024 -24.497284 -84.812790 12.673037 1.000000
6862 -34.065086 -80.081924 19.594387 1.000000
6863 -34.290634 -80.601524 16.537741 1.000000
6864 -35.422421 -81.950821 19.545492 1.000000
6865 -36.377083 -84.197655 18.877707 1.000000
6866 -37.409454 -85.502975 17.743389 1.000000
7818 -29.392279 -92.556892 11.772099 1.000000
8408 -24.683985 -78.898804 21.445347 1.000000
9565 -25.459530 -77.777435 14.989779 1.000000
9566 -25.659588 -79.846222 13.173703 1.000000
9567 -26.384766 -82.030426 12.370165 1.000000
9568 -27.464870 -83.982346 12.071870 1.000000
9569 -32.539520 -81.762894 14.068149 1.000000
9570 -30.476700 -83.725471 12.131094 1.000000
9571 -28.606085 -86.362686 12.401097 1.000000
9572 -29.610056 -88.755203 12.705336 1.000000
9573 -30.655081 -90.462631 12.357945 1.000000
9580 -36.896076 -87.584702 12.841108 1.000000
9581 -34.771149 -88.406189 10.523353 1.000000
9582 -32.411217 -88.842644 9.517390 1.000000
9583 -29.994192 -89.880379 8.990919 1.000000
9584 -28.777624 -87.710953 7.688132 1.000000
9585 -27.957378 -85.542625 5.805446 1.000000
9587 -33.906250 -80.151031 6.530412 1.000000
9588 -31.822800 -81.549881 4.288922 1.000000
9589 -30.220745 -83.418831 1.801183 1.000000
10382 -23.412086 -79.444397 18.072052 1.000000
10383 -22.588903 -81.095901 17.945362 1.000000
10384 -22.938051 -80.300529 16.818226 1.000000
10385 -22.679501 -81.082504 15.742569 1.000000
10386 -23.605206 -79.513725 15.888705 1.000000
11477 -24.447983 -87.542603 13.406711 1.000000
11478 -23.902718 -88.978928 13.761389 1.000000
11479 -25.092686 -88.507004 13.594790 1.000000
11480 -25.743958 -89.369530 13.517118 1.000000
11481 -26.214930 -87.873520 13.272919 1.000000
12766 -41.548698 -82.115402 5.902127 1.000000
12873 -32.785393 -78.338066 18.391325 1.000000
12877 -31.640156 -78.156631 15.362425 1.000000
12878 -30.993231 -78.772972 14.199908 1.000000
12879 -32.396942 -79.015701 15.231145 1.000000
12880 -35.920040 -86.105186 15.342804 1.000000
12881 -34.804070 -85.779564 14.489163 1.000000
12882 -35.171326 -86.859512 14.087016 1.000000
12883 -34.416382 -87.677048 13.198291 1.000000
12884 -35.529846 -87.792953 13.530989 1.000000
12888 -36.572132 -81.924126 11.148643 1.000000
12889 -36.936123 -83.202286 11.281586 1.000000
12890 -35.901585 -83.037903 10.129671 1.000000
12891 -34.968864 -83.974701 9.112642 1.000000
12892 -34.739655 -82.804176 8.920507 1.000000
12893 -33.488956 -82.919090 7.964747 1.000000
12894 -34.578754 -81.699463 8.758922 1.000000
13867 -23.035923 -83.678940 22.398289 1.000000
13877 -22.483589 -83.155334 13.825678 1.000000
13879 -22.613987 -84.291481 13.275128 1.000000
13880 -23.178179 -85.407280 13.077022 1.000000
13881 -23.931723 -83.684532 12.697667 1.000000
15276 -34.092304 -79.799049 21.358114 1.000000
15277 -34.531433 -80.927002 20.988293 1.000000
15278 -34.710094 -80.933899 19.655056 1.000000
15279 -35.139271 -81.809654 20.970242 1.000000
15280 -36.563221 -84.382233 21.390265 1.000000
15281 -36.295170 -83.835548 20.367300 1.000000
15282 -36.690754 -84.685936 19.966946 1.000000
15283 -36.828964 -84.974953 18.471949 1.000000
17155 -22.836828 -92.007133 13.884604 1.000000
17162 -27.314631 -91.337563 13.216311 1.000000
21017 -42.230019 -84.063431 3.887638 1.000000
21353 -25.548769 -78.712845 13.975763 1.000000
21354 -26.803186 -78.577415 13.521957 1.000000
21355 -28.984207 -80.757988 12.582553 1.000000
21356 -27.381653 -80.850990 12.442026 1.000000
21357 -27.862482 -81.862450 12.210217 1.000000
21358 -26.902569 -83.024765 12.098346 1.000000
21359 -28.348364 -82.739906 11.997386 1.000000
21360 -34.859238 -81.745506 16.399790 1.000000
21361 -33.644657 -81.144455 15.201755 1.000000
21362 -33.922096 -82.284370 15.208583 1.000000
21363 -32.373810 -85.044846 12.801161 1.000000
21364 -31.912928 -83.834778 12.840317 1.000000
21365 -30.995331 -84.963654 12.156843 1.000000
21366 -29.588461 -85.015541 11.984026 1.000000
21367 -30.000742 -86.378616 12.202489 1.000000
21368 -29.051687 -87.566727 12.620576 1.000000
21369 -30.448658 -87.597252 12.409691 1.000000
21370 -32.718937 -89.551254 12.224620 1.000000
21371 -31.550076 -89.686905 12.459917 1.000000
21372 -31.887182 -90.272324 11.921816 1.000000
21373 -31.018833 -90.908211 11.505247 1.000000
21374 -31.944998 -90.459129 10.977208 1.000000
21386 -37.537491 -85.093590 11.947741 1.000000
21387 -38.408375 -84.684212 13.696228 1.000000
21390 -36.837914 -87.053558 11.946732 1.000000
21392 -35.682594 -87.371490 10.610982 1.000000
21393 -32.901562 -86.354111 8.416780 1.000000
21394 -33.255280 -87.470543 9.056078 1.000000
21395 -31.941111 -87.780846 8.859063 1.000000
21396 -31.239285 -89.298309 9.348457 1.000000
21397 -30.653467 -88.279198 8.803419 1.000000
21398 -29.423138 -88.817734 8.409038 1.000000
21399 -30.190470 -87.250572 8.077281 1.000000
21400 -30.658514 -83.663185 6.121675 1.000000
21401 -29.368536 -85.118813 6.363359 1.000000
21402 -29.312992 -84.152588 5.412813 1.000000
21403 -28.035355 -84.652596 4.646417 1.000000
21404 -29.609781 -83.296143 4.491534 1.000000
21406 -34.884480 -79.824707 7.782781 1.000000
21408 -34.576538 -80.879417 4.395860 1.000000
21409 -33.615986 -80.622917 4.872177 1.000000
21410 -32.632122 -81.674484 3.726941 1.000000
21411 -30.924896 -82.512291 3.051564 1.000000
21412 -31.889648 -82.683693 2.569903 1.000000
21414 -33.017174 -82.995674 2.198302 1.000000
21415 -37.042839 -83.564980 2.333844 1.000000
21416 -35.305832 -83.785561 1.504821 1.000000
21417 -36.364742 -84.227859 1.320662 1.000000
23296 -23.259853 -81.339485 20.252483 1.000000
23298 -22.442366 -82.018692 19.074644 1.000000
23302 -21.773457 -82.817093 15.684469 1.000000
23303 -22.496832 -82.095444 14.672211 1.000000
23304 -23.395594 -81.496582 13.851199 1.000000
24143 -35.418674 -82.699570 22.353540 1.000000
24195 -26.794983 -90.009468 7.402698 1.000000
25271 -24.097042 -91.240097 13.484790 1.000000
25272 -24.914892 -92.124786 13.331021 1.000000
25273 -25.326447 -90.750748 13.465515 1.000000
25274 -26.500523 -90.293495 13.403395 1.000000
25275 -27.583445 -89.842735 13.222624 1.000000
27585 -39.452503 -84.145973 2.826161 1.000000
27586 -40.214775 -83.453384 3.908161 1.000000
27788 -28.092432 -78.527939 13.321678 1.000000
27789 -29.579168 -78.636894 13.523285 1.000000
27790 -30.095348 -79.673019 13.249631 1.000000
27791 -30.607325 -80.613449 13.055005 1.000000
27792 -35.261242 -84.052505 16.161745 1.000000
27793 -34.133801 -83.452957 15.088214 1.000000
27794 -34.455128 -84.646034 14.810933 1.000000
27795 -33.687263 -85.343040 13.591162 1.000000
27796 -32.860947 -86.234558 12.849187 1.000000
27797 -31.919937 -87.450966 12.466298 1.000000
27798 -33.279854 -87.475418 12.842787 1.000000
27799 -33.599434 -88.608093 12.610519 1.000000
27800 -33.834835 -89.332695 11.994596 1.000000
27806 -38.686134 -82.207977 13.812116 1.000000
27807 -38.913219 -83.041161 14.213976 1.000000
27808 -37.997334 -83.203857 12.584833 1.000000
27809 -37.292747 -84.283630 11.493937 1.000000
27810 -36.418968 -85.292473 10.601031 1.000000
27811 -35.488430 -86.400864 9.946237 1.000000
27812 -35.146954 -85.237518 9.478140 1.000000
27813 -33.867474 -85.111862 8.454246 1.000000
27814 -32.592487 -85.262573 7.920620 1.000000
27815 -31.256863 -85.674194 7.611629 1.000000
27816 -32.306595 -84.246437 7.448308 1.000000
27817 -32.134212 -83.182175 7.014659 1.000000
27818 -32.034878 -82.137589 6.627418 1.000000
27823 -35.596470 -81.396355 3.945468 1.000000
27824 -34.700493 -82.453270 2.879456 1.000000
27825 -36.564510 -82.050461 3.597849 1.000000
27826 -37.707207 -82.724480 3.360433 1.000000
29398 -22.107103 -85.593735 24.644016 1.000000
29400 -20.923550 -85.881226 23.641920 1.000000
29417 -23.913404 -86.564926 13.155817 1.000000
29418 -25.128941 -85.839470 12.804199 1.000000
31371 -33.489712 -79.060898 19.815676 1.000000
31372 -33.468887 -79.381004 18.115881 1.000000
31373 -33.558807 -79.630356 16.523542 1.000000
31374 -34.230118 -80.280991 18.112095 1.000000
31375 -34.998653 -81.258339 18.109039 1.000000
31376 -35.538483 -82.414169 17.840023 1.000000
31377 -35.775856 -82.813698 20.727861 1.000000
31378 -35.943634 -83.129555 19.180622 1.000000
31379 -35.870029 -83.564255 17.614376 1.000000
31380 -36.197933 -84.583534 17.383919 1.000000
31381 -36.564682 -85.422905 16.857914 1.000000
31391 -38.472679 -81.115921 13.508402 1.000000
31392 -37.410164 -80.848747 12.197592 1.000000
35503 -23.190189 -84.043434 24.611969 1.000000
35504 -23.551334 -82.976562 23.485607 1.000000
35505 -23.942566 -81.866211 22.380289 1.000000
35507 -24.628445 -79.971298 22.472630 1.000000
35508 -24.019033 -80.698715 21.312689 1.000000
35509 -23.976002 -79.627846 20.313517 1.000000
35510 -24.007589 -78.695419 19.256924 1.000000
35511 -24.285946 -77.885841 18.171024 1.000000
38935 -24.568684 -78.143906 15.906520 1.000000
38936 -24.463324 -79.105225 14.813548 1.000000
38937 -24.413054 -80.138954 13.809461 1.000000
38938 -24.570133 -81.180115 13.028687 1.000000
38939 -26.991562 -79.715477 12.862175 1.000000
38940 -25.912054 -80.972961 12.693981 1.000000
38941 -24.906437 -82.268456 12.611975 1.000000
38942 -25.421932 -83.387100 12.387016 1.000000
38943 -25.952656 -84.361221 12.383319 1.000000
38944 -26.541849 -85.376244 12.466512 1.000000
38945 -33.156128 -80.004311 15.209436 1.000000
38946 -32.247234 -80.604996 14.049258 1.000000
38947 -31.025909 -81.584122 12.983887 1.000000
38948 -32.878895 -82.930580 14.037580 1.000000
38949 -31.388004 -82.659912 12.961451 1.000000
38950 -29.895233 -82.594200 12.330599 1.000000
38951 -29.002827 -83.779007 11.979922 1.000000
38952 -28.066898 -85.110870 12.182040 1.000000
38953 -27.086887 -86.516617 12.744617 1.000000
38954 -27.659924 -87.635963 12.879644 1.000000
38955 -28.236567 -88.743942 12.945158 1.000000
38956 -28.936584 -89.756958 12.933660 1.000000
38957 -30.953381 -88.744583 12.562613 1.000000
38958 -30.151775 -89.715057 12.656657 1.000000
38962 -30.216497 -91.926773 10.049356 1.000000
38975 -39.133797 -83.722672 14.672360 1.000000
38980 -36.758801 -87.441132 13.880487 1.000000
38981 -35.738068 -88.399460 12.536730 1.000000
38982 -34.830971 -88.907486 11.650047 1.000000
38983 -33.828552 -89.291824 10.907801 1.000000
38984 -34.532753 -87.431992 9.650061 1.000000
38985 -33.644051 -88.550011 9.939309 1.000000
38986 -32.764030 -89.686996 10.377479 1.000000
38987 -31.704687 -90.116867 10.011645 1.000000
38988 -30.655563 -90.693024 9.563589 1.000000
38989 -29.646252 -91.394821 9.196094 1.000000
38990 -28.837360 -90.504395 8.537385 1.000000
38991 -28.097519 -89.375992 7.890727 1.000000
38992 -27.518957 -88.233864 7.156309 1.000000
38993 -29.755444 -86.128448 7.264192 1.000000
38994 -28.295496 -86.593971 6.781432 1.000000
38995 -26.988194 -87.094772 6.136453 1.000000
38999 -34.580029 -80.629150 8.389786 1.000000
39000 -33.490368 -80.866470 7.137684 1.000000
39001 -32.287689 -81.258530 6.039927 1.000000
39003 -32.818192 -80.709839 5.453049 1.000000
39004 -31.147974 -81.872826 4.954114 1.000000
39005 -30.127987 -82.666389 3.695550 1.000000
39011 -34.132259 -83.390991 1.836862 1.000000
