#!ascii label, from cvs_avg35 to fsaverage6
67
981 -35.793659 -84.652733 -16.161221 1.000000
982 -35.685642 -80.886620 -14.106674 1.000000
1998 -29.205908 -83.367943 -13.599360 1.000000
1999 -35.418602 -77.063965 -14.072322 1.000000
2902 -38.522514 -82.247322 -14.152435 1.000000
4383 -28.688604 -84.570419 -15.430931 1.000000
4384 -37.683514 -78.272827 -14.698692 1.000000
4385 -35.476204 -78.891487 -13.305613 1.000000
4386 -37.450294 -76.549866 -15.824977 1.000000
4387 -37.906403 -74.774368 -16.701527 1.000000
6374 -32.251209 -83.473267 -15.935885 1.000000
6375 -35.358437 -82.841301 -15.381042 1.000000
6376 -37.736000 -80.010056 -13.795713 1.000000
8577 -32.774185 -82.121078 -13.590921 1.000000
8578 -33.009674 -80.287697 -11.895160 1.000000
8579 -33.239056 -77.976768 -12.351156 1.000000
10581 -40.926197 -83.022415 -14.122755 1.000000
10582 -40.695839 -82.286118 -14.039556 1.000000
12064 -38.615143 -77.109451 -15.136370 1.000000
12065 -37.551289 -77.404373 -15.277867 1.000000
12066 -38.630852 -76.302124 -15.857988 1.000000
14004 -34.026455 -74.605873 -15.244481 1.000000
14462 -33.610878 -84.027496 -16.422703 1.000000
14463 -35.582241 -83.690231 -15.756739 1.000000
14464 -39.349567 -80.737381 -13.610979 1.000000
14465 -37.976498 -81.195023 -13.870999 1.000000
14466 -38.771366 -79.672256 -13.576681 1.000000
14467 -38.596203 -78.654167 -13.891421 1.000000
18908 -29.520370 -82.652756 -12.601813 1.000000
18909 -34.130688 -82.244865 -14.838652 1.000000
18910 -32.566608 -82.808250 -14.767110 1.000000
18911 -34.301155 -81.451523 -13.827083 1.000000
18912 -35.388119 -77.885010 -13.622714 1.000000
18913 -34.332829 -79.455399 -12.473685 1.000000
18914 -34.277992 -78.369705 -12.663744 1.000000
18915 -33.100060 -79.204124 -11.922679 1.000000
18916 -34.397579 -77.384315 -13.049704 1.000000
18917 -34.295513 -76.562645 -13.743154 1.000000
18918 -35.426247 -76.315407 -14.763506 1.000000
23653 -37.736206 -84.344193 -15.565432 1.000000
23654 -37.476875 -83.528465 -15.135923 1.000000
23655 -39.092213 -83.086655 -14.552539 1.000000
23656 -40.089592 -81.655495 -13.787188 1.000000
26321 -28.941980 -84.040085 -14.515874 1.000000
26322 -36.749855 -79.409195 -14.058047 1.000000
26323 -35.635525 -79.836685 -13.475641 1.000000
26324 -36.624050 -78.467331 -14.246225 1.000000
26325 -36.462090 -77.611542 -14.598287 1.000000
26326 -36.417412 -76.715584 -15.112593 1.000000
26327 -36.498470 -75.941185 -15.668951 1.000000
30232 -33.779510 -83.177750 -15.747118 1.000000
30233 -35.537785 -81.918587 -14.856153 1.000000
30234 -36.981609 -82.497246 -14.783792 1.000000
30235 -36.754322 -81.479149 -14.398710 1.000000
30236 -36.783672 -80.446999 -14.119761 1.000000
30237 -37.724327 -79.071419 -14.167111 1.000000
35991 -30.565638 -84.081627 -15.718840 1.000000
35992 -30.841547 -83.456718 -14.672770 1.000000
35993 -31.060644 -82.794266 -13.539592 1.000000
35994 -34.432198 -80.545341 -12.863642 1.000000
35995 -32.905998 -81.219383 -12.504585 1.000000
35996 -31.185186 -81.949806 -12.614534 1.000000
35997 -31.468241 -81.040955 -11.858976 1.000000
35998 -31.813091 -79.986549 -11.669827 1.000000
36000 -33.083351 -76.847862 -13.087834 1.000000
36001 -34.098427 -75.758690 -14.562510 1.000000
36004 -36.919796 -74.044838 -16.643383 1.000000
