#!ascii label, from cvs_avg35 to fsaverage6
457
90 -14.750684 -40.801247 -2.385977 1.000000
357 -16.011997 -47.079811 -7.246356 1.000000
359 -20.062819 -41.290462 -10.044854 1.000000
360 -24.075901 -37.175377 -14.799479 1.000000
361 -28.107035 -49.047142 -5.178339 1.000000
450 -20.085247 -52.009926 -3.863965 1.000000
630 -23.142460 -60.469830 -7.809039 1.000000
631 -32.340435 -54.152599 -9.553357 1.000000
838 -18.205814 -44.677502 -9.457103 1.000000
839 -21.424240 -49.809711 -7.223975 1.000000
840 -24.465668 -45.598316 -6.563457 1.000000
841 -23.721569 -53.818298 -5.403745 1.000000
988 -22.242659 -53.098186 -1.062534 1.000000
1412 -28.050241 -56.447121 -6.896586 1.000000
1415 -26.403173 -50.015053 -15.928365 1.000000
1432 -31.290808 -38.510429 -9.067617 1.000000
1437 -30.573664 -39.314312 -11.582937 1.000000
1793 -14.770941 -41.782520 -5.970183 1.000000
1799 -22.246780 -39.309341 -12.046724 1.000000
1800 -27.878544 -42.422920 -8.591513 1.000000
1801 -32.396095 -45.175026 -6.927080 1.000000
2007 -17.032347 -47.486809 -1.470054 1.000000
2008 -15.852664 -44.610950 -3.788174 1.000000
2009 -17.247147 -49.934418 -5.582652 1.000000
2527 -26.731476 -55.987415 -5.073361 1.000000
2528 -31.844687 -51.406261 -6.397119 1.000000
2529 -34.595284 -47.685570 -10.049386 1.000000
2531 -30.919653 -49.121784 -13.866220 1.000000
2548 -25.782837 -41.361454 -2.149369 1.000000
2758 -19.074841 -51.898621 -8.334479 1.000000
2759 -20.407906 -54.047649 -7.214736 1.000000
2760 -22.499548 -51.889381 -6.185544 1.000000
2761 -21.359737 -56.152576 -5.924071 1.000000
3329 -24.358200 -67.711319 -6.200571 1.000000
3351 -27.318909 -38.354988 -9.972038 1.000000
3947 -16.888407 -44.350647 -7.006059 1.000000
3948 -14.506403 -40.282856 -7.180655 1.000000
3949 -16.055668 -42.793266 -8.151490 1.000000
3950 -19.109810 -42.943226 -9.654099 1.000000
3951 -16.422083 -40.000889 -10.489250 1.000000
3952 -17.042727 -38.469322 -11.360762 1.000000
3954 -17.939350 -37.358173 -12.457305 1.000000
3955 -18.709467 -36.589535 -13.588156 1.000000
3956 -21.203407 -40.194336 -10.966376 1.000000
3957 -26.291769 -47.471466 -5.686776 1.000000
3958 -26.222448 -43.967148 -7.433939 1.000000
3959 -28.338129 -45.494392 -6.298411 1.000000
3960 -30.272776 -43.607658 -7.425172 1.000000
3961 -30.390141 -46.973846 -5.840195 1.000000
4400 -21.391537 -52.624695 -2.709833 1.000000
4401 -20.774094 -50.118118 -1.215989 1.000000
4402 -20.435223 -49.126110 -2.728174 1.000000
4403 -16.586027 -46.065025 -2.650320 1.000000
4404 -19.769327 -48.042244 -4.056665 1.000000
4405 -18.959938 -46.745262 -5.221719 1.000000
4406 -18.716671 -51.134201 -4.836888 1.000000
5672 -24.295023 -58.592171 -5.214047 1.000000
5673 -25.136042 -58.788910 -6.187930 1.000000
5674 -30.851917 -55.657326 -7.419526 1.000000
5675 -30.387323 -54.217327 -6.402587 1.000000
5676 -32.539944 -52.802032 -7.798377 1.000000
5677 -33.639198 -49.589611 -7.951884 1.000000
5678 -33.433327 -50.959137 -9.840176 1.000000
5682 -27.326374 -46.036221 -16.950970 1.000000
5683 -28.050892 -49.435749 -14.942006 1.000000
5684 -29.809244 -46.283215 -15.947596 1.000000
5726 -22.347136 -41.804787 -3.741316 1.000000
6113 -15.315457 -49.393097 -7.333152 1.000000
6114 -16.871992 -45.780846 -8.631526 1.000000
6115 -17.808811 -48.992851 -8.770664 1.000000
6116 -20.003353 -47.565453 -8.662802 1.000000
6117 -21.166170 -45.375092 -7.897095 1.000000
6118 -22.455997 -43.631031 -8.043838 1.000000
6119 -22.823700 -47.581551 -6.483057 1.000000
6120 -24.281664 -49.660290 -5.588317 1.000000
6121 -25.800714 -51.386402 -5.032258 1.000000
6384 -22.386932 -53.491577 0.867088 1.000000
6385 -22.568304 -56.123951 -0.568708 1.000000
7147 -23.362286 -59.420849 -8.926691 1.000000
7148 -25.329494 -58.029793 -7.238973 1.000000
7149 -25.824093 -58.382179 -8.113622 1.000000
7150 -28.686731 -58.066643 -7.296528 1.000000
7151 -31.076420 -57.244286 -8.660565 1.000000
7182 -26.509876 -39.434650 -8.421365 1.000000
7183 -30.359278 -39.383556 -7.172240 1.000000
7193 -27.606787 -38.428886 -13.042694 1.000000
8026 -15.937416 -41.490520 -9.462787 1.000000
8034 -19.509235 -35.759460 -14.772212 1.000000
8035 -23.182571 -38.248833 -13.400479 1.000000
8036 -23.910015 -42.293602 -9.001351 1.000000
8037 -25.322386 -41.058128 -10.226165 1.000000
8038 -26.586996 -39.845924 -11.529734 1.000000
8039 -29.427464 -40.939327 -9.949943 1.000000
8040 -31.903910 -41.813789 -8.889890 1.000000
8041 -34.067646 -43.217316 -8.638376 1.000000
8597 -20.469166 -50.982830 0.543879 1.000000
8598 -16.929541 -48.657833 -0.126835 1.000000
8603 -15.190158 -43.134449 -4.805288 1.000000
8604 -17.905310 -45.564140 -6.161563 1.000000
8605 -16.147230 -48.450634 -6.232479 1.000000
10135 -22.859299 -57.468422 -5.201047 1.000000
10136 -25.341314 -54.971478 -4.947995 1.000000
10137 -27.618647 -52.510296 -4.965189 1.000000
10138 -27.458078 -56.114838 -6.012661 1.000000
10139 -29.174362 -53.329357 -5.399149 1.000000
10140 -30.177927 -50.145607 -5.502843 1.000000
10141 -32.498055 -48.203568 -6.549304 1.000000
10142 -34.267262 -46.363457 -8.112097 1.000000
10143 -35.465412 -44.440792 -10.233753 1.000000
10146 -31.059662 -55.327045 -11.435184 1.000000
10147 -27.453653 -53.442852 -14.163870 1.000000
10148 -29.482407 -52.417450 -13.406073 1.000000
10149 -31.887659 -51.833092 -11.915237 1.000000
10150 -33.452339 -48.538574 -12.257433 1.000000
10151 -35.121956 -45.521431 -12.542313 1.000000
10201 -27.570850 -40.618725 -3.643158 1.000000
10438 -18.967146 -55.012352 -7.597305 1.000000
10439 -19.641708 -56.043732 -6.879237 1.000000
10440 -20.852114 -55.113533 -6.517987 1.000000
10441 -20.089888 -57.163048 -6.184955 1.000000
11627 -16.643574 -45.751408 -7.259759 1.000000
11628 -16.403824 -43.520954 -7.552059 1.000000
11629 -16.514576 -45.019135 -7.824157 1.000000
11630 -19.536861 -42.025295 -9.762356 1.000000
11631 -18.172419 -40.744644 -10.587171 1.000000
11632 -18.624687 -40.054218 -10.940778 1.000000
11633 -17.464729 -37.869598 -11.845949 1.000000
11634 -19.162823 -39.405205 -11.387070 1.000000
11635 -19.601097 -38.916092 -11.918384 1.000000
11636 -20.658426 -40.732468 -10.449338 1.000000
11637 -27.207458 -48.265583 -5.359355 1.000000
11638 -27.312937 -46.449440 -5.921292 1.000000
11639 -28.353170 -47.198765 -5.567098 1.000000
11640 -29.375677 -46.197681 -5.988897 1.000000
11641 -29.231190 -48.027672 -5.446253 1.000000
12080 -20.762371 -52.361549 -3.320536 1.000000
12081 -21.152027 -50.909645 -2.837669 1.000000
12082 -20.729485 -50.492935 -3.490620 1.000000
12083 -20.158535 -48.608982 -3.393971 1.000000
12084 -20.192883 -50.039928 -4.131217 1.000000
12085 -19.688457 -49.577251 -4.708329 1.000000
12086 -19.411264 -51.590569 -4.391004 1.000000
13352 -24.008532 -60.140942 -6.307359 1.000000
13353 -24.173183 -59.744007 -6.894665 1.000000
13354 -31.838694 -55.021576 -8.351461 1.000000
13355 -31.802435 -54.282310 -7.643210 1.000000
13356 -32.516579 -53.443573 -8.656795 1.000000
13357 -33.135590 -51.984722 -8.777303 1.000000
13358 -32.890297 -52.509117 -9.787004 1.000000
13363 -28.349079 -46.159069 -16.427334 1.000000
13407 -22.720249 -40.490139 -6.443453 1.000000
13427 -22.156548 -36.379963 -15.600586 1.000000
14027 -15.491476 -50.769600 -7.406293 1.000000
14028 -16.494106 -49.257256 -8.220820 1.000000
14029 -16.913000 -50.796360 -8.306117 1.000000
14030 -20.437977 -51.019913 -7.985886 1.000000
14031 -19.814844 -49.822693 -8.498768 1.000000
14032 -20.726376 -48.770424 -7.967303 1.000000
14033 -20.600752 -46.499317 -8.252924 1.000000
14034 -21.408363 -47.630772 -7.425323 1.000000
14035 -22.019241 -46.536385 -7.095864 1.000000
14036 -22.103989 -48.693817 -6.800659 1.000000
14037 -23.107311 -52.900330 -5.729949 1.000000
14038 -23.413418 -50.745384 -5.775143 1.000000
14039 -24.054134 -51.727905 -5.402543 1.000000
14040 -25.019279 -50.582771 -5.243472 1.000000
14041 -24.735407 -52.613213 -5.157554 1.000000
15751 -24.061728 -59.942249 -9.293307 1.000000
15752 -24.586760 -58.680389 -8.543081 1.000000
15753 -25.299732 -59.715130 -8.631929 1.000000
15757 -30.078955 -57.748577 -7.721213 1.000000
15806 -24.502155 -39.012619 -8.488782 1.000000
15808 -29.316181 -38.505230 -9.600857 1.000000
15827 -29.181097 -38.898872 -12.292461 1.000000
15829 -29.636414 -37.927082 -13.189581 1.000000
17597 -13.629603 -40.821178 -5.145072 1.000000
17598 -13.798459 -39.684479 -4.691298 1.000000
17600 -14.651581 -39.621445 -7.725167 1.000000
17605 -17.577206 -45.344345 -9.121535 1.000000
17606 -16.795282 -43.730240 -9.044467 1.000000
17607 -17.090525 -43.083248 -9.541659 1.000000
17609 -15.562861 -38.726715 -10.173504 1.000000
17622 -20.475147 -38.099995 -13.025595 1.000000
17623 -19.083483 -36.145462 -14.128660 1.000000
17624 -20.934725 -37.666924 -13.594747 1.000000
17625 -21.297171 -37.149628 -14.255135 1.000000
17626 -22.726994 -38.740723 -12.755252 1.000000
17627 -23.486923 -44.706451 -7.277711 1.000000
17628 -23.188410 -42.978039 -8.487876 1.000000
17629 -24.288570 -43.909267 -7.685782 1.000000
17630 -27.093622 -43.188499 -8.008290 1.000000
17631 -25.883896 -42.467003 -8.729425 1.000000
17632 -26.621161 -41.776772 -9.348039 1.000000
17633 -25.902018 -40.458076 -10.844095 1.000000
17634 -27.395405 -41.073730 -10.025807 1.000000
17635 -28.070734 -40.398312 -10.689863 1.000000
17636 -28.693729 -41.673401 -9.260912 1.000000
17637 -31.366373 -44.265850 -7.072118 1.000000
17638 -31.075525 -42.691311 -8.058599 1.000000
17639 -32.246109 -43.307068 -7.763582 1.000000
17640 -33.013630 -42.436981 -8.570497 1.000000
17641 -33.286804 -44.199593 -7.715064 1.000000
18942 -13.723581 -42.812710 0.524072 1.000000
18944 -14.136991 -42.376007 -0.019391 1.000000
18955 -22.372400 -53.290539 -0.108852 1.000000
18956 -21.532520 -52.187294 0.722532 1.000000
18957 -21.693661 -51.870705 -0.185057 1.000000
18958 -19.243134 -48.827503 -1.219758 1.000000
18959 -19.114491 -49.329533 -0.486501 1.000000
18960 -17.014126 -48.088276 -0.832151 1.000000
18964 -14.435537 -45.886768 -1.701361 1.000000
18965 -16.151709 -45.311783 -3.234071 1.000000
18966 -13.863626 -44.335487 -2.809530 1.000000
18967 -13.538753 -43.549187 -3.336202 1.000000
18969 -13.452972 -42.872414 -3.808561 1.000000
18970 -13.419551 -42.140366 -4.244187 1.000000
18971 -15.406718 -43.843513 -4.343008 1.000000
18972 -18.598989 -48.443851 -5.768045 1.000000
18973 -18.390766 -46.175591 -5.699522 1.000000
18974 -17.951609 -47.865376 -6.173006 1.000000
18975 -17.382807 -47.212822 -6.538002 1.000000
18976 -16.571777 -49.219952 -5.869849 1.000000
22772 -21.517553 -58.644325 -5.187269 1.000000
22774 -25.556877 -57.274200 -5.153419 1.000000
22775 -24.865004 -56.846821 -5.040922 1.000000
22776 -26.105066 -55.555309 -4.920908 1.000000
22777 -26.485788 -53.752785 -4.871100 1.000000
22778 -27.244715 -54.257160 -4.917867 1.000000
22779 -26.579205 -56.954590 -7.089030 1.000000
22780 -26.408237 -57.136890 -6.598052 1.000000
22781 -27.702473 -56.049145 -6.518086 1.000000
22782 -31.159725 -52.906792 -6.353663 1.000000
22783 -29.780970 -53.685341 -5.885251 1.000000
22784 -30.530939 -52.313377 -5.805668 1.000000
22785 -29.723886 -51.837425 -5.388238 1.000000
22786 -31.074656 -50.797153 -5.857093 1.000000
22787 -31.411800 -49.152473 -5.962249 1.000000
22788 -32.249733 -49.777699 -6.448016 1.000000
22789 -34.236572 -48.677429 -8.986181 1.000000
22790 -34.006226 -47.958294 -7.994712 1.000000
22791 -34.650749 -47.029079 -8.963960 1.000000
22792 -34.897232 -45.431030 -9.127981 1.000000
22793 -35.119587 -46.017815 -10.117019 1.000000
22800 -31.053823 -57.101738 -10.900521 1.000000
22803 -26.834225 -54.031380 -14.549540 1.000000
22804 -26.619343 -51.791637 -14.997452 1.000000
22805 -29.432423 -49.348503 -14.327881 1.000000
22806 -28.722111 -51.066322 -14.052811 1.000000
22807 -30.098562 -50.790993 -13.526332 1.000000
22808 -30.796921 -52.101768 -12.728324 1.000000
22809 -31.396206 -50.481819 -12.885513 1.000000
22810 -32.636711 -50.151344 -12.017962 1.000000
22811 -32.292656 -48.933430 -13.150221 1.000000
22813 -34.286446 -45.849770 -13.693102 1.000000
22939 -26.709509 -40.751652 -5.280276 1.000000
22940 -28.368937 -40.242275 -4.460956 1.000000
23394 -17.572437 -52.411797 -8.154377 1.000000
23395 -18.201849 -53.826027 -7.943329 1.000000
23396 -19.717226 -53.017273 -7.871141 1.000000
23397 -21.087811 -51.935535 -7.334479 1.000000
23398 -21.958532 -50.840252 -6.693529 1.000000
23399 -21.521427 -53.037914 -6.707132 1.000000
23400 -22.079046 -54.066395 -6.120704 1.000000
23401 -22.644012 -54.995750 -5.643912 1.000000
24473 -31.910666 -39.653831 -11.008135 1.000000
25535 -16.098024 -42.877491 -6.554587 1.000000
25536 -14.577829 -40.985603 -6.604917 1.000000
25537 -15.616638 -42.119587 -7.219122 1.000000
25538 -15.264644 -41.475742 -7.876701 1.000000
25539 -15.082125 -40.793831 -8.463260 1.000000
25540 -18.702534 -43.815315 -9.583372 1.000000
25541 -17.433187 -42.335041 -9.983801 1.000000
25542 -17.767124 -41.553322 -10.322001 1.000000
25543 -16.751438 -39.273712 -10.947121 1.000000
25544 -16.181446 -37.291759 -11.071824 1.000000
25550 -18.302956 -36.962662 -13.027019 1.000000
25551 -20.038702 -38.505241 -12.476241 1.000000
25552 -21.782787 -39.784889 -11.496284 1.000000
25553 -25.388454 -46.542599 -6.096092 1.000000
25554 -25.302078 -44.730316 -6.931693 1.000000
25555 -26.313894 -45.605110 -6.379760 1.000000
25556 -27.376205 -44.666332 -6.856887 1.000000
25557 -28.233318 -43.851143 -7.389838 1.000000
25558 -29.094126 -43.020092 -7.972263 1.000000
25559 -29.375809 -44.528374 -6.856391 1.000000
25560 -30.386389 -45.243111 -6.497025 1.000000
25561 -31.426151 -46.068321 -6.357738 1.000000
26343 -13.417479 -43.219791 1.075676 1.000000
26350 -21.896547 -52.880688 -1.977251 1.000000
26351 -21.711735 -51.554829 -1.146585 1.000000
26352 -21.533146 -51.252571 -2.072448 1.000000
26353 -20.665005 -49.644897 -1.990705 1.000000
26354 -19.107380 -48.195686 -1.899655 1.000000
26355 -16.867794 -46.785969 -2.054575 1.000000
26356 -18.911274 -47.530937 -2.550998 1.000000
26357 -18.641987 -46.878777 -3.170115 1.000000
26358 -18.320646 -46.227169 -3.778219 1.000000
26359 -17.903149 -45.486401 -4.345635 1.000000
26360 -19.348185 -47.407986 -4.636944 1.000000
26361 -19.183563 -49.009491 -5.282115 1.000000
26362 -18.038084 -50.577389 -5.225578 1.000000
28641 -23.606083 -60.305794 -5.623466 1.000000
28642 -24.800198 -58.951649 -5.615336 1.000000
28643 -26.043081 -57.539757 -5.539795 1.000000
28644 -29.551874 -56.133980 -6.884398 1.000000
28645 -29.173376 -55.485420 -6.522606 1.000000
28646 -30.707132 -54.910786 -6.858962 1.000000
28647 -31.608454 -53.593346 -6.942693 1.000000
28648 -32.304707 -52.099342 -7.025827 1.000000
28649 -32.767712 -50.505329 -7.089861 1.000000
28650 -33.104919 -51.280994 -7.892946 1.000000
28651 -33.696663 -50.301971 -8.879694 1.000000
28652 -34.089703 -49.268875 -9.959383 1.000000
28658 -26.742682 -48.141361 -16.323765 1.000000
28659 -26.859024 -49.686714 -15.401377 1.000000
28660 -27.481640 -47.924202 -15.863668 1.000000
28661 -28.849451 -47.821083 -15.315567 1.000000
28662 -30.273056 -47.806236 -14.913130 1.000000
28663 -31.888357 -47.668514 -14.276243 1.000000
28664 -31.436010 -46.244232 -15.449133 1.000000
28737 -21.192570 -41.108009 -5.004151 1.000000
28739 -25.006840 -41.502270 -3.886661 1.000000
28740 -30.785568 -39.760242 -4.568902 1.000000
29621 -15.538335 -48.180000 -7.316287 1.000000
29622 -16.383499 -46.341938 -8.033656 1.000000
29623 -16.305868 -47.779774 -8.194209 1.000000
29624 -17.294863 -47.410053 -8.750489 1.000000
29625 -18.284412 -46.888775 -9.046324 1.000000
29626 -18.429129 -50.530537 -8.642913 1.000000
29627 -19.097141 -48.454628 -8.909372 1.000000
29628 -19.153519 -46.150780 -9.167318 1.000000
29629 -19.742603 -45.204254 -8.994617 1.000000
29630 -20.217274 -44.175808 -8.808501 1.000000
29631 -20.792871 -43.213432 -8.799850 1.000000
29632 -21.392429 -42.500027 -9.026045 1.000000
29633 -21.784206 -44.431561 -7.848836 1.000000
29634 -22.699268 -45.559486 -7.062856 1.000000
29635 -23.585302 -46.547508 -6.432134 1.000000
29636 -22.703671 -49.717300 -6.224720 1.000000
29637 -23.554600 -48.651127 -6.014417 1.000000
29638 -24.455414 -47.564354 -5.963793 1.000000
29639 -25.236633 -48.520428 -5.577846 1.000000
29640 -26.079998 -49.382744 -5.244759 1.000000
29641 -26.865829 -50.293983 -5.040891 1.000000
30251 -23.080326 -55.150879 2.020384 1.000000
30253 -23.049685 -54.919121 1.064540 1.000000
30254 -22.892950 -54.715401 0.072831 1.000000
30255 -22.523443 -54.593018 -0.893733 1.000000
30258 -22.002455 -54.443592 -1.669468 1.000000
30259 -21.344458 -54.220436 -2.358984 1.000000
30260 -20.562874 -54.050495 -2.899345 1.000000
30262 -18.894445 -53.434376 -3.763127 1.000000
32035 -23.192532 -59.819847 -8.382945 1.000000
32036 -24.191290 -59.262165 -7.521203 1.000000
32037 -24.312519 -58.688225 -8.010897 1.000000
32038 -25.511700 -57.772644 -7.754410 1.000000
32039 -26.926748 -57.298908 -7.456075 1.000000
32041 -27.196100 -58.292114 -7.538049 1.000000
32042 -28.389410 -57.178711 -7.166983 1.000000
32043 -29.804102 -56.857216 -7.295119 1.000000
32044 -30.996517 -56.460838 -7.996417 1.000000
32045 -31.726028 -55.794029 -9.126647 1.000000
32113 -26.002567 -39.983067 -7.580827 1.000000
32114 -28.051702 -39.912560 -6.850131 1.000000
32115 -26.924433 -38.903397 -9.196245 1.000000
32116 -28.551971 -39.468578 -7.748089 1.000000
32141 -25.873865 -37.822227 -13.888980 1.000000
32723 -23.730957 -56.609810 1.986928 1.000000
34385 -13.748807 -40.235611 -3.293621 1.000000
34396 -16.575680 -44.347485 -8.478941 1.000000
34397 -15.897964 -42.182358 -8.834249 1.000000
34398 -15.100601 -40.098217 -9.046413 1.000000
34399 -16.085896 -40.731159 -10.082371 1.000000
34400 -15.271803 -39.460110 -9.643074 1.000000
34421 -19.929615 -35.388973 -15.401395 1.000000
34422 -21.751953 -36.741505 -14.941870 1.000000
34423 -23.629721 -37.673042 -14.122188 1.000000
34424 -21.985161 -41.921181 -9.421350 1.000000
34425 -22.646324 -41.355297 -9.899431 1.000000
34426 -23.227350 -40.829006 -10.495872 1.000000
34427 -25.116308 -43.178917 -8.159044 1.000000
34428 -24.615210 -41.692482 -9.579203 1.000000
34429 -23.838177 -40.238811 -11.118659 1.000000
34430 -24.394764 -39.657951 -11.787913 1.000000
34431 -24.928131 -39.107861 -12.508451 1.000000
34432 -25.452368 -38.486347 -13.190226 1.000000
34433 -27.153193 -39.204655 -12.271520 1.000000
34434 -28.665644 -39.702797 -11.471663 1.000000
34435 -30.069391 -40.148048 -10.770903 1.000000
34436 -29.962469 -42.185928 -8.625139 1.000000
34437 -30.705908 -41.369804 -9.318875 1.000000
34438 -31.375559 -40.505341 -10.186878 1.000000
34439 -32.562016 -41.033627 -9.697517 1.000000
34440 -33.748566 -41.524269 -9.595026 1.000000
34441 -34.779743 -42.238148 -9.763715 1.000000
36037 -14.079123 -41.040718 -1.983786 1.000000
36048 -20.097965 -51.346020 1.367932 1.000000
36049 -18.564472 -50.208660 1.038081 1.000000
36050 -20.645243 -50.547302 -0.297773 1.000000
36051 -18.855814 -49.793060 0.268754 1.000000
36059 -14.232124 -45.171547 -2.300999 1.000000
36066 -13.543943 -41.500923 -4.716396 1.000000
36067 -14.965174 -42.451221 -5.436704 1.000000
36068 -17.440800 -44.791180 -4.859975 1.000000
36069 -16.968807 -44.148483 -5.406489 1.000000
36070 -16.483997 -43.457985 -5.983068 1.000000
36071 -17.336985 -44.951485 -6.614208 1.000000
36072 -16.914331 -46.464886 -6.863614 1.000000
36073 -15.958368 -47.708435 -6.670457 1.000000
36074 -18.005619 -53.014984 -4.128895 1.000000
36075 -17.126259 -52.460094 -4.428309 1.000000
36076 -16.262165 -51.705219 -4.593631 1.000000
36079 -15.529032 -50.856575 -4.784156 1.000000
36083 -14.519305 -49.596870 -6.427762 1.000000
40640 -22.122141 -56.846962 -5.416098 1.000000
40641 -23.396519 -55.644295 -5.295627 1.000000
40643 -24.140766 -56.176769 -5.117845 1.000000
40644 -24.528116 -54.424370 -5.132082 1.000000
40645 -25.664337 -53.163380 -4.986642 1.000000
40646 -26.746136 -51.975037 -4.929936 1.000000
40647 -27.950296 -50.755970 -5.037973 1.000000
40648 -25.277725 -58.470356 -6.739831 1.000000
40649 -26.282572 -57.415398 -6.049347 1.000000
40650 -27.212866 -56.138378 -5.494569 1.000000
40651 -28.842310 -54.958088 -6.120442 1.000000
40652 -28.421570 -54.819099 -5.571709 1.000000
40653 -27.858448 -54.650696 -5.172441 1.000000
40654 -28.437542 -52.989372 -5.089410 1.000000
40655 -28.892035 -51.327049 -5.136961 1.000000
40656 -29.113262 -49.599403 -5.228030 1.000000
40657 -30.337460 -48.568703 -5.602982 1.000000
40658 -31.577862 -47.514160 -6.141907 1.000000
40659 -32.587727 -46.642159 -6.712346 1.000000
40660 -33.186951 -48.868340 -7.167265 1.000000
40661 -33.451797 -47.266735 -7.226287 1.000000
40662 -33.470604 -45.706718 -7.411454 1.000000
40663 -34.239372 -44.798565 -8.255417 1.000000
40664 -34.991264 -43.796581 -9.330281 1.000000
40665 -35.555870 -42.802422 -10.445921 1.000000
40674 -31.802837 -54.756187 -10.512027 1.000000
40676 -27.799404 -55.569427 -13.821234 1.000000
40677 -28.536793 -55.050343 -13.433922 1.000000
40678 -27.510525 -51.344330 -14.502775 1.000000
40679 -28.379877 -52.879021 -13.873186 1.000000
40680 -29.481562 -54.563133 -13.090978 1.000000
40681 -30.267456 -53.934498 -12.521544 1.000000
40682 -31.362629 -53.557850 -11.710482 1.000000
40683 -32.304951 -53.135059 -10.782003 1.000000
40684 -32.871353 -51.386269 -10.936392 1.000000
40685 -33.536034 -49.740101 -11.048312 1.000000
40686 -34.310417 -48.179157 -11.242868 1.000000
40687 -33.271023 -47.478050 -13.430651 1.000000
40688 -34.336334 -47.078449 -12.417933 1.000000
40689 -34.942726 -46.578590 -11.327642 1.000000
40837 -24.751751 -40.915440 -6.067981 1.000000
40838 -25.833612 -41.192650 -4.631094 1.000000
40839 -26.716925 -41.052460 -2.895378 1.000000
