#!ascii label, from cvs_avg35 to fsaverage6
479
7 -20.951962 -61.960316 8.059560 1.000000
91 -15.125773 -63.902122 0.706493 1.000000
209 -14.933095 -54.549263 8.208772 1.000000
210 -21.996954 -53.999382 2.800605 1.000000
211 -26.141464 -65.349464 2.988795 1.000000
569 -19.932972 -60.253906 14.712105 1.000000
571 -14.692477 -67.747192 9.332553 1.000000
587 -7.667749 -58.383942 10.483907 1.000000
689 -18.589878 -58.201263 8.315132 1.000000
690 -23.518885 -59.060997 6.447613 1.000000
691 -25.126389 -63.807777 7.093076 1.000000
987 -22.861876 -59.353722 -0.080292 1.000000
989 -18.366194 -58.374207 -0.953188 1.000000
990 -13.448141 -55.938000 -1.552031 1.000000
991 -9.705543 -60.760204 1.099435 1.000000
1260 -19.841528 -66.619316 11.225714 1.000000
1261 -20.585152 -66.782410 14.952807 1.000000
1300 -13.560315 -62.490089 23.133383 1.000000
1302 -14.067490 -60.244286 20.749073 1.000000
1527 -10.868303 -51.293648 5.708248 1.000000
1528 -14.146335 -50.736565 3.924869 1.000000
1529 -19.509697 -54.557434 5.675560 1.000000
1531 -22.318157 -65.271347 0.274142 1.000000
2006 -16.306091 -49.353493 1.281679 1.000000
2345 -19.478582 -61.702831 10.475203 1.000000
2346 -22.657373 -66.951439 8.198691 1.000000
2347 -20.524612 -66.797180 7.627500 1.000000
2398 -13.519815 -57.654259 13.697540 1.000000
2399 -14.338524 -59.261314 9.874428 1.000000
2425 -8.441791 -53.135399 7.204516 1.000000
2426 -11.040363 -56.758049 9.417595 1.000000
2609 -19.977777 -60.161083 7.986259 1.000000
2610 -22.356754 -60.911034 7.433846 1.000000
2611 -23.095066 -62.939709 7.774823 1.000000
2907 -19.967403 -62.050323 -0.183096 1.000000
2908 -20.757780 -58.924522 -0.683511 1.000000
2909 -16.553270 -61.329803 -0.215397 1.000000
2910 -13.722087 -60.108582 0.018858 1.000000
2911 -11.676213 -62.617615 1.076862 1.000000
3221 -14.436346 -61.583122 21.744583 1.000000
3504 -12.934227 -52.981117 7.152421 1.000000
3505 -15.036130 -53.039368 6.048970 1.000000
3506 -17.416584 -54.755554 6.733636 1.000000
3508 -24.899014 -59.291576 4.869077 1.000000
3510 -24.810225 -62.603676 1.126397 1.000000
3511 -24.744129 -65.511604 1.224894 1.000000
4397 -18.491190 -52.092430 3.794712 1.000000
4398 -15.357300 -50.036610 2.658602 1.000000
4399 -19.612692 -51.573730 2.194373 1.000000
4407 -10.701593 -56.827980 -1.097511 1.000000
4408 -12.260360 -54.253735 -2.661747 1.000000
5219 -19.805532 -60.673756 12.488398 1.000000
5220 -20.488651 -64.345383 9.062931 1.000000
5221 -20.744486 -63.936798 11.034563 1.000000
5222 -17.223515 -67.722763 10.037619 1.000000
5223 -17.922224 -67.880470 7.378663 1.000000
5343 -6.010384 -62.773144 19.061613 1.000000
5351 -12.988223 -57.174610 16.179434 1.000000
5353 -17.077171 -58.940784 12.282916 1.000000
5417 -6.632678 -57.301777 9.331587 1.000000
5418 -8.191607 -56.256386 8.386763 1.000000
5419 -9.392887 -57.708752 9.538202 1.000000
5420 -12.869139 -58.145042 9.615118 1.000000
5421 -11.288859 -58.652905 10.467265 1.000000
5626 -21.909723 -69.620621 7.843185 1.000000
5627 -23.876612 -68.631210 7.248933 1.000000
5847 -16.829298 -56.239983 8.568778 1.000000
5848 -19.464191 -56.722363 7.099162 1.000000
5849 -21.290119 -58.792656 7.342385 1.000000
5850 -24.587593 -61.352722 6.735204 1.000000
5851 -26.264832 -64.694229 5.225539 1.000000
6385 -22.568304 -56.123951 -0.568708 1.000000
6386 -21.159008 -55.789055 -1.841352 1.000000
6387 -19.212271 -55.387989 -2.656852 1.000000
6388 -17.242739 -54.687305 -3.299702 1.000000
6389 -15.775035 -57.622063 -1.243842 1.000000
6390 -11.706359 -58.301586 0.095703 1.000000
6876 -20.965818 -63.481403 13.260221 1.000000
6877 -21.422277 -63.379955 15.211441 1.000000
6878 -20.219135 -66.246918 13.409673 1.000000
6879 -17.285604 -66.938408 12.732671 1.000000
6950 -10.117506 -63.582726 21.940105 1.000000
6951 -10.211143 -62.224598 21.051449 1.000000
7403 -12.649369 -51.166729 4.926536 1.000000
7404 -17.075243 -52.574413 5.051693 1.000000
7405 -21.042057 -54.281708 4.419143 1.000000
7406 -21.661327 -56.609222 6.127499 1.000000
7407 -23.118546 -56.665417 4.766959 1.000000
7408 -23.765965 -56.741161 3.065604 1.000000
7409 -24.501701 -59.539906 1.072203 1.000000
7410 -22.760223 -62.405933 0.068966 1.000000
8594 -11.195289 -48.358986 2.791359 1.000000
8595 -11.903854 -47.613720 1.732843 1.000000
8596 -12.327486 -46.657234 0.617293 1.000000
8598 -16.929541 -48.657833 -0.126835 1.000000
8599 -12.571805 -45.517788 -0.571001 1.000000
8600 -12.492249 -44.187714 -1.674369 1.000000
8606 -15.314341 -53.260845 -3.641608 1.000000
8607 -14.058363 -51.396729 -4.184990 1.000000
9593 -19.899347 -62.264610 8.847497 1.000000
9594 -22.423281 -64.346817 8.201160 1.000000
9595 -21.306053 -64.465279 8.240704 1.000000
9596 -21.511814 -66.998550 8.064786 1.000000
9597 -20.333965 -69.166176 8.179395 1.000000
9598 -19.981558 -66.900726 8.860548 1.000000
9605 -17.628374 -67.652039 14.422869 1.000000
9606 -14.382027 -67.193848 12.483461 1.000000
9609 -11.856468 -67.760422 8.645122 1.000000
9750 -9.254338 -58.843281 16.535547 1.000000
9751 -9.636513 -58.126884 14.397179 1.000000
9752 -10.706866 -58.384499 12.113866 1.000000
9753 -13.958171 -58.849915 11.674078 1.000000
9754 -17.006908 -60.322182 10.247169 1.000000
9755 -17.840620 -60.203316 8.849859 1.000000
9830 -9.670897 -52.056995 6.571623 1.000000
9831 -11.236348 -53.743385 8.265600 1.000000
9833 -9.706107 -54.989063 8.459324 1.000000
9834 -13.077623 -55.438416 9.368223 1.000000
9835 -14.904890 -57.096367 9.428395 1.000000
9836 -16.441614 -58.628410 9.087755 1.000000
10081 -24.149658 -65.749619 7.882774 1.000000
10289 -20.587643 -61.087940 7.897576 1.000000
10290 -21.673983 -61.477173 7.761501 1.000000
10291 -22.049732 -62.423840 7.937646 1.000000
10587 -17.651896 -63.117470 0.110664 1.000000
10588 -18.295753 -61.755348 -0.208784 1.000000
10589 -15.765864 -62.707420 0.177478 1.000000
10590 -14.028806 -62.153931 0.314436 1.000000
11184 -13.984976 -53.786858 7.741063 1.000000
11185 -15.124539 -53.864296 7.118472 1.000000
11186 -16.172665 -54.640724 7.435440 1.000000
11189 -26.205933 -63.774254 3.014436 1.000000
11191 -25.588203 -65.443321 2.028050 1.000000
12077 -20.436649 -52.996166 3.368944 1.000000
12078 -19.109329 -51.858746 3.005919 1.000000
12088 -10.805125 -56.341198 -1.943060 1.000000
12899 -19.896008 -60.400146 13.604952 1.000000
12900 -20.436274 -62.159248 11.971619 1.000000
12901 -20.546856 -61.992016 13.105412 1.000000
12902 -15.929276 -67.843788 9.662550 1.000000
12903 -16.258799 -67.868256 8.097711 1.000000
12904 -15.077723 -67.851364 7.722310 1.000000
13031 -17.059847 -57.814842 15.698050 1.000000
13032 -18.735989 -58.945129 14.706462 1.000000
13033 -18.704355 -59.184082 13.558760 1.000000
13097 -7.064737 -57.945812 9.869082 1.000000
13098 -7.907597 -57.516479 9.315620 1.000000
13099 -8.617430 -58.023022 9.900648 1.000000
13100 -10.300531 -58.202461 9.989048 1.000000
13101 -9.455112 -58.442894 10.526460 1.000000
13306 -21.187847 -70.781960 7.729372 1.000000
13307 -22.323647 -70.537331 7.382751 1.000000
13584 -17.799219 -57.222546 8.462729 1.000000
13585 -19.085503 -57.513084 7.793469 1.000000
13586 -19.984638 -58.612190 7.793169 1.000000
13587 -23.901031 -62.248249 7.273471 1.000000
13588 -23.557135 -61.154320 7.154137 1.000000
13589 -25.001762 -62.593437 6.847642 1.000000
13590 -25.754538 -62.993523 6.112342 1.000000
13591 -25.873714 -64.254776 6.330916 1.000000
14477 -23.518162 -57.900757 0.372354 1.000000
14479 -22.746923 -57.777515 -0.252380 1.000000
14480 -19.570065 -58.653400 -0.868533 1.000000
14481 -20.945028 -57.341175 -1.243755 1.000000
14482 -19.964249 -57.125702 -1.561373 1.000000
14483 -20.273859 -55.646648 -2.254220 1.000000
14484 -18.848740 -56.874290 -1.775621 1.000000
14485 -17.671856 -56.632122 -2.047369 1.000000
14486 -17.050365 -58.061256 -1.081278 1.000000
14487 -11.479551 -60.392540 0.624234 1.000000
14488 -12.622281 -59.171764 0.166356 1.000000
14489 -10.679542 -59.488171 0.568319 1.000000
14490 -10.200251 -58.808006 0.188560 1.000000
14491 -9.359881 -60.086163 0.578201 1.000000
15300 -21.031219 -61.747181 16.052485 1.000000
15301 -21.278582 -61.835255 16.990974 1.000000
15302 -21.592438 -65.610718 16.040075 1.000000
15303 -21.393463 -65.197250 15.180842 1.000000
15304 -20.396206 -66.423172 14.220087 1.000000
15305 -18.711239 -66.753220 12.948263 1.000000
15306 -18.920212 -66.924179 13.705480 1.000000
15420 -11.567969 -63.815777 22.860889 1.000000
15421 -9.676809 -64.296555 22.290112 1.000000
15422 -12.173949 -63.195057 22.360626 1.000000
15428 -11.480296 -59.793236 19.889370 1.000000
16269 -9.791051 -50.299465 5.068189 1.000000
16270 -10.611002 -50.238811 4.677228 1.000000
16271 -11.803946 -51.207115 5.378821 1.000000
16272 -17.352636 -53.706993 5.945951 1.000000
16273 -16.104771 -52.844307 5.534373 1.000000
16274 -18.343769 -53.537010 5.445496 1.000000
16275 -19.145672 -53.338551 4.827849 1.000000
16276 -20.353888 -54.402794 5.135086 1.000000
16277 -21.601627 -57.818428 6.824486 1.000000
16278 -20.682217 -56.709553 6.648091 1.000000
16279 -22.643559 -57.797539 6.318841 1.000000
16280 -25.138226 -59.340260 3.968556 1.000000
16281 -24.132961 -57.927849 4.860793 1.000000
16282 -24.510487 -58.053967 4.011764 1.000000
16283 -23.581501 -56.763287 3.935539 1.000000
16284 -24.555904 -57.964191 3.133790 1.000000
16285 -24.455652 -57.953625 2.093789 1.000000
16289 -22.599556 -63.868889 0.110699 1.000000
16290 -21.144159 -63.598000 0.054860 1.000000
16291 -20.824154 -64.955154 0.147992 1.000000
18947 -12.044233 -49.898911 3.809095 1.000000
18948 -10.680619 -48.606514 3.317373 1.000000
18949 -12.686134 -49.591904 3.262606 1.000000
18950 -15.879354 -49.696152 1.981043 1.000000
18951 -13.703096 -48.905785 2.098854 1.000000
18952 -14.021235 -48.472889 1.470665 1.000000
18953 -12.167223 -47.181458 1.179875 1.000000
18954 -14.298836 -48.023827 0.857461 1.000000
18956 -21.532520 -52.187294 0.722532 1.000000
18961 -14.599444 -47.153442 -0.457424 1.000000
18962 -14.664813 -46.586891 -1.096625 1.000000
18963 -12.555550 -44.863758 -1.124378 1.000000
18964 -14.435537 -45.886768 -1.701361 1.000000
18977 -15.310092 -55.635235 -2.441716 1.000000
18978 -16.244766 -54.059753 -3.526487 1.000000
18979 -14.307562 -54.700172 -2.666960 1.000000
18980 -12.204073 -53.559517 -3.310993 1.000000
18981 -13.113899 -52.919983 -3.368335 1.000000
21419 -19.496029 -62.184456 9.526517 1.000000
21420 -20.812618 -63.381947 8.550438 1.000000
21421 -20.349192 -63.263390 9.030499 1.000000
21422 -20.709888 -65.621475 8.246284 1.000000
21423 -21.093517 -65.690102 8.095049 1.000000
21424 -20.995327 -66.922424 7.828308 1.000000
21425 -20.980616 -68.123398 8.101793 1.000000
21426 -20.490072 -67.995583 7.789200 1.000000
21427 -20.780106 -65.204971 12.257208 1.000000
21428 -20.636267 -65.445641 11.000910 1.000000
21429 -19.879995 -66.816940 10.054472 1.000000
21445 -16.358257 -68.860458 15.047997 1.000000
21446 -17.864357 -68.562981 14.944910 1.000000
21447 -16.196436 -67.826981 14.598659 1.000000
21448 -15.980238 -67.145821 13.789291 1.000000
21449 -14.455383 -67.342537 13.723745 1.000000
21810 -11.123937 -58.607006 18.438183 1.000000
21811 -9.327990 -59.382942 17.420536 1.000000
21812 -10.971869 -58.058174 17.566311 1.000000
21813 -13.177641 -57.279369 14.868177 1.000000
21814 -11.129588 -57.469135 15.353346 1.000000
21815 -11.500380 -57.621910 14.118869 1.000000
21816 -10.177759 -58.152321 13.243423 1.000000
21817 -11.997326 -58.010872 12.974512 1.000000
21818 -12.406065 -58.550606 11.963171 1.000000
21819 -13.743111 -58.248100 12.591677 1.000000
21820 -18.462141 -60.250893 11.339840 1.000000
21821 -16.970448 -59.696648 11.281157 1.000000
21822 -18.332928 -60.965435 10.347706 1.000000
21823 -18.549633 -61.417816 9.413272 1.000000
22008 -8.312819 -51.547253 6.482629 1.000000
22009 -9.047029 -52.548622 6.884415 1.000000
22010 -10.433014 -52.924065 7.360496 1.000000
22011 -9.713705 -53.445732 7.674482 1.000000
22015 -9.565425 -56.534107 8.913704 1.000000
22016 -8.993402 -55.613171 8.313880 1.000000
22017 -10.411300 -55.899212 9.046201 1.000000
22018 -11.183691 -55.253014 9.108889 1.000000
22019 -12.012950 -56.152466 9.537880 1.000000
22020 -14.001177 -56.289246 9.483548 1.000000
22021 -12.911783 -56.905373 9.568968 1.000000
22022 -13.660868 -58.747063 9.690363 1.000000
22023 -14.628146 -58.334877 9.440982 1.000000
22024 -15.317737 -58.935890 9.388740 1.000000
22025 -17.242178 -59.403492 8.929111 1.000000
22026 -15.994037 -59.600014 9.412758 1.000000
22636 -22.717651 -65.607246 8.253702 1.000000
22637 -23.304235 -64.965492 8.175542 1.000000
22638 -23.443954 -66.421005 8.106859 1.000000
22640 -24.695553 -67.925102 6.819618 1.000000
22641 -25.042995 -68.580994 5.879178 1.000000
23127 -19.385832 -59.243217 8.133388 1.000000
23128 -20.658819 -59.605022 7.755403 1.000000
23129 -21.164263 -60.553795 7.677593 1.000000
23130 -22.749201 -61.897491 7.535399 1.000000
23131 -24.130634 -63.316639 7.561843 1.000000
23663 -21.730633 -60.747841 -0.278298 1.000000
23665 -20.385775 -60.525372 -0.419627 1.000000
23666 -18.997210 -60.269703 -0.479345 1.000000
23667 -17.538250 -59.916523 -0.491817 1.000000
23668 -16.120274 -59.463600 -0.457126 1.000000
23669 -15.006900 -60.834740 -0.112034 1.000000
23670 -12.576114 -61.404469 0.461969 1.000000
23671 -10.472996 -61.636730 1.195692 1.000000
24229 -14.093391 -62.070869 22.460108 1.000000
24738 -11.897963 -52.117481 6.425662 1.000000
24739 -12.895086 -52.135376 6.013889 1.000000
24740 -13.995671 -53.000244 6.616891 1.000000
24741 -16.225454 -53.818901 6.490293 1.000000
24742 -18.555685 -54.723015 6.144383 1.000000
24743 -24.945978 -60.377575 5.905191 1.000000
24744 -24.348278 -59.156445 5.753569 1.000000
24750 -24.852345 -64.055038 1.131491 1.000000
24751 -23.659063 -65.399879 0.570736 1.000000
26345 -16.429310 -51.354168 3.950883 1.000000
26346 -14.824722 -50.371052 3.324296 1.000000
26347 -17.080441 -51.081409 3.281268 1.000000
26348 -17.605459 -50.766712 2.537825 1.000000
26349 -18.079697 -50.492191 1.777879 1.000000
26363 -11.863974 -56.232220 -1.050705 1.000000
26364 -12.698825 -55.077808 -2.027984 1.000000
26365 -11.515356 -55.499428 -1.812591 1.000000
27827 -19.639072 -61.122723 11.467780 1.000000
27828 -20.189539 -62.958923 9.887078 1.000000
27829 -20.311848 -62.572487 10.937990 1.000000
27830 -20.582581 -64.137177 10.055096 1.000000
27831 -20.593384 -65.650070 8.855796 1.000000
27832 -18.596630 -67.361229 10.521993 1.000000
27833 -18.756657 -67.646309 9.191027 1.000000
27834 -17.477976 -67.911148 8.612307 1.000000
27835 -16.953773 -68.138168 7.056345 1.000000
27844 -16.611441 -69.995316 15.385386 1.000000
27845 -14.784017 -69.065536 15.277165 1.000000
28066 -15.243896 -57.619335 14.243332 1.000000
28067 -15.394032 -58.105324 13.097368 1.000000
28068 -17.108225 -58.360359 13.391231 1.000000
28069 -18.634684 -59.574028 12.416028 1.000000
28184 -7.017352 -55.913982 8.300069 1.000000
28185 -7.398714 -56.808357 8.727835 1.000000
28186 -8.717812 -57.087971 8.949166 1.000000
28187 -10.261584 -57.324471 9.383842 1.000000
28188 -11.962927 -57.464386 9.620125 1.000000
28189 -11.191679 -57.915516 9.708645 1.000000
28190 -12.098654 -58.466545 9.962743 1.000000
28191 -12.921590 -59.006153 10.273972 1.000000
28558 -22.389368 -68.289749 8.054054 1.000000
28559 -23.305714 -67.833618 7.881496 1.000000
28560 -22.941387 -69.198792 7.546434 1.000000
29001 -15.967352 -55.397991 8.418037 1.000000
29002 -17.238066 -55.586163 7.670257 1.000000
29003 -18.130003 -56.511738 7.737097 1.000000
29004 -20.439718 -57.781555 7.253544 1.000000
29005 -22.449429 -58.904907 6.937874 1.000000
29006 -21.912909 -59.877392 7.388605 1.000000
29007 -23.064976 -60.043427 7.081588 1.000000
29008 -24.125774 -60.197002 6.597556 1.000000
29009 -25.437351 -61.654968 6.040462 1.000000
29010 -26.149698 -63.308838 5.169900 1.000000
29011 -26.362408 -65.038582 4.143076 1.000000
30251 -23.080326 -55.150879 2.020384 1.000000
30253 -23.049685 -54.919121 1.064540 1.000000
30254 -22.892950 -54.715401 0.072831 1.000000
30255 -22.523443 -54.593018 -0.893733 1.000000
30256 -21.863535 -57.506245 -0.817660 1.000000
30257 -21.926186 -55.964836 -1.284912 1.000000
30258 -22.002455 -54.443592 -1.669468 1.000000
30261 -19.737396 -53.747601 -3.340833 1.000000
30263 -18.248497 -55.087395 -2.957965 1.000000
30264 -16.519615 -56.211830 -2.284806 1.000000
30265 -14.566721 -56.845257 -1.354965 1.000000
30266 -14.903270 -58.810261 -0.458506 1.000000
30267 -13.639653 -58.016273 -0.430033 1.000000
30268 -12.628721 -57.068775 -0.643112 1.000000
30269 -11.059217 -57.404835 -0.439120 1.000000
30270 -10.023717 -58.265450 -0.547722 1.000000
31403 -20.062099 -60.197258 15.687386 1.000000
31404 -20.639221 -61.844482 14.179563 1.000000
31405 -20.803690 -61.733204 15.119612 1.000000
31406 -21.164146 -63.367939 14.269389 1.000000
31407 -20.985149 -65.019760 13.351405 1.000000
31408 -21.655125 -63.567883 16.181820 1.000000
31409 -21.202988 -65.001823 14.337789 1.000000
31410 -19.989613 -66.351273 12.433981 1.000000
31411 -18.595623 -66.889641 11.843428 1.000000
31412 -17.216158 -67.272163 11.481005 1.000000
31413 -15.742068 -67.363525 11.268344 1.000000
31577 -12.532476 -62.599426 21.819530 1.000000
31578 -10.345226 -62.907024 21.543734 1.000000
31580 -7.957724 -62.629810 20.155155 1.000000
31582 -7.833845 -61.588539 18.609570 1.000000
31584 -9.545464 -60.423637 18.990595 1.000000
32706 -11.372348 -50.097359 4.280624 1.000000
32707 -13.450313 -51.002056 4.457562 1.000000
32708 -13.822508 -52.147167 5.505022 1.000000
32709 -14.791308 -51.977612 5.021775 1.000000
32710 -15.652509 -51.648262 4.489835 1.000000
32711 -17.843882 -52.335609 4.454136 1.000000
32712 -19.822750 -53.158051 4.121399 1.000000
32713 -21.560749 -54.115501 3.615947 1.000000
32714 -18.458378 -55.657543 6.984496 1.000000
32715 -19.632936 -55.652721 6.407336 1.000000
32716 -20.641329 -55.541656 5.936584 1.000000
32717 -23.523403 -57.824394 5.666577 1.000000
32718 -22.461388 -56.588978 5.535348 1.000000
32719 -21.429562 -55.494820 5.385135 1.000000
32720 -22.077496 -55.445534 4.717784 1.000000
32721 -22.603874 -55.431507 3.810432 1.000000
32722 -22.893661 -55.281364 2.954209 1.000000
32724 -24.074841 -57.988930 1.114539 1.000000
32725 -23.745043 -59.463146 0.373066 1.000000
32728 -22.873360 -60.933605 -0.019555 1.000000
32729 -21.398355 -62.192608 -0.133401 1.000000
32730 -19.472786 -63.376148 0.057007 1.000000
33919 -10.930496 -64.471947 23.463108 1.000000
33920 -12.861979 -63.031334 23.734043 1.000000
36041 -13.189600 -49.278553 2.680969 1.000000
36042 -11.599863 -48.040573 2.235985 1.000000
36044 -10.666722 -46.155495 1.892078 1.000000
36046 -11.188797 -45.048653 0.763319 1.000000
36052 -16.688076 -49.020794 0.586631 1.000000
36053 -14.511789 -47.620609 0.188324 1.000000
36054 -12.535543 -46.101753 0.014007 1.000000
36055 -11.476874 -44.572136 0.277643 1.000000
36059 -14.232124 -45.171547 -2.300999 1.000000
36075 -17.126259 -52.460094 -4.428309 1.000000
36077 -13.584894 -53.800243 -2.955745 1.000000
36078 -14.573639 -52.336872 -3.858219 1.000000
39017 -20.477243 -62.199749 8.372417 1.000000
39018 -21.852097 -63.098755 8.168088 1.000000
39019 -21.322517 -63.271782 8.295588 1.000000
39020 -21.820784 -64.451973 8.162340 1.000000
39021 -22.106197 -65.716263 8.178594 1.000000
39022 -20.855066 -64.485878 8.458169 1.000000
39023 -21.557041 -65.759392 8.104365 1.000000
39024 -22.010286 -66.947464 8.209615 1.000000
39025 -21.631216 -68.236412 8.212520 1.000000
39026 -21.073763 -69.409393 8.191930 1.000000
39027 -20.355738 -70.387711 8.072576 1.000000
39028 -20.841679 -63.710400 12.173780 1.000000
39029 -20.664635 -65.596672 9.913651 1.000000
39030 -20.143503 -66.790428 7.950116 1.000000
39031 -18.984196 -67.598206 8.004331 1.000000
39032 -19.404453 -67.591835 7.250500 1.000000
39033 -20.005617 -67.795761 7.360326 1.000000
39035 -19.489208 -69.979729 8.133884 1.000000
39049 -19.544207 -69.073997 15.732946 1.000000
39050 -19.331541 -68.268219 15.070440 1.000000
39051 -19.161135 -67.436935 14.433962 1.000000
39052 -17.515011 -67.054771 13.776754 1.000000
39053 -15.750746 -67.006523 12.623818 1.000000
39054 -14.400286 -67.547249 11.015533 1.000000
39062 -13.086058 -67.661171 10.740497 1.000000
39063 -13.260564 -67.764229 8.870285 1.000000
39489 -10.952364 -57.660450 16.495399 1.000000
39493 -8.935667 -58.596813 12.220671 1.000000
39494 -9.269403 -58.544231 11.268671 1.000000
39495 -11.078423 -58.667847 11.209002 1.000000
39496 -12.714827 -58.956768 11.049657 1.000000
39497 -14.040062 -59.262703 10.706684 1.000000
39498 -15.420979 -58.778645 12.031489 1.000000
39499 -15.444099 -59.432159 11.047031 1.000000
39500 -15.552904 -59.750153 10.068064 1.000000
39501 -17.313852 -60.482170 9.383257 1.000000
39502 -19.027576 -61.320751 8.699463 1.000000
39503 -19.501995 -61.030823 8.251986 1.000000
39723 -9.287164 -50.676506 5.637460 1.000000
39725 -8.798816 -51.105927 6.088183 1.000000
39726 -10.257222 -51.639496 6.181475 1.000000
39727 -11.193907 -52.509331 6.961883 1.000000
39728 -12.163360 -53.260052 7.804405 1.000000
39729 -13.034360 -54.100391 8.478271 1.000000
39733 -7.780931 -55.305321 7.962750 1.000000
39734 -8.405101 -54.673695 7.810600 1.000000
39735 -9.073717 -54.044197 7.862865 1.000000
39736 -10.421082 -54.414471 8.478708 1.000000
39737 -12.144793 -54.629589 8.980325 1.000000
39738 -14.074163 -54.929878 8.883986 1.000000
39739 -15.061188 -55.734058 9.087783 1.000000
39740 -15.959643 -56.595165 9.132330 1.000000
39741 -16.781321 -57.476875 8.989055 1.000000
39742 -13.807625 -57.647106 9.533468 1.000000
39743 -15.713771 -57.852348 9.255510 1.000000
39744 -17.586224 -58.338428 8.777380 1.000000
39745 -18.287289 -59.220806 8.518499 1.000000
39746 -18.958874 -60.087391 8.277847 1.000000
40477 -22.818514 -63.641895 8.040297 1.000000
40478 -23.788603 -64.298790 7.933862 1.000000
40479 -24.780247 -64.884476 7.555452 1.000000
40480 -24.232645 -67.188377 7.600854 1.000000
40481 -24.956470 -66.479721 7.251937 1.000000
40482 -25.578932 -65.394981 6.798666 1.000000
40483 -25.964502 -65.935379 5.776862 1.000000
40484 -26.109488 -66.367813 4.643180 1.000000
40497 -22.392786 -66.762802 0.577889 1.000000
40499 -20.821501 -67.920174 0.655270 1.000000
40533 -9.018500 -62.092358 1.837655 1.000000
