#!ascii label, from cvs_avg35 to fsaverage6
239
133 -48.557861 -48.148140 4.303336 1.000000
289 -54.178661 -45.423717 10.839548 1.000000
290 -52.287006 -40.303387 4.676627 1.000000
559 -49.331604 -36.098293 -0.401004 1.000000
770 -59.001476 -43.186241 9.617198 1.000000
1227 -48.607830 -53.103992 5.738005 1.000000
1228 -53.468269 -56.305916 5.871519 1.000000
1229 -52.780823 -50.840202 2.827712 1.000000
1232 -57.466808 -37.264912 4.505661 1.000000
1233 -51.107922 -38.131409 2.211346 1.000000
1234 -55.768456 -34.736256 1.487769 1.000000
1235 -53.432335 -32.534496 -0.915563 1.000000
1673 -49.297581 -45.348003 7.887949 1.000000
1674 -49.212563 -43.746307 4.471165 1.000000
1675 -53.663605 -43.286324 7.233266 1.000000
1676 -58.535511 -40.990532 6.644994 1.000000
3147 -48.369633 -50.548100 4.767671 1.000000
3148 -50.606674 -52.171227 4.138770 1.000000
3149 -50.376095 -49.587036 3.456746 1.000000
3152 -60.121437 -35.563713 4.516024 1.000000
3153 -56.643810 -35.721073 2.953114 1.000000
3155 -58.677197 -32.993042 1.357150 1.000000
3750 -51.359173 -44.278637 7.860309 1.000000
3751 -53.952831 -44.414410 9.192521 1.000000
3753 -58.791676 -42.077187 7.997202 1.000000
5125 -55.269722 -55.162830 3.881560 1.000000
5126 -55.813995 -57.985638 6.073647 1.000000
5137 -50.465981 -41.837875 4.559385 1.000000
5139 -49.848778 -40.798576 3.380661 1.000000
5140 -50.216534 -37.158535 0.947662 1.000000
5141 -49.096149 -39.288952 0.786683 1.000000
5142 -48.584206 -38.296314 -0.719080 1.000000
5144 -47.845638 -37.495071 -2.325072 1.000000
5146 -48.068787 -35.285851 -1.792388 1.000000
5147 -56.079010 -30.786798 -1.210049 1.000000
5148 -51.774696 -31.184656 -1.980375 1.000000
5994 -56.730934 -44.276512 10.284184 1.000000
5995 -59.324371 -44.916424 11.485109 1.000000
6817 -49.199833 -55.565186 6.836289 1.000000
6818 -51.764271 -57.277782 7.179787 1.000000
6819 -50.962067 -54.767883 5.765264 1.000000
6820 -53.135414 -53.733776 3.941879 1.000000
6826 -54.745678 -38.871819 4.555582 1.000000
6827 -51.689247 -39.120205 3.460157 1.000000
6828 -54.097862 -37.491795 3.206336 1.000000
6829 -53.239635 -36.441612 1.736068 1.000000
6830 -52.331432 -35.277718 0.725042 1.000000
6831 -51.106812 -34.227699 -0.449471 1.000000
6832 -54.830513 -33.436852 0.392931 1.000000
6833 -57.645027 -31.782383 0.171473 1.000000
7745 -47.926491 -46.402416 5.912608 1.000000
7746 -48.691120 -46.000145 4.370492 1.000000
7747 -49.175262 -44.618458 6.205850 1.000000
7748 -50.960205 -43.192398 6.041886 1.000000
7749 -53.149017 -41.801609 5.728544 1.000000
7750 -56.330158 -43.189262 8.449270 1.000000
7751 -56.011986 -42.341152 6.874295 1.000000
7752 -55.364483 -40.589119 5.556836 1.000000
7753 -58.094074 -39.166698 5.585524 1.000000
9498 -49.491074 -40.017403 2.143440 1.000000
10825 -47.733589 -48.370937 5.053092 1.000000
10829 -49.361137 -48.923958 3.803508 1.000000
10833 -59.734386 -34.663044 3.745502 1.000000
11430 -52.842113 -44.917686 9.442512 1.000000
11431 -54.127735 -44.902588 9.981181 1.000000
12817 -51.295582 -41.053913 4.669179 1.000000
12818 -50.113647 -41.290554 4.002714 1.000000
12819 -50.927574 -40.429314 4.139581 1.000000
12820 -49.774872 -36.596252 0.259201 1.000000
12821 -49.153618 -37.663517 0.278229 1.000000
12822 -48.732246 -37.187824 -0.505732 1.000000
12823 -48.238777 -37.925488 -1.550471 1.000000
12824 -48.271313 -36.733730 -1.245688 1.000000
12825 -47.750351 -36.354286 -1.943391 1.000000
12826 -48.734673 -35.706169 -1.004011 1.000000
13829 -58.188702 -46.713951 12.493686 1.000000
13830 -58.175182 -45.544319 11.796455 1.000000
15201 -47.892944 -54.666542 6.881208 1.000000
15202 -48.920315 -54.438007 6.175660 1.000000
15203 -50.082157 -55.319756 6.278438 1.000000
15204 -49.770447 -53.977428 5.639670 1.000000
15205 -51.640331 -51.587807 3.385890 1.000000
15206 -51.873913 -52.971046 4.000910 1.000000
15207 -52.976879 -52.357719 3.209844 1.000000
15208 -54.150169 -53.001381 2.951741 1.000000
15217 -56.109119 -38.129433 4.543882 1.000000
15218 -54.410694 -38.120552 3.903165 1.000000
15219 -55.788158 -37.247456 3.829095 1.000000
15220 -56.180443 -35.246353 2.168392 1.000000
15221 -54.905357 -36.075638 2.242557 1.000000
15222 -54.470470 -35.610790 1.610977 1.000000
15223 -52.743031 -35.909969 1.206858 1.000000
15224 -54.058758 -34.992241 1.096499 1.000000
15225 -53.617157 -34.301121 0.536142 1.000000
15226 -55.330711 -34.089012 0.985165 1.000000
15228 -58.252666 -32.311825 0.767430 1.000000
17008 -47.644341 -46.648140 6.884195 1.000000
17009 -48.362030 -45.723469 6.943413 1.000000
17010 -48.455498 -45.469444 6.095693 1.000000
17011 -49.198467 -44.949409 7.051064 1.000000
17012 -52.485298 -43.778706 7.561975 1.000000
17013 -51.190437 -43.774616 6.913813 1.000000
17014 -52.295357 -43.203983 6.608076 1.000000
17015 -52.035206 -42.460964 5.813701 1.000000
17016 -53.417988 -42.645679 6.402096 1.000000
17017 -57.895546 -43.715385 9.947593 1.000000
17018 -56.520500 -43.582626 9.291826 1.000000
17019 -57.670349 -43.048992 8.980614 1.000000
17020 -58.738472 -41.631989 7.390503 1.000000
17021 -57.416393 -42.322365 7.442964 1.000000
17022 -57.255993 -41.736607 6.756178 1.000000
17023 -55.750439 -41.524551 6.110652 1.000000
17024 -57.028484 -40.837017 6.031036 1.000000
17025 -56.691673 -39.892323 5.503936 1.000000
17026 -58.319252 -40.112507 5.995324 1.000000
21135 -52.627960 -56.793476 6.470150 1.000000
21136 -53.017632 -58.135429 7.385820 1.000000
21137 -53.884876 -57.582050 6.583117 1.000000
21172 -48.826031 -44.869347 4.385679 1.000000
21175 -49.170822 -42.591248 2.096874 1.000000
21180 -51.337219 -38.609474 2.790112 1.000000
21181 -50.360836 -39.461342 2.867986 1.000000
21182 -50.237434 -39.045380 2.231286 1.000000
21184 -49.001518 -40.460487 0.550308 1.000000
21190 -48.742249 -39.197235 -3.584574 1.000000
21202 -52.188526 -33.395119 -0.650155 1.000000
21203 -50.377495 -33.801739 -1.086989 1.000000
21204 -51.362640 -32.929787 -1.323867 1.000000
21205 -51.051384 -30.415974 -2.427485 1.000000
21206 -49.843910 -31.428867 -2.344384 1.000000
24098 -49.577942 -52.670490 4.963612 1.000000
24099 -49.441944 -51.365913 4.431553 1.000000
24100 -50.447823 -50.829994 3.717622 1.000000
24101 -51.485229 -50.192009 3.149498 1.000000
24106 -58.808125 -36.443275 4.421098 1.000000
24107 -57.093689 -36.393837 3.769436 1.000000
24108 -58.450550 -35.498890 3.711581 1.000000
24109 -57.996746 -34.897198 2.910684 1.000000
24110 -57.605835 -34.429092 2.116388 1.000000
24111 -57.271984 -33.851021 1.432019 1.000000
24112 -59.084038 -33.610573 2.096542 1.000000
25180 -50.476906 -45.934464 9.861513 1.000000
25181 -50.460373 -45.280281 8.809147 1.000000
25182 -50.267883 -44.741333 7.914015 1.000000
25183 -51.529381 -44.787750 8.760135 1.000000
25184 -52.680122 -44.311131 8.542833 1.000000
25185 -53.792870 -43.778553 8.196684 1.000000
25186 -60.179909 -42.648335 9.416708 1.000000
25187 -58.858238 -42.548534 8.681467 1.000000
25188 -60.100014 -41.852135 8.520525 1.000000
25189 -60.112450 -41.298702 7.884557 1.000000
25190 -59.980133 -40.873695 7.262595 1.000000
25191 -59.792915 -40.192135 6.582894 1.000000
25192 -61.141991 -39.973251 7.057329 1.000000
27657 -54.365978 -55.780743 5.033555 1.000000
27658 -54.670216 -57.067558 5.912023 1.000000
27659 -55.444702 -56.529533 5.057861 1.000000
27660 -56.632061 -57.380138 5.172090 1.000000
27679 -49.820122 -42.693474 4.495780 1.000000
27681 -49.569008 -42.244347 3.772724 1.000000
27682 -49.372200 -41.853935 3.111359 1.000000
27684 -50.681923 -37.693459 1.576275 1.000000
27685 -49.952934 -38.562775 1.650757 1.000000
27686 -49.533142 -38.152435 0.971079 1.000000
27688 -48.755981 -39.513172 -0.991403 1.000000
27697 -54.688091 -31.706821 -1.095446 1.000000
27698 -52.644676 -31.954325 -1.548170 1.000000
27699 -53.931080 -30.983093 -1.595827 1.000000
29338 -55.133629 -51.250954 15.519145 1.000000
29345 -55.554321 -45.670383 11.544209 1.000000
29346 -55.473564 -44.890846 10.567573 1.000000
29347 -56.850891 -45.107140 11.274778 1.000000
29348 -58.053631 -44.535931 10.927582 1.000000
29349 -59.184898 -44.046196 10.674560 1.000000
29351 -60.371449 -44.491692 11.354106 1.000000
29352 -60.387249 -43.522129 10.458559 1.000000
31269 -50.549648 -56.468849 7.021379 1.000000
31270 -51.373798 -56.072430 6.397830 1.000000
31271 -52.242889 -55.560974 5.829719 1.000000
31272 -50.805145 -53.493214 4.865252 1.000000
31273 -51.994019 -54.213531 4.929009 1.000000
31274 -53.310677 -55.034748 5.058871 1.000000
31275 -54.312706 -54.545013 3.894825 1.000000
31276 -55.306660 -53.637989 2.966283 1.000000
31288 -53.401478 -39.626125 4.604966 1.000000
31289 -51.933601 -39.641453 4.090112 1.000000
31290 -53.132355 -38.902210 3.983243 1.000000
31291 -52.823853 -38.307701 3.309804 1.000000
31292 -52.463257 -37.777534 2.668772 1.000000
31293 -55.353882 -36.633217 3.034000 1.000000
31294 -53.674797 -36.931778 2.483030 1.000000
31295 -52.089752 -37.320660 2.033295 1.000000
31296 -51.658386 -36.787987 1.367840 1.000000
31297 -51.151840 -36.211605 0.849981 1.000000
31298 -50.667393 -35.654327 0.238575 1.000000
31299 -50.119041 -35.100765 -0.367883 1.000000
31300 -51.791115 -34.741730 0.116762 1.000000
31301 -52.955128 -33.796474 0.011449 1.000000
31302 -54.186420 -32.896870 -0.236530 1.000000
31303 -56.731251 -33.156410 0.888675 1.000000
31304 -56.255749 -32.551147 0.211378 1.000000
31305 -55.515026 -32.110497 -0.403306 1.000000
31306 -56.833855 -31.279968 -0.611047 1.000000
33640 -47.456490 -47.524361 5.892900 1.000000
33641 -48.015205 -47.322166 4.976477 1.000000
33642 -48.640366 -47.129005 4.313614 1.000000
33643 -48.238571 -46.224609 5.173198 1.000000
33644 -48.648376 -45.181446 5.278564 1.000000
33645 -49.194511 -44.184624 5.322217 1.000000
33646 -50.121380 -44.283466 7.043218 1.000000
33647 -50.054451 -43.869045 6.226745 1.000000
33648 -49.922371 -43.312393 5.350592 1.000000
33649 -50.795696 -42.470451 5.259536 1.000000
33650 -51.748463 -41.724495 5.244986 1.000000
33651 -52.712440 -41.059929 5.204494 1.000000
33652 -55.378082 -44.267212 9.668390 1.000000
33653 -55.129402 -43.768219 8.796491 1.000000
33654 -54.994640 -43.319645 7.857326 1.000000
33655 -57.493500 -42.673195 8.159247 1.000000
33656 -56.165916 -42.841301 7.605901 1.000000
33657 -54.844349 -42.783634 6.958882 1.000000
33658 -54.575920 -42.072548 6.250454 1.000000
33659 -54.216534 -41.205849 5.623691 1.000000
33660 -53.769066 -40.363396 5.136418 1.000000
33661 -55.041939 -39.733360 5.071305 1.000000
33662 -56.420979 -38.943295 5.093807 1.000000
33663 -57.873810 -38.221165 5.136944 1.000000
33664 -59.664925 -39.371189 6.010679 1.000000
33665 -59.485706 -38.514019 5.596927 1.000000
33666 -59.205555 -37.504913 5.057276 1.000000
33667 -60.492016 -36.660400 5.048125 1.000000
38730 -50.657452 -39.906464 3.513866 1.000000
38731 -49.634033 -40.410961 2.783936 1.000000
38732 -49.158688 -41.137138 1.879580 1.000000
38733 -49.375908 -39.645756 1.514542 1.000000
38734 -49.072796 -40.847630 1.231199 1.000000
38746 -52.118111 -40.024261 -5.929136 1.000000
38757 -49.434361 -34.696655 -1.012908 1.000000
38758 -48.655064 -34.201805 -1.722584 1.000000
