#!ascii label, from cvs_avg35 to fsaverage6
756
34 44.051388 -68.895798 6.383385 1.000000
87 43.957687 -76.680290 -9.358671 1.000000
140 43.922390 -77.552711 18.800190 1.000000
346 45.880627 -60.942432 6.282913 1.000000
347 56.363686 -58.173534 0.959875 1.000000
348 47.129257 -60.144653 1.755585 1.000000
349 40.748348 -76.729538 -15.496890 1.000000
442 47.952106 -78.375381 5.473474 1.000000
443 43.268974 -74.089149 0.226081 1.000000
573 38.301643 -62.055351 12.998721 1.000000
628 44.968822 -62.399437 -4.387647 1.000000
826 43.146641 -63.715233 6.177575 1.000000
827 47.764496 -62.274864 3.684617 1.000000
828 43.396904 -64.660652 3.503896 1.000000
976 41.688854 -81.204208 3.528594 1.000000
977 44.724804 -82.139114 1.497584 1.000000
1266 40.104534 -59.618248 18.166615 1.000000
1272 41.810287 -72.753700 20.447468 1.000000
1273 40.825584 -70.642349 16.418921 1.000000
1404 42.122463 -76.496567 -4.210741 1.000000
1405 40.679619 -68.450386 -2.417922 1.000000
1406 42.503128 -70.039986 -6.437356 1.000000
1774 49.912098 -59.743927 5.423093 1.000000
1775 56.314049 -60.490410 4.080681 1.000000
1776 52.082226 -62.431122 3.708901 1.000000
1777 51.705971 -58.484234 0.940778 1.000000
1778 51.535645 -57.374859 -2.153955 1.000000
1779 43.447155 -76.892715 -12.858363 1.000000
1780 45.018890 -70.452942 -10.102438 1.000000
1990 47.633026 -73.355522 5.527586 1.000000
1991 43.963291 -71.585663 2.417606 1.000000
1992 46.715744 -76.348251 2.105662 1.000000
1993 45.058723 -79.380386 -1.555190 1.000000
1994 44.480568 -80.344551 -7.121550 1.000000
2349 53.788200 -56.864948 10.555833 1.000000
2351 50.977955 -57.449577 13.129869 1.000000
2353 44.694389 -58.035572 7.811540 1.000000
2354 41.056149 -60.977692 8.588521 1.000000
2355 40.782784 -65.825546 8.958730 1.000000
2364 44.804100 -70.778587 9.907887 1.000000
2365 48.763847 -74.994278 10.198969 1.000000
2366 43.198154 -78.258339 6.718996 1.000000
2518 41.617775 -66.069740 0.925893 1.000000
2519 45.610180 -59.886669 -1.300003 1.000000
2520 52.157482 -58.870155 -4.237044 1.000000
2521 45.352314 -63.314648 -6.993129 1.000000
2522 52.256817 -62.185234 -7.509030 1.000000
2746 43.134567 -66.286514 6.293304 1.000000
2747 44.007839 -64.365532 4.956824 1.000000
2748 43.381798 -67.035408 4.709664 1.000000
2750 38.368732 -72.295189 -14.091578 1.000000
2896 38.585495 -81.858177 1.428707 1.000000
2897 40.697426 -83.367630 1.305079 1.000000
2898 38.006771 -83.970123 -0.530872 1.000000
3182 49.173073 -60.934731 19.408484 1.000000
3184 45.470684 -59.848339 18.880825 1.000000
3192 43.480556 -75.023438 19.727554 1.000000
3324 42.633038 -76.837425 -7.257860 1.000000
3325 41.364712 -73.681290 -5.682565 1.000000
3326 42.862934 -73.688919 -7.803766 1.000000
3916 47.801159 -60.215931 5.791053 1.000000
3917 51.150532 -61.346703 4.880319 1.000000
3918 48.918903 -61.816597 5.191812 1.000000
3919 47.466171 -60.951515 2.599786 1.000000
3920 49.594254 -60.507275 2.328888 1.000000
3921 49.539925 -59.048820 1.125311 1.000000
3922 51.530434 -57.297108 -0.964457 1.000000
3923 49.406929 -58.186134 -0.143076 1.000000
3924 42.587463 -76.838356 -14.549909 1.000000
3925 45.027176 -73.397568 -13.839836 1.000000
3926 44.472172 -73.396019 -15.685208 1.000000
4366 48.643059 -75.589714 5.585477 1.000000
4367 47.454926 -74.845085 3.271931 1.000000
4368 47.646782 -77.491791 3.361063 1.000000
4369 43.623863 -83.418953 -1.369234 1.000000
4370 45.445656 -80.782837 -0.124458 1.000000
4371 44.189617 -81.939529 -2.782978 1.000000
4372 44.364418 -80.233192 -4.167748 1.000000
4373 43.244141 -82.058868 -5.382351 1.000000
5225 53.590363 -55.233593 10.661545 1.000000
5233 49.758114 -56.955853 10.893490 1.000000
5237 39.148857 -59.882790 12.872597 1.000000
5238 40.647339 -59.355957 10.420502 1.000000
5239 39.383087 -61.372627 10.485403 1.000000
5240 40.268829 -63.153870 8.551151 1.000000
5241 39.309704 -63.805103 10.591289 1.000000
5263 42.419441 -69.031174 11.359589 1.000000
5264 45.321815 -71.320114 11.489775 1.000000
5265 47.505051 -72.400253 10.313103 1.000000
5266 47.180275 -73.702805 11.705244 1.000000
5634 57.008507 -60.310097 2.614474 1.000000
5635 59.109344 -58.259785 3.122085 1.000000
5636 59.127422 -56.909203 1.445896 1.000000
5649 43.463383 -72.920204 1.063145 1.000000
5650 41.983616 -69.436691 1.543815 1.000000
5651 41.698269 -70.668900 0.518376 1.000000
5652 42.111748 -64.808029 -3.544968 1.000000
5653 41.965618 -63.600281 -1.664430 1.000000
5654 45.080723 -61.088585 -2.895542 1.000000
5655 48.869247 -58.991875 -2.704131 1.000000
5656 48.835960 -60.415321 -4.147944 1.000000
5657 45.167927 -67.011703 -10.390708 1.000000
5658 44.635857 -66.910545 -8.557929 1.000000
5659 45.121674 -63.465382 -8.440635 1.000000
6094 44.462708 -62.058006 6.261024 1.000000
6095 47.174164 -62.449352 5.251283 1.000000
6096 45.650070 -62.905678 5.314947 1.000000
6097 45.543957 -62.773315 3.857907 1.000000
6098 44.929173 -62.269123 2.766462 1.000000
6100 42.302860 -72.916443 -16.224190 1.000000
6101 40.199463 -72.667610 -15.493753 1.000000
6364 45.543926 -80.401772 5.026147 1.000000
6365 46.383156 -80.344040 3.633418 1.000000
6366 43.416805 -82.240585 2.942643 1.000000
6367 42.435741 -84.313049 0.390228 1.000000
6887 40.155403 -58.748718 15.395566 1.000000
6900 41.267113 -71.695938 18.193081 1.000000
7125 55.614544 -55.848675 -0.893181 1.000000
7126 58.015480 -54.690453 -0.270521 1.000000
7134 42.910362 -75.401047 -1.631812 1.000000
7135 41.483559 -71.901932 -0.782207 1.000000
7136 40.963646 -73.109222 -3.216755 1.000000
7137 41.139309 -69.356476 -4.665710 1.000000
7138 42.532440 -65.689865 -5.412501 1.000000
7978 51.870186 -58.903656 5.309300 1.000000
7979 54.880566 -59.251350 4.840791 1.000000
7980 53.240448 -60.663910 4.737500 1.000000
7981 54.243725 -62.114788 3.930843 1.000000
7982 54.269691 -60.904907 2.517964 1.000000
7983 49.876026 -62.298637 3.577113 1.000000
7984 51.955555 -60.708031 2.315974 1.000000
7985 53.885185 -58.466602 1.181041 1.000000
7986 53.455894 -56.419579 -1.086119 1.000000
7987 53.230751 -56.175049 -3.061629 1.000000
7988 53.342731 -56.576241 -4.054391 1.000000
7989 44.176857 -76.716087 -11.233042 1.000000
7990 44.318554 -73.643562 -9.636285 1.000000
7991 44.623047 -73.606850 -11.629596 1.000000
7992 45.522297 -70.107628 -12.221241 1.000000
8554 45.740238 -71.263931 6.054870 1.000000
8555 44.436466 -70.270081 4.141303 1.000000
8556 46.268982 -72.620804 3.662753 1.000000
8557 45.539909 -73.911110 2.157422 1.000000
8558 44.955894 -75.075615 1.307253 1.000000
8559 46.701149 -79.404953 1.918998 1.000000
8560 46.029648 -77.981888 0.862204 1.000000
8561 44.541794 -76.862846 -0.383104 1.000000
8562 43.886761 -78.016167 -2.718370 1.000000
8563 43.495422 -78.767090 -5.640435 1.000000
8564 44.511162 -78.526382 -8.399918 1.000000
8572 44.843513 -80.893036 -9.851568 1.000000
8573 44.851036 -78.838951 -10.924039 1.000000
8574 43.754143 -79.209175 -12.799874 1.000000
8575 42.162361 -79.323807 -13.844478 1.000000
9610 52.586071 -57.276379 11.872192 1.000000
9613 49.356342 -57.929005 6.081856 1.000000
9614 47.163918 -58.721729 6.371104 1.000000
9615 45.067902 -59.483253 6.871427 1.000000
9617 42.590378 -59.179420 8.462187 1.000000
9618 43.320251 -60.713570 7.313419 1.000000
9619 42.105541 -62.396667 7.153327 1.000000
9620 41.663078 -64.934128 7.221114 1.000000
9621 42.441956 -67.487030 7.698157 1.000000
9643 39.028423 -67.944954 17.337538 1.000000
9644 38.572681 -66.568886 15.334425 1.000000
9645 38.795532 -65.092804 13.033000 1.000000
9646 40.528748 -66.671806 10.960130 1.000000
9647 42.354645 -68.594841 9.561163 1.000000
9648 44.588375 -70.087914 8.092298 1.000000
9649 46.817276 -71.934364 8.203395 1.000000
9650 49.038403 -74.107956 8.039516 1.000000
9651 49.064262 -76.773865 7.674825 1.000000
9653 46.607319 -77.238052 8.651540 1.000000
9654 46.549358 -79.111870 6.748359 1.000000
9655 42.675339 -79.884109 5.019115 1.000000
9656 38.948311 -79.965691 3.152246 1.000000
10090 58.029278 -58.197510 4.278737 1.000000
10108 42.722664 -68.262192 2.976163 1.000000
10109 42.286827 -65.257271 2.098335 1.000000
10110 43.673111 -62.130669 1.672582 1.000000
10111 40.963966 -67.194595 -0.435863 1.000000
10112 42.546783 -62.349842 0.027770 1.000000
10113 46.297585 -59.689598 0.738828 1.000000
10114 49.035580 -58.335369 -1.236812 1.000000
10115 51.633331 -57.916809 -3.071843 1.000000
10117 44.001881 -70.279778 -8.354403 1.000000
10118 43.544979 -66.340805 -7.006199 1.000000
10119 45.250603 -62.990562 -5.841180 1.000000
10121 48.584633 -61.892437 -7.000905 1.000000
10122 48.715755 -61.937111 -5.686934 1.000000
10123 52.577736 -60.782097 -5.583706 1.000000
10426 43.445305 -67.591484 6.397136 1.000000
10427 43.452324 -66.666580 5.574297 1.000000
10428 43.641682 -68.036484 5.562194 1.000000
10576 37.188225 -82.069733 0.477641 1.000000
10577 38.336620 -82.864693 0.463923 1.000000
10862 47.728798 -60.976418 19.914371 1.000000
10864 45.903473 -60.418182 19.733061 1.000000
10865 44.187706 -59.857899 19.444036 1.000000
10870 43.501396 -77.009193 20.478304 1.000000
10871 43.288662 -75.708694 20.932102 1.000000
10872 43.998932 -76.271599 19.301641 1.000000
10874 44.312603 -76.879990 17.662510 1.000000
11004 43.432686 -76.684334 -8.402441 1.000000
11005 42.514782 -75.238205 -7.511395 1.000000
11006 43.361095 -75.213852 -8.638353 1.000000
11596 46.761345 -60.477760 6.041686 1.000000
11597 48.314732 -60.963306 5.507118 1.000000
11598 47.290565 -61.224873 5.679478 1.000000
11599 47.280636 -60.500244 2.156279 1.000000
11600 48.429115 -60.015808 1.934220 1.000000
11601 48.377563 -59.451527 1.417956 1.000000
11602 49.427620 -58.524853 0.530266 1.000000
11603 48.336227 -59.079082 0.957712 1.000000
11605 43.581478 -75.283760 -15.203374 1.000000
11606 42.737022 -75.133263 -15.780370 1.000000
12046 48.492714 -77.012390 5.511577 1.000000
12047 48.145615 -76.561699 4.457210 1.000000
12048 47.892082 -77.958672 4.538372 1.000000
12049 42.846790 -83.696175 -2.718708 1.000000
12050 43.928883 -82.557510 -2.067092 1.000000
12051 43.293488 -82.838486 -3.417973 1.000000
12052 43.710823 -82.057831 -4.081706 1.000000
12053 42.553734 -82.801620 -4.520930 1.000000
12917 38.610928 -60.894920 12.915317 1.000000
12918 39.156685 -60.539753 11.679098 1.000000
12919 38.826118 -61.639771 11.775289 1.000000
12920 39.203442 -62.535713 10.523616 1.000000
12921 38.753246 -62.868275 11.787892 1.000000
12945 46.541195 -72.330948 11.640427 1.000000
13311 61.183746 -48.656532 3.144873 1.000000
13314 56.807117 -59.389702 1.745005 1.000000
13315 58.264000 -58.710808 2.041465 1.000000
13316 57.767872 -57.628456 1.192714 1.000000
13329 43.418022 -73.506729 0.659919 1.000000
13330 42.445614 -71.957016 0.795189 1.000000
13331 42.402721 -72.433144 0.387534 1.000000
13332 43.425373 -63.346985 -4.026227 1.000000
13333 43.284206 -62.748871 -3.144754 1.000000
13334 44.986931 -61.776794 -3.573218 1.000000
13335 46.918468 -60.602379 -3.547120 1.000000
13336 46.831711 -61.370739 -4.097381 1.000000
13338 45.049950 -65.309128 -9.446412 1.000000
13339 45.021931 -63.433666 -9.289534 1.000000
13996 43.730572 -62.694355 6.215102 1.000000
13997 45.073273 -62.453033 5.825952 1.000000
13998 44.287865 -63.125816 5.791832 1.000000
13999 43.827164 -64.543747 4.192922 1.000000
14000 44.716274 -63.562664 4.394023 1.000000
14001 44.399033 -63.512268 3.688628 1.000000
14002 45.235718 -62.521313 3.276394 1.000000
14003 43.960907 -63.426125 3.064808 1.000000
14005 39.302544 -74.658989 -15.685225 1.000000
14006 38.250648 -74.447983 -15.137733 1.000000
14008 39.877106 -70.741989 -14.747946 1.000000
14009 40.253876 -69.205299 -14.789696 1.000000
14446 43.588440 -80.828171 4.495544 1.000000
14447 44.395035 -81.198036 4.123632 1.000000
14448 42.540081 -81.792931 3.383400 1.000000
14449 40.309937 -84.471039 0.167098 1.000000
14450 41.610672 -84.018959 1.018748 1.000000
14451 41.186821 -85.001511 -0.199801 1.000000
14452 41.962524 -85.134933 -0.940091 1.000000
15317 41.176079 -59.113537 17.969101 1.000000
15319 40.036545 -59.158813 16.836582 1.000000
15320 39.216309 -59.556190 15.533689 1.000000
15339 41.541588 -72.163956 19.284904 1.000000
15729 42.461109 -75.944603 -2.883903 1.000000
15730 41.778606 -74.414070 -2.359050 1.000000
15731 41.373577 -74.895210 -3.727717 1.000000
15732 41.893303 -71.872635 -5.964653 1.000000
15733 41.110149 -71.686760 -5.061691 1.000000
15734 41.681713 -69.777687 -5.510320 1.000000
15735 41.862999 -67.574203 -5.053392 1.000000
15736 42.337959 -67.952911 -5.910271 1.000000
17506 50.882870 -59.412331 5.351446 1.000000
17507 52.558266 -59.833508 4.995932 1.000000
17508 51.565773 -60.228016 5.042974 1.000000
17509 51.709423 -62.213268 4.531526 1.000000
17510 52.770355 -61.973866 4.515431 1.000000
17511 53.105042 -62.396904 3.841239 1.000000
17512 54.372597 -61.816719 3.151264 1.000000
17513 53.227287 -61.937725 2.999169 1.000000
17514 47.654736 -62.745277 4.471593 1.000000
17515 48.494789 -62.609783 4.482926 1.000000
17516 48.699722 -62.241871 3.597207 1.000000
17517 50.672596 -59.524891 1.749300 1.000000
17518 50.771244 -60.551819 2.300465 1.000000
17519 51.836609 -59.475548 1.792430 1.000000
17520 52.982269 -59.637489 1.845142 1.000000
17521 52.761669 -58.469013 1.072452 1.000000
17522 53.644966 -57.315845 0.127836 1.000000
17523 52.631470 -57.510551 -0.024868 1.000000
17524 51.538818 -57.225018 -1.730402 1.000000
17525 52.350231 -56.685486 -2.073948 1.000000
17526 52.396049 -56.815941 -2.677348 1.000000
17527 53.346397 -56.404621 -3.643077 1.000000
17528 52.533733 -57.008919 -3.133187 1.000000
17529 43.807667 -76.795921 -11.994066 1.000000
17530 44.160522 -75.314041 -11.330258 1.000000
17531 44.046989 -75.233566 -12.165429 1.000000
17533 45.504539 -71.613739 -13.017881 1.000000
17540 43.899986 -64.520172 -13.542257 1.000000
18856 46.732067 -72.306961 5.768908 1.000000
18857 46.141254 -72.071800 4.774135 1.000000
18858 47.027622 -73.081917 4.476264 1.000000
18859 47.016979 -75.691727 2.530546 1.000000
18860 46.550545 -74.392349 2.595298 1.000000
18861 46.192566 -75.110359 2.136834 1.000000
18862 45.222565 -74.505363 1.670529 1.000000
18863 45.850487 -75.700363 1.742298 1.000000
18864 45.467506 -81.172638 2.712585 1.000000
18865 46.590172 -79.954971 2.799897 1.000000
18866 45.774742 -80.829727 1.886597 1.000000
18867 45.455944 -80.046608 -0.923790 1.000000
18868 45.951550 -79.491287 0.388604 1.000000
18869 45.562263 -78.798210 -0.334015 1.000000
18870 45.335442 -77.357010 0.300402 1.000000
18871 44.922127 -78.121765 -0.966760 1.000000
18872 44.156258 -77.596176 -1.608911 1.000000
18873 44.529873 -78.672653 -2.190774 1.000000
18874 44.124065 -80.323112 -5.719295 1.000000
18875 44.002842 -79.526283 -4.983130 1.000000
18876 44.180420 -79.461014 -6.485003 1.000000
18877 43.889519 -78.673317 -7.224242 1.000000
18878 44.601887 -79.441635 -7.811834 1.000000
18899 44.401691 -81.316010 -11.149186 1.000000
18900 44.897182 -79.887833 -10.492261 1.000000
18901 44.434380 -80.191391 -11.753787 1.000000
18902 44.345299 -79.103775 -11.982570 1.000000
18903 43.887329 -80.396347 -12.715075 1.000000
21437 53.886829 -56.105324 10.731779 1.000000
21458 52.410454 -56.971313 12.824018 1.000000
21459 51.781261 -57.387524 12.533285 1.000000
21468 46.984489 -57.894951 6.817729 1.000000
21469 45.917099 -58.297890 7.026774 1.000000
21470 46.139275 -59.083107 6.624407 1.000000
21471 44.809978 -58.757721 7.281339 1.000000
21475 40.789005 -60.082813 9.453927 1.000000
21476 41.588638 -59.227882 9.399282 1.000000
21477 41.816124 -59.991577 8.648405 1.000000
21478 42.879845 -59.979942 7.919124 1.000000
21479 42.165546 -60.830650 7.882425 1.000000
21480 42.665119 -61.529072 7.220819 1.000000
21481 41.499218 -61.763111 7.794187 1.000000
21482 40.344257 -64.383133 8.716883 1.000000
21483 40.933258 -64.021996 7.860771 1.000000
21484 41.185791 -65.410027 8.033961 1.000000
21485 41.902626 -66.292931 7.450760 1.000000
21486 41.523277 -66.749527 8.276015 1.000000
21540 40.015339 -69.823807 17.804359 1.000000
21542 39.853554 -69.293030 16.902390 1.000000
21544 39.585495 -68.134888 14.968801 1.000000
21545 39.512146 -67.387985 14.082045 1.000000
21546 38.579590 -65.826035 14.211748 1.000000
21547 39.534584 -66.498703 13.082483 1.000000
21548 39.637543 -65.769882 11.947024 1.000000
21549 40.542862 -67.164841 12.013993 1.000000
21550 43.591396 -69.903397 10.621394 1.000000
21551 42.363491 -68.846191 10.466661 1.000000
21552 43.450298 -69.760117 9.735331 1.000000
21553 43.380375 -69.415634 8.829660 1.000000
21554 44.673790 -70.505058 9.022455 1.000000
21555 45.716911 -70.994545 8.161157 1.000000
21556 45.888592 -71.269165 9.178725 1.000000
21557 48.551487 -73.537842 10.468547 1.000000
21558 48.498058 -73.210953 9.397209 1.000000
21559 49.326794 -74.517395 9.247018 1.000000
21560 49.469219 -75.408363 7.826562 1.000000
21561 49.173550 -75.817711 8.989693 1.000000
21567 45.024158 -77.899757 7.689935 1.000000
21568 46.646828 -78.267227 7.753860 1.000000
21569 44.923946 -79.033615 6.772099 1.000000
21570 44.751701 -79.762184 5.887204 1.000000
21571 43.024895 -79.231087 5.764413 1.000000
21573 39.368919 -79.164993 4.035524 1.000000
21574 37.635151 -79.336990 3.210824 1.000000
21575 37.275513 -80.187233 2.328090 1.000000
22659 55.645794 -59.965424 4.478747 1.000000
22660 56.496735 -58.904457 4.584484 1.000000
22661 57.328514 -59.520485 4.260728 1.000000
22663 59.701935 -56.886284 3.115509 1.000000
22704 44.290951 -70.878769 3.156782 1.000000
22705 43.541767 -69.304001 3.553057 1.000000
22706 43.066208 -69.958015 2.626449 1.000000
22707 41.644539 -67.872253 1.228307 1.000000
22708 41.817879 -67.316483 1.791191 1.000000
22709 41.859642 -65.634644 1.464153 1.000000
22710 42.839252 -63.584045 1.897052 1.000000
22711 42.301548 -63.808281 1.253516 1.000000
22712 40.731003 -70.321930 -1.641571 1.000000
22713 40.942963 -69.633461 -0.630125 1.000000
22714 40.703846 -67.892799 -1.330821 1.000000
22715 43.496273 -61.532368 -1.504178 1.000000
22716 42.160259 -62.903084 -0.831791 1.000000
22717 43.855431 -60.938377 -0.550685 1.000000
22718 44.423233 -60.678905 0.331659 1.000000
22719 45.947048 -59.644573 -0.281028 1.000000
22720 47.735126 -58.820354 -0.372352 1.000000
22721 47.442451 -58.932697 -1.146859 1.000000
22722 50.575489 -58.988396 -3.390432 1.000000
22723 50.505432 -58.351593 -2.711137 1.000000
22724 51.842388 -58.306297 -3.650793 1.000000
22725 52.642159 -57.613873 -4.089261 1.000000
22726 52.916115 -58.054852 -4.668183 1.000000
22727 44.588299 -72.119339 -9.922664 1.000000
22728 44.248608 -72.063812 -8.869844 1.000000
22729 44.580555 -70.311356 -9.206021 1.000000
22730 44.678043 -65.040466 -7.622252 1.000000
22731 44.117775 -66.657196 -7.695789 1.000000
22732 44.378071 -64.831894 -6.873656 1.000000
22733 44.072102 -64.526550 -6.260631 1.000000
22734 45.399834 -63.204670 -6.467936 1.000000
22740 50.394722 -62.027596 -7.375961 1.000000
22741 48.588585 -62.192497 -6.451621 1.000000
22742 50.518700 -62.203808 -6.606477 1.000000
22743 50.613914 -61.575401 -5.596349 1.000000
22744 52.480335 -61.772449 -6.486269 1.000000
23374 42.943684 -64.943924 6.228652 1.000000
23375 43.738228 -64.077377 5.724034 1.000000
23376 43.414547 -65.327133 5.622554 1.000000
23377 43.576591 -65.712868 4.820836 1.000000
23378 43.245346 -65.882881 4.013888 1.000000
23644 40.012409 -81.579559 2.488644 1.000000
23645 40.970158 -82.309853 2.420377 1.000000
23646 39.643288 -82.634689 1.431184 1.000000
23647 39.391670 -83.745766 0.392032 1.000000
23648 38.968105 -84.818436 -0.571378 1.000000
24162 48.670494 -60.471031 18.693243 1.000000
24166 43.894783 -59.268089 18.435249 1.000000
24167 42.537807 -59.404701 18.849350 1.000000
24168 41.328995 -59.636852 19.111624 1.000000
24177 42.780792 -74.569252 21.282843 1.000000
24178 42.776104 -73.948456 20.088091 1.000000
24179 42.597771 -73.350807 18.931734 1.000000
24180 43.650520 -74.439507 18.604553 1.000000
24414 42.124516 -76.763290 -5.843503 1.000000
24415 41.398460 -75.227882 -5.111723 1.000000
24416 41.682232 -75.336937 -6.377412 1.000000
24417 41.996681 -73.695084 -6.672817 1.000000
24418 42.680004 -72.035622 -6.928112 1.000000
25480 48.921593 -59.984020 5.608729 1.000000
25481 50.555950 -60.475647 5.170166 1.000000
25482 49.467949 -60.729034 5.284356 1.000000
25483 50.087505 -61.621185 5.057148 1.000000
25484 50.616699 -62.305321 4.562102 1.000000
25485 47.610325 -61.597046 3.106771 1.000000
25486 48.626713 -61.469887 2.986284 1.000000
25487 48.500984 -60.672630 2.477003 1.000000
25488 49.534302 -59.725330 1.778856 1.000000
25489 50.586891 -58.680748 0.985376 1.000000
25490 51.599041 -57.709156 -0.047423 1.000000
25491 50.522266 -58.106140 0.148945 1.000000
25492 50.488239 -57.812645 -0.605154 1.000000
25493 50.506195 -57.671284 -1.239728 1.000000
25494 43.243263 -76.883720 -13.756711 1.000000
25495 44.137615 -75.240570 -13.249077 1.000000
25496 44.125401 -75.276443 -14.313972 1.000000
25501 43.388542 -66.698288 -14.677450 1.000000
25502 43.192806 -65.132301 -13.600746 1.000000
26290 48.294701 -74.379845 5.539046 1.000000
26291 47.695621 -74.122635 4.301799 1.000000
26292 48.115139 -75.270805 4.366919 1.000000
26293 47.723339 -76.172752 3.388615 1.000000
26294 47.332893 -77.029343 2.527280 1.000000
26295 44.362461 -82.848061 0.169008 1.000000
26296 45.250401 -81.542923 0.640441 1.000000
26297 44.741058 -82.065666 -0.659728 1.000000
26298 44.817078 -81.310509 -1.407264 1.000000
26299 44.856625 -80.646942 -2.110085 1.000000
26300 44.646099 -79.929153 -2.814927 1.000000
26301 44.421257 -81.115868 -3.455735 1.000000
26302 44.064888 -81.244652 -4.899279 1.000000
26303 43.878616 -81.310036 -6.386752 1.000000
27840 53.422901 -56.423035 11.368421 1.000000
27851 50.394005 -57.243206 12.048979 1.000000
27861 39.836880 -59.571808 11.589768 1.000000
27862 39.902454 -60.309551 10.501590 1.000000
27863 40.112740 -61.157318 9.389034 1.000000
27864 40.524029 -62.031513 8.496317 1.000000
27865 39.707115 -62.310719 9.419553 1.000000
27866 39.657509 -63.514687 9.503569 1.000000
27867 39.962456 -64.802383 9.663838 1.000000
27905 41.545231 -68.353851 12.167246 1.000000
27907 43.784733 -70.157661 11.437223 1.000000
27908 45.142765 -71.001930 10.685361 1.000000
27909 46.077351 -71.524437 10.087761 1.000000
27910 46.433975 -71.822044 10.869606 1.000000
27911 47.542793 -72.903328 11.139739 1.000000
27912 48.028603 -74.243927 11.145002 1.000000
27918 41.503986 -78.320175 5.757870 1.000000
28563 59.005634 -50.673553 4.849599 1.000000
28572 56.820496 -60.632439 3.471822 1.000000
28573 57.937855 -59.709179 3.718344 1.000000
28574 58.241127 -59.450939 2.920865 1.000000
28575 59.309582 -57.798546 2.325200 1.000000
28599 43.652035 -72.252586 1.638406 1.000000
28600 42.723305 -70.720764 1.918394 1.000000
28601 42.562614 -71.358322 1.324947 1.000000
28602 41.854988 -70.046951 1.000223 1.000000
28603 41.496334 -68.451942 0.683045 1.000000
28604 41.180031 -66.588127 -3.045761 1.000000
28605 41.073765 -65.929909 -2.023458 1.000000
28606 41.912590 -64.198097 -2.546744 1.000000
28607 43.263817 -62.144661 -2.270426 1.000000
28608 45.306061 -60.435932 -2.159920 1.000000
28609 47.213310 -59.252167 -2.072698 1.000000
28610 47.043095 -59.840282 -2.924046 1.000000
28611 48.827404 -59.717113 -3.517413 1.000000
28612 50.689091 -59.732635 -4.075419 1.000000
28613 45.127930 -68.853012 -10.255312 1.000000
28614 44.845284 -68.732048 -9.362933 1.000000
28615 45.023537 -67.058510 -9.506917 1.000000
28616 44.935558 -65.194153 -8.485205 1.000000
28617 45.225105 -63.414410 -7.658862 1.000000
28623 54.232727 -61.447460 -7.398099 1.000000
29578 45.198318 -61.502979 6.302826 1.000000
29579 46.561886 -61.724590 5.829921 1.000000
29580 45.825417 -62.126343 5.811885 1.000000
29581 46.423981 -62.627289 5.302793 1.000000
29582 46.757893 -62.785522 4.588199 1.000000
29583 44.724823 -63.449390 5.170581 1.000000
29584 45.855644 -63.012779 4.533646 1.000000
29585 46.746429 -62.405190 3.793248 1.000000
29586 46.520752 -61.959190 3.276142 1.000000
29587 46.324806 -61.473244 2.756608 1.000000
29588 45.989979 -61.145348 2.359260 1.000000
29589 39.666599 -76.672958 -15.595381 1.000000
29590 41.514759 -74.947632 -15.957728 1.000000
29591 40.372665 -74.847565 -15.950864 1.000000
29592 41.163502 -72.860184 -15.972090 1.000000
29593 41.840263 -70.954597 -16.082613 1.000000
29594 39.173054 -72.554276 -14.819590 1.000000
29595 40.838791 -70.901039 -15.489576 1.000000
30208 47.052391 -79.540421 5.299954 1.000000
30209 47.163589 -79.423859 4.433633 1.000000
30210 46.063606 -80.451721 4.421645 1.000000
30211 45.030518 -81.358963 3.455136 1.000000
30212 44.152760 -82.425514 2.320186 1.000000
30213 41.928261 -82.968849 2.177171 1.000000
30214 42.843102 -83.320023 1.660087 1.000000
30215 43.721886 -83.354927 0.933458 1.000000
30216 43.198822 -84.100967 -0.477257 1.000000
30217 42.489845 -84.621925 -1.911458 1.000000
31432 39.474415 -59.266846 14.151825 1.000000
31433 38.725872 -60.262367 14.238535 1.000000
31460 40.958645 -71.179153 17.308807 1.000000
31461 42.368713 -72.914467 17.844917 1.000000
31462 42.030571 -72.523880 16.994150 1.000000
31983 55.932182 -56.943916 0.061302 1.000000
31984 57.254852 -56.400978 0.417554 1.000000
32004 43.203896 -74.859779 -0.475391 1.000000
32005 42.433426 -73.071808 -0.191519 1.000000
32006 42.300255 -73.715744 -1.091429 1.000000
32007 41.261059 -72.496765 -1.983877 1.000000
32008 40.739998 -70.876770 -2.863769 1.000000
32009 40.890984 -73.521614 -4.485783 1.000000
32010 40.780201 -71.376976 -4.038445 1.000000
32011 40.868343 -69.007973 -3.602410 1.000000
32012 41.482243 -67.198494 -4.142761 1.000000
32013 42.376972 -65.302048 -4.572079 1.000000
32014 43.455086 -63.794903 -4.832780 1.000000
33782 49.630234 -61.355083 20.180769 1.000000
34270 52.852234 -58.212074 5.476615 1.000000
34271 54.266380 -58.319313 5.230432 1.000000
34272 53.453789 -59.169415 4.959548 1.000000
34273 54.136627 -60.092339 4.684516 1.000000
34274 54.762196 -60.851673 4.415910 1.000000
34275 52.224010 -61.101624 4.820474 1.000000
34276 53.818176 -61.524231 4.477869 1.000000
34277 55.321716 -61.432545 4.061722 1.000000
34278 55.679790 -61.432396 3.321082 1.000000
34279 55.662743 -60.799713 2.457716 1.000000
34280 55.466774 -59.643574 1.834464 1.000000
34281 47.936672 -62.078026 5.237483 1.000000
34282 49.523582 -62.462456 4.516131 1.000000
34283 51.000725 -62.400848 3.596860 1.000000
34284 49.769592 -61.440277 2.876980 1.000000
34285 50.972408 -61.615173 2.878277 1.000000
34286 52.198425 -61.724762 2.817546 1.000000
34287 53.092834 -60.824638 2.409207 1.000000
34288 54.145863 -59.707020 1.858402 1.000000
34289 55.153515 -58.431847 1.011664 1.000000
34290 54.785835 -57.159607 0.130809 1.000000
34291 54.507301 -56.040443 -1.011936 1.000000
34292 54.250664 -55.319405 -2.176533 1.000000
34293 52.476105 -56.867016 -1.144707 1.000000
34294 53.260944 -56.057171 -2.194144 1.000000
34295 54.069550 -55.312878 -3.157401 1.000000
34296 54.085114 -55.506569 -3.876836 1.000000
34299 44.372978 -76.650070 -10.316060 1.000000
34300 43.969112 -75.248184 -9.494360 1.000000
34301 44.346764 -75.193649 -10.447680 1.000000
34302 44.473118 -73.697716 -10.610720 1.000000
34303 44.817005 -72.067299 -10.902893 1.000000
34304 44.762230 -73.558334 -12.640610 1.000000
34305 45.101143 -71.924416 -11.903432 1.000000
34306 45.245228 -70.444435 -11.085274 1.000000
34307 45.302193 -68.595749 -11.273285 1.000000
34310 43.505077 -73.200836 -16.136013 1.000000
35926 44.748188 -70.096741 6.325889 1.000000
35927 44.244991 -69.666756 5.305356 1.000000
35928 45.126728 -70.961800 5.025587 1.000000
35929 45.277443 -71.578514 3.864480 1.000000
35930 45.193920 -72.125076 2.948912 1.000000
35931 47.027233 -73.684708 3.398921 1.000000
35932 46.004799 -73.249039 2.786662 1.000000
35933 44.794014 -72.733894 2.254025 1.000000
35934 44.487495 -73.431770 1.569316 1.000000
35935 44.264175 -74.067513 1.097812 1.000000
35936 44.085197 -74.620560 0.663614 1.000000
35937 47.252090 -78.942673 3.596088 1.000000
35938 47.138580 -78.550797 2.659035 1.000000
35939 46.934212 -77.805801 2.015666 1.000000
35940 45.973995 -80.212326 1.105421 1.000000
35941 46.487156 -78.648018 1.379550 1.000000
35942 46.423210 -77.100288 1.689398 1.000000
35943 45.613541 -76.412086 1.200765 1.000000
35944 44.797985 -75.981888 0.640799 1.000000
35945 43.947815 -75.432083 0.006029 1.000000
35946 43.752327 -76.166405 -0.944687 1.000000
35947 43.399925 -76.689468 -2.115087 1.000000
35948 43.047974 -77.216431 -3.296651 1.000000
35949 44.141052 -79.233994 -3.463754 1.000000
35950 43.578468 -78.458084 -4.084657 1.000000
35951 42.807426 -77.640877 -4.913773 1.000000
35952 42.946781 -77.875122 -6.554815 1.000000
35953 43.626060 -77.750603 -7.900281 1.000000
35954 44.240826 -77.601181 -9.024442 1.000000
35973 42.269348 -82.790245 -5.929608 1.000000
35974 43.274490 -82.285934 -6.918274 1.000000
35975 44.230461 -81.531662 -7.818470 1.000000
35978 44.767590 -80.557182 -8.477906 1.000000
35979 44.926228 -79.602959 -9.110118 1.000000
35980 44.813210 -78.622810 -9.735364 1.000000
35981 44.611313 -77.701263 -10.110531 1.000000
35982 44.471863 -77.864807 -11.158092 1.000000
35983 44.142628 -77.987350 -12.011446 1.000000
35984 43.460629 -78.108856 -12.658526 1.000000
35986 43.066860 -79.269218 -13.372063 1.000000
35987 42.833729 -78.193810 -13.366658 1.000000
35988 42.146156 -78.080582 -14.027028 1.000000
39065 52.992504 -56.725292 12.083365 1.000000
39066 53.259819 -57.075294 11.212313 1.000000
39067 51.215679 -57.276421 11.463806 1.000000
39068 52.212128 -57.227882 10.826805 1.000000
39074 50.539028 -58.409351 5.661168 1.000000
39075 49.525257 -58.894085 5.747056 1.000000
39076 48.095757 -57.520142 6.798036 1.000000
39077 48.269703 -58.349854 6.196985 1.000000
39078 48.513359 -59.188519 5.834013 1.000000
39079 47.489079 -59.516487 5.971586 1.000000
39080 46.400108 -59.739845 6.242875 1.000000
39081 45.433216 -60.132305 6.606814 1.000000
39085 41.496910 -58.533611 10.196329 1.000000
39086 42.450645 -58.516277 9.085299 1.000000
39087 43.557549 -58.601490 8.107619 1.000000
39088 43.772678 -59.314117 7.610862 1.000000
39089 44.190029 -60.024536 7.243715 1.000000
39090 44.613129 -60.745323 6.783897 1.000000
39091 43.916218 -61.429302 6.787435 1.000000
39092 43.232140 -62.088886 6.692925 1.000000
39093 42.663490 -63.101006 6.581717 1.000000
39094 41.086617 -62.808495 7.727755 1.000000
39095 41.753967 -63.554920 7.115644 1.000000
39096 42.357830 -64.340439 6.622192 1.000000
39097 42.356926 -65.618935 6.765302 1.000000
39098 42.716503 -66.931625 6.956921 1.000000
39099 43.353561 -68.173988 7.177888 1.000000
39166 39.743076 -68.782707 15.907776 1.000000
39167 38.762367 -67.339096 16.310383 1.000000
39170 38.003510 -64.338135 14.247772 1.000000
39171 38.281940 -63.591606 13.025011 1.000000
39172 39.037010 -64.379715 11.841898 1.000000
39173 39.718853 -65.248093 10.785123 1.000000
39174 40.609406 -66.340538 10.021769 1.000000
39175 41.484077 -67.982719 11.186724 1.000000
39176 41.429291 -67.711891 10.218789 1.000000
39177 41.461803 -67.312431 9.292822 1.000000
39178 42.343323 -68.111618 8.646093 1.000000
39179 43.353100 -68.855881 8.000709 1.000000
39180 44.375336 -69.494507 7.238318 1.000000
39181 45.383183 -70.650017 7.211294 1.000000
39182 46.431904 -71.623756 7.110471 1.000000
39183 47.458366 -72.628265 6.884015 1.000000
39184 47.197273 -72.167908 9.347517 1.000000
39185 48.010902 -72.930191 8.158381 1.000000
39186 48.423916 -73.703018 6.714925 1.000000
39187 48.974480 -74.913284 6.730115 1.000000
39188 49.059147 -76.246666 6.673374 1.000000
39189 48.563789 -77.588364 6.527811 1.000000
39191 46.968956 -74.882309 11.179456 1.000000
39192 47.514076 -75.475410 10.471131 1.000000
39195 47.931866 -76.250755 9.524531 1.000000
39196 48.122639 -77.116676 8.432315 1.000000
39197 48.007450 -78.028366 7.318929 1.000000
39198 47.601509 -78.817650 6.298521 1.000000
39199 46.162712 -79.779037 5.840818 1.000000
39200 44.329788 -80.337463 5.169108 1.000000
39201 42.223888 -80.471207 4.289188 1.000000
39202 41.192650 -79.153885 4.860347 1.000000
39203 40.781303 -79.867538 4.118619 1.000000
39204 40.334404 -80.694092 3.368005 1.000000
39205 38.661743 -80.812057 2.333012 1.000000
39206 37.112274 -81.135406 1.375463 1.000000
39207 35.567467 -81.511726 0.587853 1.000000
40507 58.689491 -58.408497 3.819242 1.000000
40513 58.626503 -55.760571 0.622826 1.000000
40558 43.610920 -68.730583 4.521789 1.000000
40559 43.080982 -67.713058 3.885099 1.000000
40560 42.746746 -66.389618 3.240882 1.000000
40561 42.220085 -68.813377 2.188390 1.000000
40562 42.215843 -66.819969 2.449983 1.000000
40563 42.769478 -64.974976 2.780730 1.000000
40564 43.360588 -63.528095 2.529236 1.000000
40565 44.325058 -62.159046 2.278218 1.000000
40566 45.447884 -61.023827 1.918762 1.000000
40567 41.561897 -71.198158 -0.011429 1.000000
40568 41.263451 -69.105736 0.069032 1.000000
40569 41.326195 -66.610886 0.295329 1.000000
40570 41.183025 -65.303329 -1.050493 1.000000
40571 41.480114 -64.727280 -0.204478 1.000000
40572 41.809292 -64.192490 0.541752 1.000000
40573 43.092037 -62.105408 0.868600 1.000000
40574 44.929260 -60.824760 1.289286 1.000000
40575 46.722710 -59.893494 1.382657 1.000000
40576 47.991997 -58.922249 0.418629 1.000000
40577 49.215305 -58.189159 -0.724204 1.000000
40578 50.415531 -57.706043 -1.611624 1.000000
40579 48.934616 -58.540070 -1.916382 1.000000
40580 50.413101 -58.030769 -2.113118 1.000000
40581 51.565269 -57.600243 -2.570613 1.000000
40582 52.518944 -57.331715 -3.572184 1.000000
40583 53.273010 -56.735596 -4.519802 1.000000
40585 43.753662 -73.675789 -8.619067 1.000000
40586 43.594231 -72.102158 -7.940771 1.000000
40587 43.311001 -70.281052 -7.451894 1.000000
40588 44.286121 -68.573914 -8.476001 1.000000
40589 43.707130 -68.302536 -7.675119 1.000000
40590 43.025826 -68.137894 -6.750998 1.000000
40591 42.961224 -66.082687 -6.183751 1.000000
40592 43.652428 -64.178406 -5.632927 1.000000
40593 45.054199 -62.807117 -5.147768 1.000000
40595 46.155136 -61.862419 -7.737185 1.000000
40596 46.589439 -62.040791 -7.176178 1.000000
40598 48.379856 -61.372658 -7.303012 1.000000
40599 46.822968 -62.128258 -6.755139 1.000000
40600 47.037178 -62.362537 -6.314678 1.000000
40601 46.963112 -62.392109 -5.620798 1.000000
40602 46.882793 -62.004414 -4.914162 1.000000
40603 48.690102 -61.291840 -4.811943 1.000000
40604 50.821793 -60.597614 -4.852307 1.000000
40605 52.474709 -59.779564 -4.824203 1.000000
40606 54.087933 -60.614849 -6.552633 1.000000
40607 53.835033 -59.553017 -5.890130 1.000000
40608 53.411762 -58.674335 -5.277469 1.000000
