#!ascii label, from cvs_avg35 to fsaverage6
446
156 41.551682 -47.404194 -20.242619 1.000000
158 48.834629 -55.424755 -14.815575 1.000000
351 40.789017 -63.881367 -12.676405 1.000000
352 42.325516 -50.285496 -12.507468 1.000000
353 38.757072 -62.301910 -17.891514 1.000000
622 31.992168 -54.816994 -15.727549 1.000000
623 34.929970 -40.255333 -21.859417 1.000000
624 44.038395 -35.087471 -20.654627 1.000000
631 53.294159 -43.931240 -21.286289 1.000000
632 48.741661 -37.856529 -19.979694 1.000000
830 43.332687 -69.376343 -16.246796 1.000000
832 39.830322 -63.308350 -15.610904 1.000000
1411 54.473011 -53.036518 -19.383755 1.000000
1413 51.295441 -49.760033 -17.440044 1.000000
1414 41.319195 -48.927246 -16.297337 1.000000
1415 45.111076 -43.795486 -15.319216 1.000000
1416 43.042164 -41.928635 -17.629475 1.000000
1417 46.175793 -35.836502 -19.947535 1.000000
1418 41.832634 -40.787228 -20.947050 1.000000
1785 40.411720 -57.260181 -11.881793 1.000000
1786 40.441502 -56.151196 -16.148024 1.000000
1787 41.151756 -54.478859 -19.421383 1.000000
2501 35.802898 -57.778126 -16.059444 1.000000
2502 37.662231 -50.466236 -18.820431 1.000000
2504 32.905697 -46.884861 -18.066475 1.000000
2505 38.883537 -44.233471 -21.658304 1.000000
2506 40.508266 -38.191597 -22.398121 1.000000
2530 48.050835 -46.316139 -15.608371 1.000000
2531 50.779549 -40.968266 -20.521606 1.000000
2750 38.368732 -72.295189 -14.091578 1.000000
3330 53.770638 -55.813591 -17.617500 1.000000
3331 51.420979 -54.704956 -17.415302 1.000000
3332 52.862652 -51.749706 -18.627953 1.000000
3333 50.141308 -53.124279 -16.405239 1.000000
3334 41.717690 -48.262997 -18.556986 1.000000
3335 42.037315 -45.394249 -16.883551 1.000000
3336 41.961742 -44.739006 -18.872320 1.000000
3337 42.427055 -41.384716 -19.476156 1.000000
3338 41.530022 -43.987179 -20.492718 1.000000
3927 42.592552 -66.718254 -14.709023 1.000000
3933 39.993507 -60.562134 -11.916019 1.000000
3934 39.786034 -63.486523 -17.228405 1.000000
3935 40.198975 -59.981865 -16.004917 1.000000
3936 40.757702 -59.492157 -17.724613 1.000000
3937 41.146675 -55.444954 -18.004345 1.000000
3938 40.180664 -58.398365 -18.767782 1.000000
5606 30.640558 -59.446251 -14.818746 1.000000
5607 32.460503 -60.585896 -14.906805 1.000000
5608 34.028259 -56.093342 -15.224136 1.000000
5609 37.121521 -53.798103 -17.230747 1.000000
5610 35.160995 -52.000542 -16.330448 1.000000
5616 33.753727 -43.606735 -19.981562 1.000000
5617 36.250946 -45.399914 -19.571627 1.000000
5618 37.131340 -42.316643 -21.276432 1.000000
5619 39.580677 -41.338852 -22.457373 1.000000
5620 38.076069 -39.328640 -22.574768 1.000000
5622 40.248295 -33.377274 -22.178690 1.000000
5674 54.613106 -45.500038 -22.194294 1.000000
5679 44.151588 -51.384705 -11.894577 1.000000
5680 47.146049 -49.411415 -14.010078 1.000000
5681 45.456558 -47.894615 -13.260149 1.000000
5682 46.846581 -40.875336 -17.466427 1.000000
5683 48.098682 -42.227203 -17.420645 1.000000
5684 49.741020 -39.541142 -20.158604 1.000000
5689 45.109634 -35.496021 -20.367987 1.000000
6100 42.302860 -72.916443 -16.224190 1.000000
6101 40.199463 -72.667610 -15.493753 1.000000
6102 41.300957 -69.375076 -15.449778 1.000000
6103 40.977551 -66.223160 -14.287758 1.000000
6104 39.697479 -63.517078 -13.597372 1.000000
6105 39.729671 -66.074104 -15.285284 1.000000
6106 38.207767 -66.029976 -16.118406 1.000000
6107 36.906773 -65.586044 -16.322756 1.000000
7149 55.553722 -49.710472 -21.354471 1.000000
7150 53.745747 -48.453239 -20.249802 1.000000
7151 52.147846 -46.630287 -19.016434 1.000000
7152 41.427647 -49.604607 -14.172653 1.000000
7153 43.692238 -46.617527 -13.401955 1.000000
7154 42.464745 -46.048740 -14.820395 1.000000
7155 43.913155 -42.882435 -16.154219 1.000000
7156 45.794685 -39.452351 -17.863361 1.000000
7157 47.511986 -36.420662 -19.921148 1.000000
7158 44.620003 -38.612968 -18.781101 1.000000
7159 43.606457 -38.319614 -19.896767 1.000000
7160 42.715691 -37.661713 -20.878107 1.000000
8003 41.003990 -53.792305 -11.967035 1.000000
8004 39.651897 -60.103554 -13.786817 1.000000
8005 40.121471 -56.843006 -14.054843 1.000000
8006 40.404655 -53.164986 -14.072149 1.000000
8007 40.816154 -52.480385 -16.194235 1.000000
8008 41.448807 -51.785492 -18.198675 1.000000
8009 41.657539 -50.839622 -19.958069 1.000000
10056 35.836834 -63.483746 -16.034649 1.000000
10057 30.698994 -65.475441 -14.532443 1.000000
10058 34.107567 -61.999298 -15.269981 1.000000
10059 37.307686 -59.847603 -17.288382 1.000000
10060 38.493004 -56.011719 -18.376055 1.000000
10061 39.654144 -52.319172 -19.448193 1.000000
10062 40.059887 -48.930061 -20.551521 1.000000
10068 32.490547 -50.603756 -16.733383 1.000000
10069 35.560440 -48.436928 -17.819771 1.000000
10070 38.093452 -47.226036 -20.328487 1.000000
10071 40.370132 -45.725624 -21.436539 1.000000
10072 40.973877 -42.839344 -21.998913 1.000000
10073 41.336975 -39.737782 -21.785290 1.000000
10074 42.124420 -36.748512 -21.240232 1.000000
10075 39.274525 -36.301353 -23.065559 1.000000
10076 41.324097 -35.210258 -21.780773 1.000000
10144 48.792133 -51.096336 -15.084554 1.000000
10145 49.678333 -47.905769 -16.357574 1.000000
10146 50.803162 -44.997639 -18.036383 1.000000
10147 46.508888 -44.993675 -15.207253 1.000000
10148 49.428608 -43.465660 -17.522625 1.000000
10149 51.970421 -42.277653 -20.740040 1.000000
11009 49.780193 -56.001884 -15.246363 1.000000
11010 51.128857 -55.653557 -16.499844 1.000000
11011 50.142986 -55.064171 -16.225826 1.000000
11012 50.764061 -54.030846 -17.002298 1.000000
11013 49.424248 -54.423729 -15.779757 1.000000
11014 41.845955 -47.861191 -19.487242 1.000000
11015 41.839237 -46.587646 -18.685814 1.000000
11016 41.769127 -46.076786 -19.603317 1.000000
11017 41.774292 -44.421078 -19.676571 1.000000
11018 41.421337 -45.635208 -20.309479 1.000000
11607 41.550312 -65.403160 -13.602916 1.000000
11608 42.424950 -65.500206 -13.703775 1.000000
11609 41.483665 -64.038544 -12.596314 1.000000
11611 40.763195 -62.383301 -11.779066 1.000000
11612 40.478859 -60.699902 -11.417595 1.000000
11613 40.245819 -62.288593 -12.144975 1.000000
11614 39.308380 -63.205811 -17.721699 1.000000
11615 40.372295 -61.615948 -17.564400 1.000000
11616 40.091927 -61.204876 -18.125174 1.000000
11617 40.684746 -59.062996 -18.387993 1.000000
11618 39.527031 -60.406609 -18.347773 1.000000
13286 31.376911 -57.083527 -15.270808 1.000000
13287 32.296181 -57.688362 -15.062375 1.000000
13288 33.061523 -55.257393 -15.355863 1.000000
13289 34.715008 -53.997131 -15.655690 1.000000
13290 33.557316 -53.213879 -15.802183 1.000000
13294 33.149467 -40.909889 -21.388504 1.000000
13296 34.243614 -41.893375 -20.924213 1.000000
13297 35.519962 -42.862804 -20.497257 1.000000
13298 35.976433 -41.269104 -21.409170 1.000000
13299 37.441612 -40.873981 -21.926483 1.000000
13300 36.428459 -39.887642 -22.125952 1.000000
13354 53.915474 -44.794502 -21.731052 1.000000
13359 43.145977 -50.720821 -11.987857 1.000000
13360 44.837543 -49.561481 -12.595798 1.000000
13361 43.912926 -48.972050 -12.443822 1.000000
13362 47.849945 -39.301521 -18.677908 1.000000
13363 48.405159 -40.060654 -18.596218 1.000000
13364 49.272259 -38.711483 -20.072765 1.000000
13365 50.572655 -38.174160 -21.846193 1.000000
13366 50.067883 -37.229805 -21.659466 1.000000
13368 49.546577 -36.417767 -21.341347 1.000000
13369 44.579636 -35.358349 -20.613972 1.000000
14010 41.586548 -67.819473 -15.195650 1.000000
14011 40.558662 -67.558205 -14.923103 1.000000
14012 40.351700 -66.073990 -14.631601 1.000000
15747 54.022461 -54.619122 -18.651281 1.000000
15748 55.248009 -55.044971 -18.433460 1.000000
15749 55.588539 -53.568321 -19.376286 1.000000
15751 55.981087 -51.782299 -20.481527 1.000000
15752 56.510853 -50.191093 -21.343903 1.000000
15753 55.061790 -51.375843 -20.515003 1.000000
15754 52.036522 -50.771004 -18.062963 1.000000
15755 53.332062 -50.022743 -19.425413 1.000000
15756 52.461357 -49.047352 -18.809774 1.000000
15757 52.953999 -47.601612 -19.587379 1.000000
15758 51.635872 -48.167854 -18.168974 1.000000
15759 41.309357 -49.201118 -15.215706 1.000000
15760 41.894623 -47.837914 -14.378714 1.000000
15761 41.689892 -47.457806 -15.440384 1.000000
15762 42.548748 -43.603050 -17.246054 1.000000
15763 42.782803 -44.017139 -16.320591 1.000000
15764 43.413006 -42.405964 -16.812151 1.000000
15765 44.784019 -41.173088 -16.983593 1.000000
15766 44.194305 -40.631214 -17.415554 1.000000
15767 45.186333 -38.948223 -18.297565 1.000000
15768 43.736511 -40.452980 -18.218872 1.000000
15769 42.128590 -41.147972 -20.168514 1.000000
15770 42.982338 -39.754753 -19.746029 1.000000
15771 42.458485 -39.546795 -20.309271 1.000000
15772 43.210239 -37.938087 -20.488510 1.000000
15773 42.218189 -39.094780 -21.004709 1.000000
17537 42.934803 -70.938133 -16.441666 1.000000
17538 44.170677 -71.079002 -16.465910 1.000000
17554 40.779152 -57.382942 -11.170118 1.000000
17558 40.712505 -55.606987 -11.933655 1.000000
17559 39.622948 -63.301258 -14.522764 1.000000
17560 39.533207 -61.818653 -13.680905 1.000000
17561 39.646954 -61.743805 -14.755121 1.000000
17562 40.405937 -58.119347 -16.116812 1.000000
17563 40.165398 -58.351105 -15.104782 1.000000
17564 40.180653 -56.573364 -15.089360 1.000000
17565 40.201012 -55.044201 -14.040186 1.000000
17566 40.250477 -54.695801 -15.123533 1.000000
17567 40.533470 -52.782555 -15.135443 1.000000
17568 40.534111 -54.316448 -16.170744 1.000000
17569 41.336742 -55.083885 -18.783854 1.000000
17570 41.318798 -53.614910 -18.069407 1.000000
17571 41.635769 -53.127735 -18.959080 1.000000
17572 41.772308 -51.323364 -19.082918 1.000000
17573 41.508739 -52.497437 -19.698208 1.000000
22578 29.972179 -64.836319 -14.279666 1.000000
22579 34.058025 -59.083996 -15.322908 1.000000
22580 33.247845 -61.155266 -15.090678 1.000000
22581 34.982735 -59.760792 -15.591988 1.000000
22582 35.819748 -60.733849 -16.009708 1.000000
22583 36.559280 -58.761971 -16.695971 1.000000
22584 37.919807 -57.901745 -17.874323 1.000000
22585 37.163788 -56.908974 -17.317965 1.000000
22586 37.459492 -52.062946 -18.090828 1.000000
22587 38.368286 -53.015785 -18.580223 1.000000
22588 38.675083 -51.451866 -19.166758 1.000000
22589 39.951817 -50.556477 -19.988695 1.000000
22590 38.934303 -49.686550 -19.873547 1.000000
22607 34.037586 -49.326244 -17.074139 1.000000
22608 34.335907 -47.474632 -17.805597 1.000000
22609 37.606472 -44.871452 -20.630817 1.000000
22610 37.220806 -46.340576 -19.906420 1.000000
22611 38.499153 -45.687164 -21.040867 1.000000
22612 39.273270 -46.510185 -21.170198 1.000000
22613 39.653961 -45.027439 -21.795946 1.000000
22614 40.612663 -44.269814 -21.691519 1.000000
22615 40.101833 -43.623669 -22.219845 1.000000
22616 39.987682 -39.731407 -22.500004 1.000000
22617 40.622906 -40.503059 -22.327511 1.000000
22618 40.835045 -39.128532 -22.056156 1.000000
22619 41.678482 -37.969368 -21.446962 1.000000
22620 41.194408 -37.587662 -21.752468 1.000000
22622 37.815769 -36.774067 -23.277746 1.000000
22623 38.461422 -35.424980 -23.296856 1.000000
22625 40.707436 -34.311291 -22.103161 1.000000
22627 42.128284 -34.363556 -21.047075 1.000000
22795 48.092155 -52.860985 -14.457933 1.000000
22797 47.624176 -47.883533 -14.815321 1.000000
22798 48.460976 -48.724693 -15.154147 1.000000
22799 48.862122 -47.087242 -15.911115 1.000000
22800 50.132736 -46.406792 -17.183954 1.000000
22801 49.361462 -45.650646 -16.787537 1.000000
22802 44.416286 -45.194145 -14.273817 1.000000
22803 45.161644 -45.680012 -14.033777 1.000000
22804 45.800716 -44.332233 -15.176584 1.000000
22805 49.530678 -41.522442 -18.802723 1.000000
22806 48.743492 -42.857403 -17.409941 1.000000
22807 50.129257 -42.199108 -18.986248 1.000000
22808 50.763741 -42.822769 -19.129055 1.000000
22809 51.343559 -41.591698 -20.605896 1.000000
22810 52.481598 -40.995319 -22.250801 1.000000
22811 51.934052 -40.319664 -22.170279 1.000000
22824 46.873825 -36.036507 -19.936037 1.000000
24425 52.386456 -56.140343 -16.637190 1.000000
24426 52.502869 -55.331154 -17.690441 1.000000
24427 52.925545 -54.019936 -18.492466 1.000000
24428 53.656334 -52.510277 -19.144537 1.000000
24429 52.140572 -53.335815 -18.019608 1.000000
24430 51.484455 -52.470356 -17.445986 1.000000
24431 50.837959 -51.549580 -16.834332 1.000000
24432 41.470585 -48.655773 -17.476730 1.000000
24433 41.686150 -47.086487 -16.607075 1.000000
24434 41.663761 -47.007248 -17.613499 1.000000
24435 41.969929 -45.134258 -17.860676 1.000000
24436 42.353439 -43.356255 -18.101561 1.000000
24437 42.665848 -41.712822 -18.499699 1.000000
24438 42.138477 -42.907169 -19.088219 1.000000
24439 41.991768 -42.509167 -20.056728 1.000000
24440 41.659103 -42.409046 -20.739407 1.000000
25499 43.338703 -68.010422 -15.634504 1.000000
25511 40.084751 -58.834156 -11.885361 1.000000
25512 39.959549 -63.335407 -16.542271 1.000000
25513 39.945271 -61.794014 -15.779669 1.000000
25514 40.255585 -61.669029 -16.745152 1.000000
25515 40.543716 -59.811012 -16.914717 1.000000
25516 40.683952 -57.829681 -17.033070 1.000000
25517 40.757061 -55.802513 -17.125727 1.000000
25518 40.991753 -57.413574 -17.892941 1.000000
25519 41.038170 -56.999195 -18.606146 1.000000
25520 40.697762 -56.420479 -19.095510 1.000000
28523 30.818295 -62.439186 -14.546991 1.000000
28524 31.571697 -60.010597 -14.749893 1.000000
28525 33.188076 -58.491314 -15.032437 1.000000
28526 34.925415 -56.914909 -15.538974 1.000000
28527 36.593895 -55.657360 -16.672817 1.000000
28528 35.761909 -54.796864 -15.990889 1.000000
28529 36.250450 -52.816505 -16.719513 1.000000
28530 36.542976 -51.123512 -17.477777 1.000000
28538 30.961603 -43.206108 -19.760296 1.000000
28540 33.209801 -45.245495 -18.958735 1.000000
28541 34.586441 -46.047443 -18.622061 1.000000
28542 35.003139 -44.497021 -19.577526 1.000000
28543 36.665039 -43.869362 -20.435492 1.000000
28544 38.039013 -43.303589 -21.518257 1.000000
28545 39.237755 -42.918518 -22.119953 1.000000
28546 38.443459 -41.927395 -22.009588 1.000000
28547 38.890263 -40.457245 -22.462717 1.000000
28548 39.425186 -38.988506 -22.681261 1.000000
28549 38.615948 -33.073116 -23.416107 1.000000
28550 39.289680 -34.085861 -22.985638 1.000000
28644 55.313637 -46.154728 -22.414160 1.000000
28654 46.599968 -51.064186 -13.255420 1.000000
28655 45.745293 -50.288754 -12.841868 1.000000
28656 46.334759 -48.664490 -13.605995 1.000000
28657 46.830688 -47.147255 -14.501721 1.000000
28658 45.903126 -42.384785 -16.405819 1.000000
28659 46.508492 -42.948566 -16.269976 1.000000
28660 47.449837 -41.473907 -17.488678 1.000000
28661 48.978752 -40.746166 -18.687162 1.000000
28662 50.262627 -40.235909 -20.398026 1.000000
28663 51.435619 -39.857750 -22.065815 1.000000
28664 50.996437 -38.963516 -22.060268 1.000000
28671 45.735176 -35.582031 -20.102236 1.000000
29592 41.163502 -72.860184 -15.972090 1.000000
29593 41.840263 -70.954597 -16.082613 1.000000
29595 40.838791 -70.901039 -15.489576 1.000000
29596 42.357906 -69.409599 -16.024448 1.000000
29597 42.508892 -67.916008 -15.489988 1.000000
29598 41.755836 -66.586555 -14.432398 1.000000
29599 40.868908 -65.180931 -13.518251 1.000000
29600 40.228115 -63.760521 -12.921977 1.000000
29601 40.263145 -64.908142 -13.727896 1.000000
29602 39.851875 -64.744858 -14.441800 1.000000
29603 39.705009 -64.715645 -15.389453 1.000000
29605 38.926910 -66.093277 -15.832044 1.000000
29606 39.569729 -64.794968 -16.306360 1.000000
29607 39.073738 -64.864700 -16.892323 1.000000
29608 38.442722 -64.689522 -17.245953 1.000000
29609 37.777199 -64.126907 -17.236252 1.000000
31962 35.505013 -38.815395 -22.608963 1.000000
31969 38.216015 -31.998699 -24.083366 1.000000
32030 54.882668 -56.234627 -17.237679 1.000000
32039 55.863415 -48.151894 -21.963079 1.000000
32040 54.237976 -50.750244 -20.104818 1.000000
32041 54.588764 -49.170570 -20.931026 1.000000
32042 54.885277 -47.683617 -21.646481 1.000000
32043 54.057606 -46.941082 -21.089983 1.000000
32044 53.355732 -46.158882 -20.564182 1.000000
32045 52.759502 -45.348087 -20.060192 1.000000
32046 41.653881 -49.929306 -13.234761 1.000000
32047 43.023651 -48.498959 -12.822008 1.000000
32048 42.355244 -48.209068 -13.507535 1.000000
32049 43.003101 -46.327778 -13.991031 1.000000
32050 43.735554 -44.737164 -14.784764 1.000000
32051 42.188805 -45.719444 -15.843265 1.000000
32052 43.188789 -44.450638 -15.521074 1.000000
32053 44.487514 -43.324078 -15.655289 1.000000
32054 45.327557 -41.742504 -16.642376 1.000000
32055 46.294708 -40.063572 -17.664637 1.000000
32056 47.288628 -38.534355 -18.626904 1.000000
32057 48.147537 -37.120159 -19.883703 1.000000
32058 46.693153 -37.959469 -18.775225 1.000000
32059 46.098907 -37.403313 -18.958549 1.000000
32060 45.464489 -37.110188 -19.274084 1.000000
32061 43.255295 -40.137653 -18.947031 1.000000
32062 44.089546 -38.463020 -19.323071 1.000000
32063 44.965511 -36.987339 -19.790079 1.000000
32064 44.477303 -36.931259 -20.123070 1.000000
32065 43.967274 -36.686268 -20.586161 1.000000
32066 43.331886 -36.343586 -20.789835 1.000000
34310 43.505077 -73.200836 -16.136013 1.000000
34328 48.007103 -54.845745 -14.220441 1.000000
34336 42.428562 -52.529419 -11.564954 1.000000
34337 41.502563 -52.007740 -12.148687 1.000000
34338 39.827892 -62.126984 -12.706386 1.000000
34339 39.690666 -60.289867 -12.689925 1.000000
34340 39.866611 -58.722309 -12.751724 1.000000
34341 39.879284 -59.984192 -14.868777 1.000000
34342 39.903214 -58.559601 -13.938210 1.000000
34343 40.178753 -57.055138 -12.924452 1.000000
34344 40.330956 -55.368355 -12.912282 1.000000
34345 40.543396 -53.508698 -12.931086 1.000000
34346 40.979713 -51.646259 -13.164057 1.000000
34347 40.873528 -51.332745 -14.125031 1.000000
34348 40.890339 -51.144249 -15.141611 1.000000
34349 41.102001 -50.712280 -16.186062 1.000000
34350 40.882153 -54.017231 -17.174597 1.000000
34351 41.105026 -52.184906 -17.246250 1.000000
34352 41.242443 -50.431755 -17.257708 1.000000
34353 41.549011 -50.033478 -18.423288 1.000000
34354 41.807072 -49.631798 -19.373945 1.000000
34355 41.647606 -49.070667 -20.098745 1.000000
40403 36.465538 -64.576561 -16.362957 1.000000
40404 37.186558 -62.958019 -17.153856 1.000000
40407 31.532080 -66.058372 -14.826014 1.000000
40408 31.502415 -63.298561 -14.686247 1.000000
40409 32.415619 -63.701893 -14.876734 1.000000
40410 33.333649 -64.070877 -15.166371 1.000000
40411 34.979897 -62.658104 -15.607907 1.000000
40412 36.597202 -61.717762 -16.682428 1.000000
40413 38.002678 -60.981274 -17.728046 1.000000
40414 38.827988 -59.170845 -18.290699 1.000000
40415 39.424690 -57.181358 -18.798090 1.000000
40416 39.972294 -55.300800 -19.198029 1.000000
40417 37.792976 -54.956848 -17.862257 1.000000
40418 39.170845 -54.116161 -18.860788 1.000000
40419 40.463264 -53.387562 -19.600080 1.000000
40420 40.878136 -51.479919 -20.110172 1.000000
40421 41.011459 -49.757477 -20.396091 1.000000
40422 41.059547 -48.069885 -20.674755 1.000000
40440 32.378319 -52.602882 -16.222595 1.000000
40441 33.812706 -51.170525 -16.363663 1.000000
40442 35.366467 -50.225815 -17.028456 1.000000
40443 36.647709 -49.430225 -18.260942 1.000000
40444 35.845322 -46.936825 -18.647699 1.000000
40445 36.908497 -47.830681 -19.207533 1.000000
40446 37.832115 -48.859501 -19.508600 1.000000
40447 39.071163 -48.046516 -20.477890 1.000000
40448 40.180153 -47.289608 -21.114868 1.000000
40449 41.055313 -46.469315 -20.901127 1.000000
40450 41.061077 -44.888256 -21.027983 1.000000
40451 41.229401 -43.399406 -21.264587 1.000000
40452 41.344379 -41.714733 -21.371334 1.000000
40453 40.464771 -41.940845 -22.463779 1.000000
40454 41.142399 -41.156895 -21.967569 1.000000
40455 41.574677 -40.414059 -21.485352 1.000000
40456 42.049385 -38.704735 -21.286373 1.000000
40457 42.464775 -37.122452 -21.036947 1.000000
40458 43.034470 -35.812561 -20.872971 1.000000
40459 37.212536 -38.215157 -22.868046 1.000000
40460 38.829823 -37.698689 -22.997910 1.000000
40461 40.022575 -37.455807 -22.744732 1.000000
40462 39.690350 -34.910027 -22.779467 1.000000
40463 40.412987 -35.867023 -22.568932 1.000000
40464 40.929256 -36.862247 -22.176107 1.000000
40465 41.665249 -36.036926 -21.462194 1.000000
40466 42.600941 -35.521511 -20.983170 1.000000
40666 48.728199 -53.640053 -15.094434 1.000000
40667 49.473125 -52.170635 -15.719302 1.000000
40668 50.063484 -50.492661 -16.229448 1.000000
40669 47.987007 -50.254128 -14.561528 1.000000
40670 49.271629 -49.580757 -15.688855 1.000000
40671 50.519138 -48.809322 -16.891020 1.000000
40672 50.826653 -47.267483 -17.639614 1.000000
40673 51.462261 -45.838917 -18.484447 1.000000
40674 52.141701 -44.480877 -19.570818 1.000000
40675 44.567097 -47.153381 -13.086871 1.000000
40676 45.957344 -46.413727 -14.041194 1.000000
40677 47.307320 -45.602280 -15.441561 1.000000
40678 47.252739 -43.565430 -16.270899 1.000000
40679 47.938812 -44.259346 -16.199167 1.000000
40680 48.659927 -44.832378 -16.466772 1.000000
40681 50.163795 -44.233681 -17.744301 1.000000
40682 51.471954 -43.575306 -19.274435 1.000000
40683 52.630432 -43.124516 -20.929441 1.000000
40687 52.563709 -39.172970 -23.809206 1.000000
