#!ascii label, from cvs_avg35 to fsaverage6
1396
34 44.051388 -68.895798 6.383385 1.000000
86 35.604057 -82.505836 -0.232182 1.000000
87 43.957687 -76.680290 -9.358671 1.000000
138 53.735291 -57.563774 5.979241 1.000000
139 46.375343 -60.959221 20.470089 1.000000
157 53.877998 -54.103294 -5.417641 1.000000
158 48.834629 -55.424755 -14.815575 1.000000
207 30.951773 -91.230255 -6.384674 1.000000
346 45.880627 -60.942432 6.282913 1.000000
347 56.363686 -58.173534 0.959875 1.000000
348 47.129257 -60.144653 1.755585 1.000000
349 40.748348 -76.729538 -15.496890 1.000000
350 44.971210 -63.330688 -10.246019 1.000000
351 40.789017 -63.881367 -12.676405 1.000000
353 38.757072 -62.301910 -17.891514 1.000000
443 43.268974 -74.089149 0.226081 1.000000
444 42.096508 -83.714218 -3.780115 1.000000
570 54.605785 -50.980816 7.118955 1.000000
572 45.459114 -57.037529 12.086878 1.000000
573 38.301643 -62.055351 12.998721 1.000000
622 31.992168 -54.816994 -15.727549 1.000000
628 44.968822 -62.399437 -4.387647 1.000000
629 56.714378 -57.535805 -11.940391 1.000000
826 43.146641 -63.715233 6.177575 1.000000
827 47.764496 -62.274864 3.684617 1.000000
828 43.396904 -64.660652 3.503896 1.000000
829 36.417835 -76.069374 -14.615092 1.000000
830 43.332687 -69.376343 -16.246796 1.000000
831 39.256771 -68.891930 -14.283338 1.000000
832 39.830322 -63.308350 -15.610904 1.000000
833 35.674362 -68.282211 -14.260707 1.000000
977 44.724804 -82.139114 1.497584 1.000000
978 39.915031 -85.390694 -0.731930 1.000000
1264 44.780830 -58.650368 16.951323 1.000000
1265 40.835407 -58.281109 12.505903 1.000000
1266 40.104534 -59.618248 18.166615 1.000000
1272 41.810287 -72.753700 20.447468 1.000000
1273 40.825584 -70.642349 16.418921 1.000000
1322 62.675636 -37.766304 12.550795 1.000000
1396 56.691120 -55.144653 8.295436 1.000000
1397 58.080402 -50.732750 5.225610 1.000000
1398 58.955994 -55.327141 4.842687 1.000000
1399 55.044212 -54.505424 -2.953213 1.000000
1404 42.122463 -76.496567 -4.210741 1.000000
1405 40.679619 -68.450386 -2.417922 1.000000
1406 42.503128 -70.039986 -6.437356 1.000000
1407 47.240913 -57.938282 -10.408239 1.000000
1408 50.694359 -58.610992 -9.668365 1.000000
1409 53.325397 -56.720528 -15.090421 1.000000
1774 49.912098 -59.743927 5.423093 1.000000
1775 56.314049 -60.490410 4.080681 1.000000
1776 52.082226 -62.431122 3.708901 1.000000
1777 51.705971 -58.484234 0.940778 1.000000
1778 51.535645 -57.374859 -2.153955 1.000000
1779 43.447155 -76.892715 -12.858363 1.000000
1780 45.018890 -70.452942 -10.102438 1.000000
1781 46.016125 -69.145035 -14.529821 1.000000
1782 43.830666 -63.065704 -12.532704 1.000000
1783 43.225159 -57.420216 -10.165121 1.000000
1785 40.411720 -57.260181 -11.881793 1.000000
1786 40.441502 -56.151196 -16.148024 1.000000
1787 41.151756 -54.478859 -19.421383 1.000000
1991 43.963291 -71.585663 2.417606 1.000000
1992 46.715744 -76.348251 2.105662 1.000000
1993 45.058723 -79.380386 -1.555190 1.000000
1994 44.480568 -80.344551 -7.121550 1.000000
1995 37.105305 -87.390167 -5.223353 1.000000
1996 41.237602 -85.236320 -9.247686 1.000000
1997 43.803886 -81.635513 -12.348798 1.000000
1998 40.093758 -81.595558 -13.696981 1.000000
2348 52.358604 -53.239838 9.897058 1.000000
2349 53.788200 -56.864948 10.555833 1.000000
2351 50.977955 -57.449577 13.129869 1.000000
2352 49.186989 -56.681202 8.270219 1.000000
2353 44.694389 -58.035572 7.811540 1.000000
2354 41.056149 -60.977692 8.588521 1.000000
2355 40.782784 -65.825546 8.958730 1.000000
2363 40.516159 -67.873856 13.050306 1.000000
2364 44.804100 -70.778587 9.907887 1.000000
2501 35.802898 -57.778126 -16.059444 1.000000
2512 60.699165 -54.901897 1.653112 1.000000
2518 41.617775 -66.069740 0.925893 1.000000
2519 45.610180 -59.886669 -1.300003 1.000000
2520 52.157482 -58.870155 -4.237044 1.000000
2521 45.352314 -63.314648 -6.993129 1.000000
2522 52.256817 -62.185234 -7.509030 1.000000
2523 55.342155 -55.578846 -8.815248 1.000000
2746 43.134567 -66.286514 6.293304 1.000000
2747 44.007839 -64.365532 4.956824 1.000000
2748 43.381798 -67.035408 4.709664 1.000000
2749 35.425938 -75.254105 -13.399137 1.000000
2750 38.368732 -72.295189 -14.091578 1.000000
2751 36.676353 -71.465263 -12.851862 1.000000
2752 37.290539 -68.545197 -13.989944 1.000000
2753 34.897598 -71.093506 -12.790637 1.000000
2896 38.585495 -81.858177 1.428707 1.000000
2897 40.697426 -83.367630 1.305079 1.000000
2898 38.006771 -83.970123 -0.530872 1.000000
3182 49.173073 -60.934731 19.408484 1.000000
3184 45.470684 -59.848339 18.880825 1.000000
3185 42.329212 -58.810467 17.623896 1.000000
3186 42.902393 -60.015850 19.832148 1.000000
3193 43.593597 -74.073189 17.578169 1.000000
3243 60.698029 -37.377842 11.198161 1.000000
3316 55.619953 -56.714703 7.684955 1.000000
3317 58.051399 -55.376179 6.666739 1.000000
3318 56.500896 -57.169952 5.559068 1.000000
3319 54.530731 -54.317280 -4.289292 1.000000
3320 56.564362 -52.190746 -4.300114 1.000000
3321 55.062202 -51.318920 -5.373567 1.000000
3323 53.907570 -50.994415 -6.987105 1.000000
3324 42.633038 -76.837425 -7.257860 1.000000
3325 41.364712 -73.681290 -5.682565 1.000000
3326 42.862934 -73.688919 -7.803766 1.000000
3327 48.168121 -56.733479 -12.349333 1.000000
3328 50.420494 -56.760914 -12.594408 1.000000
3329 50.948223 -56.318897 -15.394186 1.000000
3330 53.770638 -55.813591 -17.617500 1.000000
3331 51.420979 -54.704956 -17.415302 1.000000
3333 50.141308 -53.124279 -16.405239 1.000000
3916 47.801159 -60.215931 5.791053 1.000000
3917 51.150532 -61.346703 4.880319 1.000000
3918 48.918903 -61.816597 5.191812 1.000000
3919 47.466171 -60.951515 2.599786 1.000000
3920 49.594254 -60.507275 2.328888 1.000000
3921 49.539925 -59.048820 1.125311 1.000000
3922 51.530434 -57.297108 -0.964457 1.000000
3923 49.406929 -58.186134 -0.143076 1.000000
3924 42.587463 -76.838356 -14.549909 1.000000
3925 45.027176 -73.397568 -13.839836 1.000000
3926 44.472172 -73.396019 -15.685208 1.000000
3927 42.592552 -66.718254 -14.709023 1.000000
3928 44.134430 -66.254166 -14.565518 1.000000
3929 42.291889 -63.960155 -12.495822 1.000000
3930 42.733814 -60.640541 -10.814341 1.000000
3931 41.042515 -60.760223 -10.891490 1.000000
3932 41.358086 -57.419655 -10.559609 1.000000
3933 39.993507 -60.562134 -11.916019 1.000000
3934 39.786034 -63.486523 -17.228405 1.000000
3935 40.198975 -59.981865 -16.004917 1.000000
3936 40.757702 -59.492157 -17.724613 1.000000
3937 41.146675 -55.444954 -18.004345 1.000000
3938 40.180664 -58.398365 -18.767782 1.000000
4367 47.454926 -74.845085 3.271931 1.000000
4368 47.646782 -77.491791 3.361063 1.000000
4369 43.623863 -83.418953 -1.369234 1.000000
4370 45.445656 -80.782837 -0.124458 1.000000
4371 44.189617 -81.939529 -2.782978 1.000000
4372 44.364418 -80.233192 -4.167748 1.000000
4373 43.244141 -82.058868 -5.382351 1.000000
4376 34.190086 -89.189842 -5.508649 1.000000
4378 38.166161 -86.985802 -10.289274 1.000000
4380 43.140148 -83.800880 -10.988168 1.000000
4381 41.946186 -84.660530 -13.079829 1.000000
4382 42.191120 -81.911942 -13.669934 1.000000
5225 53.590363 -55.233593 10.661545 1.000000
5226 52.696156 -55.897869 12.030652 1.000000
5230 47.348351 -57.448231 14.516055 1.000000
5232 48.202446 -57.041248 12.496730 1.000000
5233 49.758114 -56.955853 10.893490 1.000000
5234 47.102287 -56.676750 9.898193 1.000000
5235 46.958790 -57.188068 7.540050 1.000000
5236 44.753788 -57.049480 9.539087 1.000000
5237 39.148857 -59.882790 12.872597 1.000000
5238 40.647339 -59.355957 10.420502 1.000000
5239 39.383087 -61.372627 10.485403 1.000000
5240 40.268829 -63.153870 8.551151 1.000000
5241 39.309704 -63.805103 10.591289 1.000000
5260 42.840199 -71.504593 14.436641 1.000000
5261 40.608276 -69.345932 14.653407 1.000000
5262 42.781502 -70.223885 12.956667 1.000000
5263 42.419441 -69.031174 11.359589 1.000000
5270 39.721764 -78.382431 4.984063 1.000000
5608 34.028259 -56.093342 -15.224136 1.000000
5609 37.121521 -53.798103 -17.230747 1.000000
5629 59.972374 -50.545788 4.428608 1.000000
5634 57.008507 -60.310097 2.614474 1.000000
5635 59.109344 -58.259785 3.122085 1.000000
5636 59.127422 -56.909203 1.445896 1.000000
5649 43.463383 -72.920204 1.063145 1.000000
5650 41.983616 -69.436691 1.543815 1.000000
5651 41.698269 -70.668900 0.518376 1.000000
5652 42.111748 -64.808029 -3.544968 1.000000
5653 41.965618 -63.600281 -1.664430 1.000000
5654 45.080723 -61.088585 -2.895542 1.000000
5655 48.869247 -58.991875 -2.704131 1.000000
5656 48.835960 -60.415321 -4.147944 1.000000
5657 45.167927 -67.011703 -10.390708 1.000000
5658 44.635857 -66.910545 -8.557929 1.000000
5659 45.121674 -63.465382 -8.440635 1.000000
5660 54.292370 -58.919991 -10.833612 1.000000
5661 51.899597 -60.809765 -8.705606 1.000000
5662 55.535931 -60.428589 -9.329142 1.000000
5663 55.527557 -59.867104 -7.699860 1.000000
5664 56.930126 -56.636127 -10.205592 1.000000
5665 55.161713 -53.193878 -10.796701 1.000000
6094 44.462708 -62.058006 6.261024 1.000000
6095 47.174164 -62.449352 5.251283 1.000000
6096 45.650070 -62.905678 5.314947 1.000000
6097 45.543957 -62.773315 3.857907 1.000000
6098 44.929173 -62.269123 2.766462 1.000000
6099 38.476051 -76.500809 -15.445020 1.000000
6100 42.302860 -72.916443 -16.224190 1.000000
6101 40.199463 -72.667610 -15.493753 1.000000
6102 41.300957 -69.375076 -15.449778 1.000000
6103 40.977551 -66.223160 -14.287758 1.000000
6104 39.697479 -63.517078 -13.597372 1.000000
6105 39.729671 -66.074104 -15.285284 1.000000
6365 46.383156 -80.344040 3.633418 1.000000
6366 43.416805 -82.240585 2.942643 1.000000
6367 42.435741 -84.313049 0.390228 1.000000
6368 41.352333 -85.564751 -2.236221 1.000000
6370 32.677383 -90.413322 -8.514270 1.000000
6884 44.736256 -57.616131 14.547734 1.000000
6885 43.047752 -57.463024 12.059721 1.000000
6886 42.255978 -57.888233 14.939116 1.000000
6887 40.155403 -58.748718 15.395566 1.000000
6898 39.806583 -70.106964 21.390497 1.000000
6899 39.511536 -68.907021 19.223099 1.000000
6900 41.267113 -71.695938 18.193081 1.000000
7120 56.088642 -53.014965 7.835721 1.000000
7121 56.404846 -50.913712 6.089003 1.000000
7123 59.381256 -53.107399 5.670673 1.000000
7124 60.481041 -52.897686 4.169915 1.000000
7125 55.614544 -55.848675 -0.893181 1.000000
7126 58.015480 -54.690453 -0.270521 1.000000
7127 57.212872 -52.923393 -2.717294 1.000000
7134 42.910362 -75.401047 -1.631812 1.000000
7135 41.483559 -71.901932 -0.782207 1.000000
7136 40.963646 -73.109222 -3.216755 1.000000
7137 41.139309 -69.356476 -4.665710 1.000000
7138 42.532440 -65.689865 -5.412501 1.000000
7139 45.394394 -59.999859 -9.688836 1.000000
7140 46.642944 -59.938438 -8.650986 1.000000
7141 48.900352 -57.912743 -10.208039 1.000000
7142 52.324291 -57.497425 -12.102902 1.000000
7143 55.045921 -57.759209 -13.834445 1.000000
7145 55.888641 -56.421089 -16.581161 1.000000
7390 32.569424 -83.936142 -0.656281 1.000000
7391 34.877220 -85.196732 -1.456799 1.000000
7392 31.918873 -87.354324 -1.529854 1.000000
7797 50.087803 -61.885033 21.076569 1.000000
7978 51.870186 -58.903656 5.309300 1.000000
7979 54.880566 -59.251350 4.840791 1.000000
7980 53.240448 -60.663910 4.737500 1.000000
7981 54.243725 -62.114788 3.930843 1.000000
7982 54.269691 -60.904907 2.517964 1.000000
7983 49.876026 -62.298637 3.577113 1.000000
7984 51.955555 -60.708031 2.315974 1.000000
7985 53.885185 -58.466602 1.181041 1.000000
7986 53.455894 -56.419579 -1.086119 1.000000
7987 53.230751 -56.175049 -3.061629 1.000000
7988 53.342731 -56.576241 -4.054391 1.000000
7989 44.176857 -76.716087 -11.233042 1.000000
7990 44.318554 -73.643562 -9.636285 1.000000
7991 44.623047 -73.606850 -11.629596 1.000000
7992 45.522297 -70.107628 -12.221241 1.000000
7993 45.574650 -66.212555 -12.479068 1.000000
7994 45.362988 -69.117172 -15.971927 1.000000
7995 45.382423 -65.280380 -14.029691 1.000000
7996 44.655712 -62.917675 -11.846795 1.000000
7997 44.489174 -60.274353 -10.569353 1.000000
7998 45.384998 -57.875435 -10.565090 1.000000
7999 46.217041 -55.901234 -11.941874 1.000000
8001 44.652798 -55.142937 -11.118353 1.000000
8004 39.651897 -60.103554 -13.786817 1.000000
8005 40.121471 -56.843006 -14.054843 1.000000
8555 44.436466 -70.270081 4.141303 1.000000
8556 46.268982 -72.620804 3.662753 1.000000
8557 45.539909 -73.911110 2.157422 1.000000
8558 44.955894 -75.075615 1.307253 1.000000
8559 46.701149 -79.404953 1.918998 1.000000
8560 46.029648 -77.981888 0.862204 1.000000
8561 44.541794 -76.862846 -0.383104 1.000000
8562 43.886761 -78.016167 -2.718370 1.000000
8563 43.495422 -78.767090 -5.640435 1.000000
8564 44.511162 -78.526382 -8.399918 1.000000
8565 37.053139 -86.578873 -1.855339 1.000000
8566 38.884087 -87.005615 -2.889511 1.000000
8567 39.712330 -85.487747 -4.541867 1.000000
8568 35.457504 -87.515907 -7.853432 1.000000
8569 38.535805 -85.502899 -7.310918 1.000000
8570 41.146488 -83.639938 -6.455298 1.000000
8571 43.406849 -82.735977 -8.316720 1.000000
8572 44.843513 -80.893036 -9.851568 1.000000
8573 44.851036 -78.838951 -10.924039 1.000000
8574 43.754143 -79.209175 -12.799874 1.000000
8575 42.162361 -79.323807 -13.844478 1.000000
8576 40.197762 -78.939156 -14.308940 1.000000
8578 37.564018 -81.149597 -13.237226 1.000000
8579 37.979084 -78.545433 -14.218875 1.000000
8580 35.644005 -78.447456 -13.575862 1.000000
8581 34.369709 -77.977173 -12.702568 1.000000
8582 33.501431 -77.126419 -11.685354 1.000000
9597 51.814148 -50.330761 7.901924 1.000000
9600 53.541893 -52.150707 8.541116 1.000000
9601 54.761127 -54.134632 9.268714 1.000000
9602 54.968666 -56.023384 9.432635 1.000000
9603 53.734398 -57.026085 8.768042 1.000000
9609 51.469971 -56.327301 13.591847 1.000000
9610 52.586071 -57.276379 11.872192 1.000000
9611 51.834969 -57.045006 9.727354 1.000000
9612 51.557716 -57.073296 7.024524 1.000000
9613 49.356342 -57.929005 6.081856 1.000000
9614 47.163918 -58.721729 6.371104 1.000000
9615 45.067902 -59.483253 6.871427 1.000000
9616 42.430920 -57.931438 9.838045 1.000000
9617 42.590378 -59.179420 8.462187 1.000000
9618 43.320251 -60.713570 7.313419 1.000000
9619 42.105541 -62.396667 7.153327 1.000000
9620 41.663078 -64.934128 7.221114 1.000000
9621 42.441956 -67.487030 7.698157 1.000000
9629 50.344158 -63.133381 23.050304 1.000000
9638 44.375496 -63.193245 23.505028 1.000000
9642 37.544155 -63.471230 15.643288 1.000000
9643 39.028423 -67.944954 17.337538 1.000000
9644 38.572681 -66.568886 15.334425 1.000000
9645 38.795532 -65.092804 13.033000 1.000000
9646 40.528748 -66.671806 10.960130 1.000000
9647 42.354645 -68.594841 9.561163 1.000000
9648 44.588375 -70.087914 8.092298 1.000000
9657 35.664112 -80.627258 1.558715 1.000000
9666 32.372272 -82.018532 0.901328 1.000000
9667 29.631519 -84.347557 1.370321 1.000000
9668 27.754410 -87.097099 2.405117 1.000000
9669 27.038868 -90.093712 3.095936 1.000000
10059 37.307686 -59.847603 -17.288382 1.000000
10060 38.493004 -56.011719 -18.376055 1.000000
10090 58.029278 -58.197510 4.278737 1.000000
10091 59.875294 -55.552197 3.283313 1.000000
10108 42.722664 -68.262192 2.976163 1.000000
10109 42.286827 -65.257271 2.098335 1.000000
10110 43.673111 -62.130669 1.672582 1.000000
10111 40.963966 -67.194595 -0.435863 1.000000
10112 42.546783 -62.349842 0.027770 1.000000
10113 46.297585 -59.689598 0.738828 1.000000
10114 49.035580 -58.335369 -1.236812 1.000000
10115 51.633331 -57.916809 -3.071843 1.000000
10116 53.437035 -56.993965 -5.021517 1.000000
10117 44.001881 -70.279778 -8.354403 1.000000
10118 43.544979 -66.340805 -7.006199 1.000000
10119 45.250603 -62.990562 -5.841180 1.000000
10120 47.961273 -60.821312 -7.686403 1.000000
10121 48.584633 -61.892437 -7.000905 1.000000
10122 48.715755 -61.937111 -5.686934 1.000000
10123 52.577736 -60.782097 -5.583706 1.000000
10124 54.334236 -57.944458 -6.444410 1.000000
10125 53.959972 -54.229637 -7.248817 1.000000
10126 53.998859 -51.832397 -9.085094 1.000000
10426 43.445305 -67.591484 6.397136 1.000000
10427 43.452324 -66.666580 5.574297 1.000000
10428 43.641682 -68.036484 5.562194 1.000000
10429 34.977173 -74.730217 -12.881063 1.000000
10430 36.235756 -73.364967 -13.086334 1.000000
10431 35.474358 -72.792175 -12.672423 1.000000
10432 35.770557 -71.264107 -12.703045 1.000000
10433 34.668388 -72.625511 -12.607567 1.000000
10576 37.188225 -82.069733 0.477641 1.000000
10577 38.336620 -82.864693 0.463923 1.000000
10578 36.864330 -83.135056 -0.408520 1.000000
10862 47.728798 -60.976418 19.914371 1.000000
10863 47.304607 -60.500389 19.150328 1.000000
10864 45.903473 -60.418182 19.733061 1.000000
10865 44.187706 -59.857899 19.444036 1.000000
10866 44.643242 -60.463703 20.208166 1.000000
10996 54.697338 -57.160229 6.885268 1.000000
10997 55.985329 -56.929790 6.603658 1.000000
10998 55.078224 -57.526375 5.812219 1.000000
10999 54.161438 -54.243553 -4.759104 1.000000
11000 54.830383 -52.980030 -4.750424 1.000000
11001 54.234844 -52.678612 -5.360562 1.000000
11002 54.396942 -51.016060 -6.084998 1.000000
11003 53.782936 -52.487244 -6.186057 1.000000
11004 43.432686 -76.684334 -8.402441 1.000000
11005 42.514782 -75.238205 -7.511395 1.000000
11006 43.361095 -75.213852 -8.638353 1.000000
11007 48.474045 -56.192131 -13.639252 1.000000
11008 49.521370 -56.462902 -13.976080 1.000000
11009 49.780193 -56.001884 -15.246363 1.000000
11010 51.128857 -55.653557 -16.499844 1.000000
11011 50.142986 -55.064171 -16.225826 1.000000
11012 50.764061 -54.030846 -17.002298 1.000000
11013 49.424248 -54.423729 -15.779757 1.000000
11596 46.761345 -60.477760 6.041686 1.000000
11597 48.314732 -60.963306 5.507118 1.000000
11598 47.290565 -61.224873 5.679478 1.000000
11599 47.280636 -60.500244 2.156279 1.000000
11600 48.429115 -60.015808 1.934220 1.000000
11601 48.377563 -59.451527 1.417956 1.000000
11602 49.427620 -58.524853 0.530266 1.000000
11603 48.336227 -59.079082 0.957712 1.000000
11604 41.799423 -76.800171 -15.177855 1.000000
11605 43.581478 -75.283760 -15.203374 1.000000
11606 42.737022 -75.133263 -15.780370 1.000000
11607 41.550312 -65.403160 -13.602916 1.000000
11608 42.424950 -65.500206 -13.703775 1.000000
11609 41.483665 -64.038544 -12.596314 1.000000
11610 41.543064 -62.559570 -11.551886 1.000000
11611 40.763195 -62.383301 -11.779066 1.000000
11612 40.478859 -60.699902 -11.417595 1.000000
11613 40.245819 -62.288593 -12.144975 1.000000
11614 39.308380 -63.205811 -17.721699 1.000000
11618 39.527031 -60.406609 -18.347773 1.000000
12049 42.846790 -83.696175 -2.718708 1.000000
12050 43.928883 -82.557510 -2.067092 1.000000
12051 43.293488 -82.838486 -3.417973 1.000000
12052 43.710823 -82.057831 -4.081706 1.000000
12053 42.553734 -82.801620 -4.520930 1.000000
12056 32.492348 -90.007652 -6.010810 1.000000
12062 40.834087 -84.770897 -13.701431 1.000000
12905 52.032246 -55.052589 11.874148 1.000000
12906 51.449303 -55.284325 12.640446 1.000000
12910 46.313564 -57.197937 13.365030 1.000000
12911 47.653816 -57.190685 13.450604 1.000000
12912 46.817993 -56.913940 12.262692 1.000000
12913 47.474693 -56.848682 11.195751 1.000000
12914 46.222389 -56.824535 10.952257 1.000000
12915 45.909290 -56.762341 9.636077 1.000000
12916 45.004482 -56.967449 10.765570 1.000000
12917 38.610928 -60.894920 12.915317 1.000000
12918 39.156685 -60.539753 11.679098 1.000000
12919 38.826118 -61.639771 11.775289 1.000000
12920 39.203442 -62.535713 10.523616 1.000000
12921 38.753246 -62.868275 11.787892 1.000000
12941 42.873974 -70.875885 13.755327 1.000000
13286 31.376911 -57.083527 -15.270808 1.000000
13287 32.296181 -57.688362 -15.062375 1.000000
13288 33.061523 -55.257393 -15.355863 1.000000
13289 34.715008 -53.997131 -15.655690 1.000000
13290 33.557316 -53.213879 -15.802183 1.000000
13308 54.529835 -50.009708 6.332360 1.000000
13309 60.996326 -50.204853 3.946524 1.000000
13310 60.190685 -49.087799 3.532830 1.000000
13311 61.183746 -48.656532 3.144873 1.000000
13314 56.807117 -59.389702 1.745005 1.000000
13315 58.264000 -58.710808 2.041465 1.000000
13316 57.767872 -57.628456 1.192714 1.000000
13329 43.418022 -73.506729 0.659919 1.000000
13330 42.445614 -71.957016 0.795189 1.000000
13331 42.402721 -72.433144 0.387534 1.000000
13332 43.425373 -63.346985 -4.026227 1.000000
13333 43.284206 -62.748871 -3.144754 1.000000
13334 44.986931 -61.776794 -3.573218 1.000000
13335 46.918468 -60.602379 -3.547120 1.000000
13336 46.831711 -61.370739 -4.097381 1.000000
13337 45.230255 -65.238556 -10.397924 1.000000
13338 45.049950 -65.309128 -9.446412 1.000000
13339 45.021931 -63.433666 -9.289534 1.000000
13340 55.754120 -58.547741 -11.437900 1.000000
13341 55.094116 -59.745262 -10.140647 1.000000
13342 56.604767 -58.650452 -10.684191 1.000000
13343 56.898560 -58.580360 -9.618021 1.000000
13344 57.130322 -57.131622 -11.074834 1.000000
13345 56.722279 -55.509594 -11.389117 1.000000
13346 56.893330 -56.115643 -12.318945 1.000000
13996 43.730572 -62.694355 6.215102 1.000000
13997 45.073273 -62.453033 5.825952 1.000000
13998 44.287865 -63.125816 5.791832 1.000000
13999 43.827164 -64.543747 4.192922 1.000000
14000 44.716274 -63.562664 4.394023 1.000000
14001 44.399033 -63.512268 3.688628 1.000000
14002 45.235718 -62.521313 3.276394 1.000000
14003 43.960907 -63.426125 3.064808 1.000000
14004 37.277462 -76.380051 -15.125086 1.000000
14005 39.302544 -74.658989 -15.685225 1.000000
14006 38.250648 -74.447983 -15.137733 1.000000
14007 39.026146 -70.463097 -14.076193 1.000000
14008 39.877106 -70.741989 -14.747946 1.000000
14009 40.253876 -69.205299 -14.789696 1.000000
14010 41.586548 -67.819473 -15.195650 1.000000
14011 40.558662 -67.558205 -14.923103 1.000000
14012 40.351700 -66.073990 -14.631601 1.000000
14013 39.456001 -67.527275 -14.823283 1.000000
14014 36.442402 -68.405289 -14.043765 1.000000
14015 37.631218 -67.268326 -15.117353 1.000000
14016 36.894127 -67.146774 -15.236914 1.000000
14017 37.525063 -65.889885 -16.290491 1.000000
14018 36.227455 -66.852371 -15.332332 1.000000
14448 42.540081 -81.792931 3.383400 1.000000
14449 40.309937 -84.471039 0.167098 1.000000
14450 41.610672 -84.018959 1.018748 1.000000
14451 41.186821 -85.001511 -0.199801 1.000000
14452 41.962524 -85.134933 -0.940091 1.000000
14453 40.725658 -85.848030 -1.360444 1.000000
15310 46.380936 -59.277855 17.510105 1.000000
15312 46.123489 -58.680431 16.617016 1.000000
15313 46.048164 -58.008575 15.610728 1.000000
15314 44.664742 -58.041004 15.739784 1.000000
15315 43.459698 -57.692005 14.738794 1.000000
15316 43.422523 -58.117481 16.054968 1.000000
15317 41.176079 -59.113537 17.969101 1.000000
15318 41.055916 -58.625099 16.641603 1.000000
15319 40.036545 -59.158813 16.836582 1.000000
15333 41.941216 -73.434967 21.677464 1.000000
15335 40.996998 -72.119713 21.979351 1.000000
15336 39.985016 -70.851509 22.462444 1.000000
15337 40.769234 -71.507370 20.838640 1.000000
15338 40.514477 -70.896622 19.678844 1.000000
15339 41.541588 -72.163956 19.284904 1.000000
15706 56.538513 -54.087288 8.162294 1.000000
15707 57.029613 -53.093578 7.286366 1.000000
15708 57.467072 -54.186401 7.570516 1.000000
15709 58.484783 -55.371208 5.760182 1.000000
15710 58.886719 -54.294147 6.173743 1.000000
15711 59.301674 -54.297070 5.314677 1.000000
15712 59.910736 -53.062309 4.942664 1.000000
15714 55.299957 -54.828987 -1.932816 1.000000
15715 56.382988 -54.248859 -1.622428 1.000000
15716 56.152660 -53.693367 -2.698606 1.000000
15717 57.076679 -50.731079 -4.870522 1.000000
15718 57.779591 -51.342609 -4.350204 1.000000
15729 42.461109 -75.944603 -2.883903 1.000000
15730 41.778606 -74.414070 -2.359050 1.000000
15731 41.373577 -74.895210 -3.727717 1.000000
15732 41.893303 -71.872635 -5.964653 1.000000
15733 41.110149 -71.686760 -5.061691 1.000000
15734 41.681713 -69.777687 -5.510320 1.000000
15735 41.862999 -67.574203 -5.053392 1.000000
15736 42.337959 -67.952911 -5.910271 1.000000
15737 46.387394 -58.844929 -9.837479 1.000000
15738 47.022110 -58.647217 -9.542456 1.000000
15739 48.063183 -57.800739 -10.292410 1.000000
15740 51.959034 -56.618305 -13.977483 1.000000
15741 51.355980 -57.006287 -12.492594 1.000000
15742 52.936085 -56.992420 -13.530850 1.000000
15743 53.759880 -57.702637 -12.969995 1.000000
15744 54.232311 -57.188385 -14.632978 1.000000
15745 55.477699 -57.185242 -15.261110 1.000000
15746 54.590355 -56.815125 -15.998004 1.000000
16247 32.255939 -85.625923 -1.136301 1.000000
17506 50.882870 -59.412331 5.351446 1.000000
17507 52.558266 -59.833508 4.995932 1.000000
17508 51.565773 -60.228016 5.042974 1.000000
17509 51.709423 -62.213268 4.531526 1.000000
17510 52.770355 -61.973866 4.515431 1.000000
17511 53.105042 -62.396904 3.841239 1.000000
17512 54.372597 -61.816719 3.151264 1.000000
17513 53.227287 -61.937725 2.999169 1.000000
17514 47.654736 -62.745277 4.471593 1.000000
17515 48.494789 -62.609783 4.482926 1.000000
17516 48.699722 -62.241871 3.597207 1.000000
17517 50.672596 -59.524891 1.749300 1.000000
17518 50.771244 -60.551819 2.300465 1.000000
17519 51.836609 -59.475548 1.792430 1.000000
17520 52.982269 -59.637489 1.845142 1.000000
17521 52.761669 -58.469013 1.072452 1.000000
17522 53.644966 -57.315845 0.127836 1.000000
17523 52.631470 -57.510551 -0.024868 1.000000
17524 51.538818 -57.225018 -1.730402 1.000000
17525 52.350231 -56.685486 -2.073948 1.000000
17526 52.396049 -56.815941 -2.677348 1.000000
17527 53.346397 -56.404621 -3.643077 1.000000
17528 52.533733 -57.008919 -3.133187 1.000000
17529 43.807667 -76.795921 -11.994066 1.000000
17530 44.160522 -75.314041 -11.330258 1.000000
17531 44.046989 -75.233566 -12.165429 1.000000
17532 45.788521 -71.372177 -14.323565 1.000000
17533 45.504539 -71.613739 -13.017881 1.000000
17534 45.922783 -69.567337 -13.431752 1.000000
17535 45.668507 -68.120384 -12.488817 1.000000
17536 45.938522 -67.573158 -13.530584 1.000000
17537 42.934803 -70.938133 -16.441666 1.000000
17538 44.170677 -71.079002 -16.465910 1.000000
17539 44.478661 -69.293808 -16.270164 1.000000
17540 43.899986 -64.520172 -13.542257 1.000000
17541 44.789810 -65.581924 -14.418040 1.000000
17542 44.526775 -64.103920 -13.421634 1.000000
17543 44.907532 -64.145218 -13.005826 1.000000
17544 44.388451 -62.945019 -12.359335 1.000000
17545 44.371529 -61.672310 -11.151128 1.000000
17546 43.880074 -61.717529 -11.510246 1.000000
17547 42.738922 -58.988525 -10.197428 1.000000
17548 43.821587 -58.967064 -10.366033 1.000000
17549 44.292885 -57.641582 -10.391963 1.000000
17550 45.777477 -56.855522 -11.115568 1.000000
17551 44.854664 -56.441753 -10.802620 1.000000
17552 45.399593 -55.539452 -11.415731 1.000000
17553 43.883896 -56.214699 -10.489763 1.000000
17554 40.779152 -57.382942 -11.170118 1.000000
17555 42.001167 -55.933357 -10.607095 1.000000
17556 41.275234 -55.852943 -11.231054 1.000000
17558 40.712505 -55.606987 -11.933655 1.000000
17559 39.622948 -63.301258 -14.522764 1.000000
17560 39.533207 -61.818653 -13.680905 1.000000
17561 39.646954 -61.743805 -14.755121 1.000000
17562 40.405937 -58.119347 -16.116812 1.000000
17563 40.165398 -58.351105 -15.104782 1.000000
17564 40.180653 -56.573364 -15.089360 1.000000
17565 40.201012 -55.044201 -14.040186 1.000000
17566 40.250477 -54.695801 -15.123533 1.000000
17568 40.534111 -54.316448 -16.170744 1.000000
17569 41.336742 -55.083885 -18.783854 1.000000
18857 46.141254 -72.071800 4.774135 1.000000
18859 47.016979 -75.691727 2.530546 1.000000
18860 46.550545 -74.392349 2.595298 1.000000
18861 46.192566 -75.110359 2.136834 1.000000
18862 45.222565 -74.505363 1.670529 1.000000
18863 45.850487 -75.700363 1.742298 1.000000
18864 45.467506 -81.172638 2.712585 1.000000
18865 46.590172 -79.954971 2.799897 1.000000
18866 45.774742 -80.829727 1.886597 1.000000
18867 45.455944 -80.046608 -0.923790 1.000000
18868 45.951550 -79.491287 0.388604 1.000000
18869 45.562263 -78.798210 -0.334015 1.000000
18870 45.335442 -77.357010 0.300402 1.000000
18871 44.922127 -78.121765 -0.966760 1.000000
18872 44.156258 -77.596176 -1.608911 1.000000
18873 44.529873 -78.672653 -2.190774 1.000000
18874 44.124065 -80.323112 -5.719295 1.000000
18875 44.002842 -79.526283 -4.983130 1.000000
18876 44.180420 -79.461014 -6.485003 1.000000
18877 43.889519 -78.673317 -7.224242 1.000000
18878 44.601887 -79.441635 -7.811834 1.000000
18879 34.495155 -86.721680 -1.813859 1.000000
18880 35.954350 -85.977684 -1.713603 1.000000
18881 35.629021 -87.419754 -2.104659 1.000000
18884 38.145237 -87.363693 -4.172639 1.000000
18885 39.431202 -86.399124 -3.797051 1.000000
18886 38.438904 -86.457970 -4.932224 1.000000
18887 33.596279 -89.819664 -9.630045 1.000000
18888 34.019218 -88.892479 -8.249483 1.000000
18889 35.095264 -88.213051 -9.576880 1.000000
18890 39.789238 -86.190598 -9.720286 1.000000
18891 38.362911 -86.178543 -8.836245 1.000000
18892 39.850964 -85.456833 -8.458432 1.000000
18893 39.917065 -84.723427 -6.955875 1.000000
18894 41.247883 -84.482094 -8.006711 1.000000
18895 42.298965 -83.296593 -7.406544 1.000000
18896 42.400330 -84.023827 -8.799761 1.000000
18897 43.620903 -82.753899 -11.742400 1.000000
18898 44.072529 -82.304787 -10.515780 1.000000
18899 44.401691 -81.316010 -11.149186 1.000000
18900 44.897182 -79.887833 -10.492261 1.000000
18901 44.434380 -80.191391 -11.753787 1.000000
18902 44.345299 -79.103775 -11.982570 1.000000
18903 43.887329 -80.396347 -12.715075 1.000000
18904 41.192909 -81.765717 -13.852133 1.000000
18905 42.217999 -80.478745 -13.828389 1.000000
18906 41.263378 -80.370132 -13.895200 1.000000
18907 41.186310 -79.203232 -14.122821 1.000000
18908 40.151184 -80.109398 -13.835431 1.000000
18915 37.865421 -79.705551 -13.500168 1.000000
18916 36.590797 -79.674545 -13.370860 1.000000
18917 36.793213 -78.469627 -13.971517 1.000000
18918 35.360771 -79.729584 -13.076868 1.000000
18920 34.015572 -79.337128 -12.088569 1.000000
18921 33.607807 -79.063171 -11.717322 1.000000
18922 33.972282 -77.584229 -12.249156 1.000000
18923 33.264446 -78.723648 -11.112890 1.000000
21433 52.199097 -51.793171 8.887617 1.000000
21434 52.996552 -52.642017 9.192308 1.000000
21435 54.263203 -53.115601 8.894995 1.000000
21436 53.592358 -53.622375 9.600995 1.000000
21437 53.886829 -56.105324 10.731779 1.000000
21438 54.367096 -55.629314 10.096519 1.000000
21439 54.317078 -56.484245 9.998133 1.000000
21440 54.583733 -56.776245 9.264812 1.000000
21441 53.764893 -56.995544 9.734659 1.000000
21453 50.443733 -57.519135 13.852313 1.000000
21455 51.154247 -57.096485 14.229990 1.000000
21457 51.793343 -57.043526 13.484167 1.000000
21458 52.410454 -56.971313 12.824018 1.000000
21459 51.781261 -57.387524 12.533285 1.000000
21460 49.385517 -56.742695 9.625326 1.000000
21461 50.782597 -56.982368 10.313251 1.000000
21462 50.488392 -56.751057 8.972509 1.000000
21463 51.605145 -56.891693 8.518819 1.000000
21464 50.309395 -56.828896 7.587854 1.000000
21465 50.347324 -57.432686 6.359649 1.000000
21466 49.183811 -57.109016 6.985641 1.000000
21467 45.845589 -57.550365 7.592845 1.000000
21468 46.984489 -57.894951 6.817729 1.000000
21469 45.917099 -58.297890 7.026774 1.000000
21470 46.139275 -59.083107 6.624407 1.000000
21471 44.809978 -58.757721 7.281339 1.000000
21472 41.905369 -57.788158 12.223391 1.000000
21473 42.574455 -57.557678 10.880954 1.000000
21474 41.472214 -58.060291 11.109911 1.000000
21475 40.789005 -60.082813 9.453927 1.000000
21476 41.588638 -59.227882 9.399282 1.000000
21477 41.816124 -59.991577 8.648405 1.000000
21478 42.879845 -59.979942 7.919124 1.000000
21479 42.165546 -60.830650 7.882425 1.000000
21480 42.665119 -61.529072 7.220819 1.000000
21481 41.499218 -61.763111 7.794187 1.000000
21482 40.344257 -64.383133 8.716883 1.000000
21483 40.933258 -64.021996 7.860771 1.000000
21484 41.185791 -65.410027 8.033961 1.000000
21485 41.902626 -66.292931 7.450760 1.000000
21486 41.523277 -66.749527 8.276015 1.000000
21540 40.015339 -69.823807 17.804359 1.000000
21541 39.331890 -68.453186 18.288551 1.000000
21542 39.853554 -69.293030 16.902390 1.000000
21543 40.563148 -68.710670 13.857435 1.000000
21544 39.585495 -68.134888 14.968801 1.000000
21545 39.512146 -67.387985 14.082045 1.000000
21546 38.579590 -65.826035 14.211748 1.000000
21547 39.534584 -66.498703 13.082483 1.000000
21548 39.637543 -65.769882 11.947024 1.000000
21549 40.542862 -67.164841 12.013993 1.000000
21550 43.591396 -69.903397 10.621394 1.000000
21551 42.363491 -68.846191 10.466661 1.000000
21552 43.450298 -69.760117 9.735331 1.000000
21553 43.380375 -69.415634 8.829660 1.000000
21554 44.673790 -70.505058 9.022455 1.000000
21555 45.716911 -70.994545 8.161157 1.000000
21572 37.970947 -78.538658 4.290152 1.000000
21573 39.368919 -79.164993 4.035524 1.000000
21574 37.635151 -79.336990 3.210824 1.000000
21575 37.275513 -80.187233 2.328090 1.000000
21576 35.953945 -79.694809 2.502459 1.000000
21597 31.107716 -81.133286 3.269372 1.000000
21599 30.960876 -82.044777 2.217095 1.000000
21600 30.971466 -83.055283 1.087717 1.000000
21601 29.641552 -83.334717 2.522115 1.000000
21605 27.288097 -88.616020 2.798913 1.000000
21606 27.293255 -89.165985 4.133158 1.000000
21613 27.000317 -91.977921 4.266231 1.000000
21614 26.927896 -93.335609 4.303968 1.000000
22499 32.246483 -78.038101 -9.836883 1.000000
22582 35.819748 -60.733849 -16.009708 1.000000
22583 36.559280 -58.761971 -16.695971 1.000000
22584 37.919807 -57.901745 -17.874323 1.000000
22585 37.163788 -56.908974 -17.317965 1.000000
22586 37.459492 -52.062946 -18.090828 1.000000
22587 38.368286 -53.015785 -18.580223 1.000000
22644 57.261517 -50.877552 5.512035 1.000000
22645 56.310619 -49.891689 5.219161 1.000000
22646 57.149666 -49.854988 4.789027 1.000000
22659 55.645794 -59.965424 4.478747 1.000000
22660 56.496735 -58.904457 4.584484 1.000000
22661 57.328514 -59.520485 4.260728 1.000000
22662 59.958447 -56.609947 2.412524 1.000000
22663 59.701935 -56.886284 3.115509 1.000000
22664 60.405556 -55.327648 2.511744 1.000000
22665 60.769592 -54.015846 2.735646 1.000000
22667 58.765053 -53.023590 -1.360115 1.000000
22704 44.290951 -70.878769 3.156782 1.000000
22705 43.541767 -69.304001 3.553057 1.000000
22706 43.066208 -69.958015 2.626449 1.000000
22707 41.644539 -67.872253 1.228307 1.000000
22708 41.817879 -67.316483 1.791191 1.000000
22709 41.859642 -65.634644 1.464153 1.000000
22710 42.839252 -63.584045 1.897052 1.000000
22711 42.301548 -63.808281 1.253516 1.000000
22712 40.731003 -70.321930 -1.641571 1.000000
22713 40.942963 -69.633461 -0.630125 1.000000
22714 40.703846 -67.892799 -1.330821 1.000000
22715 43.496273 -61.532368 -1.504178 1.000000
22716 42.160259 -62.903084 -0.831791 1.000000
22717 43.855431 -60.938377 -0.550685 1.000000
22718 44.423233 -60.678905 0.331659 1.000000
22719 45.947048 -59.644573 -0.281028 1.000000
22720 47.735126 -58.820354 -0.372352 1.000000
22721 47.442451 -58.932697 -1.146859 1.000000
22722 50.575489 -58.988396 -3.390432 1.000000
22723 50.505432 -58.351593 -2.711137 1.000000
22724 51.842388 -58.306297 -3.650793 1.000000
22725 52.642159 -57.613873 -4.089261 1.000000
22726 52.916115 -58.054852 -4.668183 1.000000
22727 44.588299 -72.119339 -9.922664 1.000000
22728 44.248608 -72.063812 -8.869844 1.000000
22729 44.580555 -70.311356 -9.206021 1.000000
22730 44.678043 -65.040466 -7.622252 1.000000
22731 44.117775 -66.657196 -7.695789 1.000000
22732 44.378071 -64.831894 -6.873656 1.000000
22733 44.072102 -64.526550 -6.260631 1.000000
22734 45.399834 -63.204670 -6.467936 1.000000
22735 48.675922 -58.966095 -9.015907 1.000000
22736 47.327423 -60.316528 -8.106012 1.000000
22737 49.458809 -59.468788 -8.609260 1.000000
22738 52.174213 -61.790092 -8.210035 1.000000
22739 50.311378 -61.312603 -7.889975 1.000000
22740 50.394722 -62.027596 -7.375961 1.000000
22741 48.588585 -62.192497 -6.451621 1.000000
22742 50.518700 -62.203808 -6.606477 1.000000
22743 50.613914 -61.575401 -5.596349 1.000000
22744 52.480335 -61.772449 -6.486269 1.000000
22745 55.887951 -57.484749 -8.200637 1.000000
22746 54.839668 -58.897346 -7.060120 1.000000
22747 55.021038 -56.714661 -7.594567 1.000000
22748 54.261066 -56.040840 -6.767090 1.000000
22749 54.552979 -54.835358 -8.125203 1.000000
22750 53.854259 -53.027367 -8.282176 1.000000
22751 54.519463 -53.707256 -9.187048 1.000000
22753 54.435890 -51.058296 -10.714181 1.000000
23374 42.943684 -64.943924 6.228652 1.000000
23375 43.738228 -64.077377 5.724034 1.000000
23376 43.414547 -65.327133 5.622554 1.000000
23377 43.576591 -65.712868 4.820836 1.000000
23378 43.245346 -65.882881 4.013888 1.000000
23379 35.843365 -75.637169 -14.058889 1.000000
23380 37.435066 -74.155594 -14.482527 1.000000
23381 36.848862 -73.779587 -13.771541 1.000000
23382 37.641533 -71.956467 -13.388087 1.000000
23383 38.018456 -70.108864 -13.445066 1.000000
23384 38.181721 -68.626877 -14.053988 1.000000
23385 37.025227 -69.793350 -13.134242 1.000000
23386 36.053944 -69.679871 -13.172839 1.000000
23387 35.208828 -69.663193 -13.396152 1.000000
23644 40.012409 -81.579559 2.488644 1.000000
23645 40.970158 -82.309853 2.420377 1.000000
23646 39.643288 -82.634689 1.431184 1.000000
23647 39.391670 -83.745766 0.392032 1.000000
23648 38.968105 -84.818436 -0.571378 1.000000
24162 48.670494 -60.471031 18.693243 1.000000
24163 46.821735 -59.926502 18.358208 1.000000
24164 45.045746 -59.271221 17.972860 1.000000
24165 43.539207 -58.678955 17.301533 1.000000
24166 43.894783 -59.268089 18.435249 1.000000
24167 42.537807 -59.404701 18.849350 1.000000
24168 41.328995 -59.636852 19.111624 1.000000
24177 42.780792 -74.569252 21.282843 1.000000
24178 42.776104 -73.948456 20.088091 1.000000
24179 42.597771 -73.350807 18.931734 1.000000
24180 43.650520 -74.439507 18.604553 1.000000
24269 61.625225 -37.504902 11.856917 1.000000
24271 59.941750 -37.890266 11.638544 1.000000
24400 56.350533 -56.024059 8.158717 1.000000
24401 57.448742 -55.257324 7.591164 1.000000
24402 56.869598 -56.171112 7.300236 1.000000
24403 57.337105 -56.269970 6.260135 1.000000
24404 57.959862 -56.428234 5.217395 1.000000
24405 54.864216 -54.487995 -3.714519 1.000000
24406 55.836906 -53.544029 -3.541167 1.000000
24407 55.356220 -53.214500 -4.149913 1.000000
24408 55.795753 -51.723778 -4.798860 1.000000
24409 56.270855 -50.186432 -5.342734 1.000000
24411 55.449196 -49.726639 -5.974733 1.000000
24412 54.651344 -49.403492 -6.760434 1.000000
24413 54.147987 -49.408882 -7.645276 1.000000
24414 42.124516 -76.763290 -5.843503 1.000000
24415 41.398460 -75.227882 -5.111723 1.000000
24416 41.682232 -75.336937 -6.377412 1.000000
24417 41.996681 -73.695084 -6.672817 1.000000
24418 42.680004 -72.035622 -6.928112 1.000000
24419 47.776554 -57.282520 -11.256903 1.000000
24420 48.817509 -57.140526 -11.339716 1.000000
24421 49.310818 -56.792717 -12.448226 1.000000
24422 50.798634 -56.539135 -14.002482 1.000000
24423 52.237892 -56.515572 -15.406871 1.000000
24424 53.582436 -56.481506 -16.413488 1.000000
24425 52.386456 -56.140343 -16.637190 1.000000
24426 52.502869 -55.331154 -17.690441 1.000000
24429 52.140572 -53.335815 -18.019608 1.000000
24430 51.484455 -52.470356 -17.445986 1.000000
25480 48.921593 -59.984020 5.608729 1.000000
25481 50.555950 -60.475647 5.170166 1.000000
25482 49.467949 -60.729034 5.284356 1.000000
25483 50.087505 -61.621185 5.057148 1.000000
25484 50.616699 -62.305321 4.562102 1.000000
25485 47.610325 -61.597046 3.106771 1.000000
25486 48.626713 -61.469887 2.986284 1.000000
25487 48.500984 -60.672630 2.477003 1.000000
25488 49.534302 -59.725330 1.778856 1.000000
25489 50.586891 -58.680748 0.985376 1.000000
25490 51.599041 -57.709156 -0.047423 1.000000
25491 50.522266 -58.106140 0.148945 1.000000
25492 50.488239 -57.812645 -0.605154 1.000000
25493 50.506195 -57.671284 -1.239728 1.000000
25494 43.243263 -76.883720 -13.756711 1.000000
25495 44.137615 -75.240570 -13.249077 1.000000
25496 44.125401 -75.276443 -14.313972 1.000000
25497 45.072578 -73.480057 -14.928548 1.000000
25498 45.623909 -71.189491 -15.307340 1.000000
25499 43.338703 -68.010422 -15.634504 1.000000
25500 44.250023 -67.910103 -15.579414 1.000000
25501 43.388542 -66.698288 -14.677450 1.000000
25502 43.192806 -65.132301 -13.600746 1.000000
25503 43.122646 -63.485664 -12.522299 1.000000
25504 43.211819 -61.920898 -11.638907 1.000000
25505 42.348660 -62.307495 -11.540632 1.000000
25506 41.846703 -60.788830 -10.663733 1.000000
25507 41.766163 -58.974224 -10.270482 1.000000
25508 42.189651 -57.387348 -10.197360 1.000000
25509 41.061840 -59.100586 -10.607108 1.000000
25510 40.484695 -58.996204 -11.145962 1.000000
25511 40.084751 -58.834156 -11.885361 1.000000
25512 39.959549 -63.335407 -16.542271 1.000000
25513 39.945271 -61.794014 -15.779669 1.000000
25514 40.255585 -61.669029 -16.745152 1.000000
25515 40.543716 -59.811012 -16.914717 1.000000
25516 40.683952 -57.829681 -17.033070 1.000000
25517 40.757061 -55.802513 -17.125727 1.000000
25518 40.991753 -57.413574 -17.892941 1.000000
25519 41.038170 -56.999195 -18.606146 1.000000
25520 40.697762 -56.420479 -19.095510 1.000000
26293 47.723339 -76.172752 3.388615 1.000000
26294 47.332893 -77.029343 2.527280 1.000000
26295 44.362461 -82.848061 0.169008 1.000000
26296 45.250401 -81.542923 0.640441 1.000000
26297 44.741058 -82.065666 -0.659728 1.000000
26298 44.817078 -81.310509 -1.407264 1.000000
26299 44.856625 -80.646942 -2.110085 1.000000
26300 44.646099 -79.929153 -2.814927 1.000000
26301 44.421257 -81.115868 -3.455735 1.000000
26302 44.064888 -81.244652 -4.899279 1.000000
26303 43.878616 -81.310036 -6.386752 1.000000
26308 35.696602 -88.281357 -5.311333 1.000000
26310 36.445389 -87.970398 -10.640878 1.000000
26311 37.815544 -87.982399 -11.397931 1.000000
26313 41.080223 -85.827171 -10.440125 1.000000
26314 42.299366 -84.684242 -10.099961 1.000000
26316 42.715004 -84.251022 -12.108854 1.000000
26317 42.943077 -83.122932 -12.721109 1.000000
26318 43.092049 -81.875229 -13.130316 1.000000
26319 42.089970 -83.381836 -13.493405 1.000000
26320 40.995354 -83.338814 -13.883034 1.000000
26321 39.820068 -83.083267 -13.858015 1.000000
27836 51.789604 -53.769417 10.749898 1.000000
27837 52.972088 -54.199780 10.321187 1.000000
27838 52.509956 -54.681694 11.115138 1.000000
27839 53.147717 -55.620827 11.309491 1.000000
27840 53.422901 -56.423035 11.368421 1.000000
27848 48.743889 -57.539818 14.539642 1.000000
27849 49.052101 -57.371613 13.595289 1.000000
27850 49.618031 -57.236561 12.745336 1.000000
27851 50.394005 -57.243206 12.048979 1.000000
27852 48.899010 -56.997383 11.578682 1.000000
27853 48.353302 -56.799000 10.356484 1.000000
27854 48.108837 -56.650230 9.041372 1.000000
27855 48.039669 -56.860981 7.777853 1.000000
27856 46.892868 -56.739117 8.620378 1.000000
27857 45.808235 -57.012268 8.480196 1.000000
27858 44.745918 -57.441780 8.491220 1.000000
27861 39.836880 -59.571808 11.589768 1.000000
27862 39.902454 -60.309551 10.501590 1.000000
27863 40.112740 -61.157318 9.389034 1.000000
27864 40.524029 -62.031513 8.496317 1.000000
27865 39.707115 -62.310719 9.419553 1.000000
27866 39.657509 -63.514687 9.503569 1.000000
27867 39.962456 -64.802383 9.663838 1.000000
27900 41.784081 -71.187668 15.245298 1.000000
27901 40.735634 -70.001427 15.488912 1.000000
27902 41.722054 -70.512146 14.521936 1.000000
27903 41.636742 -69.794937 13.733490 1.000000
27904 41.537697 -69.040665 12.908670 1.000000
27905 41.545231 -68.353851 12.167246 1.000000
27906 42.612686 -69.518692 12.197209 1.000000
27907 43.784733 -70.157661 11.437223 1.000000
27918 41.503986 -78.320175 5.757870 1.000000
28525 33.188076 -58.491314 -15.032437 1.000000
28526 34.925415 -56.914909 -15.538974 1.000000
28527 36.593895 -55.657360 -16.672817 1.000000
28528 35.761909 -54.796864 -15.990889 1.000000
28529 36.250450 -52.816505 -16.719513 1.000000
28563 59.005634 -50.673553 4.849599 1.000000
28564 58.089165 -49.699219 4.352589 1.000000
28565 59.109112 -49.496201 3.939105 1.000000
28572 56.820496 -60.632439 3.471822 1.000000
28573 57.937855 -59.709179 3.718344 1.000000
28574 58.241127 -59.450939 2.920865 1.000000
28575 59.309582 -57.798546 2.325200 1.000000
28576 60.061226 -56.023407 1.514036 1.000000
28599 43.652035 -72.252586 1.638406 1.000000
28600 42.723305 -70.720764 1.918394 1.000000
28601 42.562614 -71.358322 1.324947 1.000000
28602 41.854988 -70.046951 1.000223 1.000000
28603 41.496334 -68.451942 0.683045 1.000000
28604 41.180031 -66.588127 -3.045761 1.000000
28605 41.073765 -65.929909 -2.023458 1.000000
28606 41.912590 -64.198097 -2.546744 1.000000
28607 43.263817 -62.144661 -2.270426 1.000000
28608 45.306061 -60.435932 -2.159920 1.000000
28609 47.213310 -59.252167 -2.072698 1.000000
28610 47.043095 -59.840282 -2.924046 1.000000
28611 48.827404 -59.717113 -3.517413 1.000000
28612 50.689091 -59.732635 -4.075419 1.000000
28613 45.127930 -68.853012 -10.255312 1.000000
28614 44.845284 -68.732048 -9.362933 1.000000
28615 45.023537 -67.058510 -9.506917 1.000000
28616 44.935558 -65.194153 -8.485205 1.000000
28617 45.225105 -63.414410 -7.658862 1.000000
28618 52.598717 -58.789085 -10.229289 1.000000
28619 51.360405 -59.570232 -9.120307 1.000000
28620 53.274738 -59.871056 -9.674227 1.000000
28621 53.834839 -60.930840 -9.089938 1.000000
28622 54.066353 -61.702404 -8.299544 1.000000
28623 54.232727 -61.447460 -7.398099 1.000000
28624 55.755573 -60.511497 -8.374829 1.000000
28625 56.649902 -58.248058 -8.808684 1.000000
28626 56.261097 -56.194786 -9.499115 1.000000
28627 55.360626 -54.410774 -9.869177 1.000000
28628 56.083241 -54.968006 -10.545014 1.000000
29578 45.198318 -61.502979 6.302826 1.000000
29579 46.561886 -61.724590 5.829921 1.000000
29580 45.825417 -62.126343 5.811885 1.000000
29581 46.423981 -62.627289 5.302793 1.000000
29582 46.757893 -62.785522 4.588199 1.000000
29583 44.724823 -63.449390 5.170581 1.000000
29584 45.855644 -63.012779 4.533646 1.000000
29585 46.746429 -62.405190 3.793248 1.000000
29586 46.520752 -61.959190 3.276142 1.000000
29587 46.324806 -61.473244 2.756608 1.000000
29588 45.989979 -61.145348 2.359260 1.000000
29589 39.666599 -76.672958 -15.595381 1.000000
29590 41.514759 -74.947632 -15.957728 1.000000
29591 40.372665 -74.847565 -15.950864 1.000000
29592 41.163502 -72.860184 -15.972090 1.000000
29593 41.840263 -70.954597 -16.082613 1.000000
29594 39.173054 -72.554276 -14.819590 1.000000
29595 40.838791 -70.901039 -15.489576 1.000000
29596 42.357906 -69.409599 -16.024448 1.000000
29597 42.508892 -67.916008 -15.489988 1.000000
29598 41.755836 -66.586555 -14.432398 1.000000
29599 40.868908 -65.180931 -13.518251 1.000000
29600 40.228115 -63.760521 -12.921977 1.000000
29601 40.263145 -64.908142 -13.727896 1.000000
29602 39.851875 -64.744858 -14.441800 1.000000
29603 39.705009 -64.715645 -15.389453 1.000000
29604 38.433456 -67.443436 -14.968485 1.000000
29605 38.926910 -66.093277 -15.832044 1.000000
29609 37.777199 -64.126907 -17.236252 1.000000
30211 45.030518 -81.358963 3.455136 1.000000
30212 44.152760 -82.425514 2.320186 1.000000
30213 41.928261 -82.968849 2.177171 1.000000
30214 42.843102 -83.320023 1.660087 1.000000
30215 43.721886 -83.354927 0.933458 1.000000
30216 43.198822 -84.100967 -0.477257 1.000000
30217 42.489845 -84.621925 -1.911458 1.000000
30218 41.756138 -84.755440 -3.046106 1.000000
30219 30.416992 -92.288490 -7.547119 1.000000
30220 31.834021 -90.793129 -7.484456 1.000000
30222 32.305126 -91.408676 -9.671949 1.000000
31423 46.064426 -57.518604 14.478414 1.000000
31424 44.957939 -57.282539 13.314127 1.000000
31425 44.217697 -57.265553 12.056331 1.000000
31426 43.742870 -57.471489 13.363879 1.000000
31427 42.556629 -57.664497 13.471870 1.000000
31428 41.396194 -57.993782 13.727974 1.000000
31429 42.238770 -58.249012 16.349316 1.000000
31430 41.133057 -58.274696 15.151843 1.000000
31431 40.397259 -58.529583 13.941908 1.000000
31432 39.474415 -59.266846 14.151825 1.000000
31458 39.656258 -69.469467 20.255478 1.000000
31459 40.253288 -70.341446 18.634464 1.000000
31460 40.958645 -71.179153 17.308807 1.000000
31461 42.368713 -72.914467 17.844917 1.000000
31462 42.030571 -72.523880 16.994150 1.000000
31463 41.829712 -71.891220 16.106607 1.000000
31950 30.487665 -56.399071 -15.438840 1.000000
31972 55.412128 -51.919853 7.515778 1.000000
31973 55.530621 -50.968018 6.638985 1.000000
31974 56.383972 -51.947914 6.965722 1.000000
31975 57.231133 -51.936363 6.445153 1.000000
31976 58.045856 -51.937183 5.969314 1.000000
31977 58.256824 -54.263573 6.905612 1.000000
31978 58.785542 -53.143898 6.334390 1.000000
31979 58.893578 -51.840992 5.584147 1.000000
31980 59.692604 -51.853310 5.066004 1.000000
31981 60.503723 -51.732399 4.541003 1.000000
31983 55.932182 -56.943916 0.061302 1.000000
31984 57.254852 -56.400978 0.417554 1.000000
31985 56.765331 -55.290443 -0.526793 1.000000
31986 57.535877 -53.586189 -1.483276 1.000000
31987 58.364391 -52.263710 -2.596779 1.000000
31988 57.010609 -52.697826 -3.632823 1.000000
32004 43.203896 -74.859779 -0.475391 1.000000
32005 42.433426 -73.071808 -0.191519 1.000000
32006 42.300255 -73.715744 -1.091429 1.000000
32007 41.261059 -72.496765 -1.983877 1.000000
32008 40.739998 -70.876770 -2.863769 1.000000
32009 40.890984 -73.521614 -4.485783 1.000000
32010 40.780201 -71.376976 -4.038445 1.000000
32011 40.868343 -69.007973 -3.602410 1.000000
32012 41.482243 -67.198494 -4.142761 1.000000
32013 42.376972 -65.302048 -4.572079 1.000000
32014 43.455086 -63.794903 -4.832780 1.000000
32015 44.783817 -61.582367 -9.926130 1.000000
32016 45.138248 -61.488823 -9.075896 1.000000
32017 45.860020 -59.836079 -9.123819 1.000000
32018 47.814152 -58.691029 -9.325816 1.000000
32019 49.775604 -58.102478 -10.023031 1.000000
32020 49.821953 -57.280144 -11.418475 1.000000
32021 50.715130 -57.568073 -11.205328 1.000000
32022 51.704723 -57.968315 -10.821460 1.000000
32023 53.339222 -58.109444 -11.445808 1.000000
32024 54.728424 -58.278992 -12.216430 1.000000
32025 55.843834 -57.915211 -12.861880 1.000000
32026 56.634460 -56.752483 -13.311615 1.000000
32027 56.246391 -57.262280 -14.348648 1.000000
32030 54.882668 -56.234627 -17.237679 1.000000
32674 34.098225 -83.074448 -0.573598 1.000000
32675 35.244576 -83.643234 -0.994613 1.000000
32676 33.779877 -84.456551 -1.181502 1.000000
32677 33.381626 -86.159988 -1.482224 1.000000
32678 32.959480 -87.737442 -2.024995 1.000000
33782 49.630234 -61.355083 20.180769 1.000000
33783 48.262104 -61.533520 20.739355 1.000000
34270 52.852234 -58.212074 5.476615 1.000000
34271 54.266380 -58.319313 5.230432 1.000000
34272 53.453789 -59.169415 4.959548 1.000000
34273 54.136627 -60.092339 4.684516 1.000000
34274 54.762196 -60.851673 4.415910 1.000000
34275 52.224010 -61.101624 4.820474 1.000000
34276 53.818176 -61.524231 4.477869 1.000000
34277 55.321716 -61.432545 4.061722 1.000000
34278 55.679790 -61.432396 3.321082 1.000000
34279 55.662743 -60.799713 2.457716 1.000000
34280 55.466774 -59.643574 1.834464 1.000000
34281 47.936672 -62.078026 5.237483 1.000000
34282 49.523582 -62.462456 4.516131 1.000000
34283 51.000725 -62.400848 3.596860 1.000000
34284 49.769592 -61.440277 2.876980 1.000000
34285 50.972408 -61.615173 2.878277 1.000000
34286 52.198425 -61.724762 2.817546 1.000000
34287 53.092834 -60.824638 2.409207 1.000000
34288 54.145863 -59.707020 1.858402 1.000000
34289 55.153515 -58.431847 1.011664 1.000000
34290 54.785835 -57.159607 0.130809 1.000000
34291 54.507301 -56.040443 -1.011936 1.000000
34292 54.250664 -55.319405 -2.176533 1.000000
34293 52.476105 -56.867016 -1.144707 1.000000
34294 53.260944 -56.057171 -2.194144 1.000000
34295 54.069550 -55.312878 -3.157401 1.000000
34296 54.085114 -55.506569 -3.876836 1.000000
34297 53.895092 -55.552967 -4.388870 1.000000
34298 53.641541 -55.475330 -4.786595 1.000000
34299 44.372978 -76.650070 -10.316060 1.000000
34300 43.969112 -75.248184 -9.494360 1.000000
34301 44.346764 -75.193649 -10.447680 1.000000
34302 44.473118 -73.697716 -10.610720 1.000000
34303 44.817005 -72.067299 -10.902893 1.000000
34304 44.762230 -73.558334 -12.640610 1.000000
34305 45.101143 -71.924416 -11.903432 1.000000
34306 45.245228 -70.444435 -11.085274 1.000000
34307 45.302193 -68.595749 -11.273285 1.000000
34308 45.299355 -66.717155 -11.362280 1.000000
34309 45.191132 -64.927795 -11.342041 1.000000
34310 43.505077 -73.200836 -16.136013 1.000000
34311 45.077229 -71.177452 -16.013968 1.000000
34312 45.907387 -68.816597 -15.441603 1.000000
34313 45.021400 -67.593864 -15.462955 1.000000
34314 45.706749 -66.928032 -15.046511 1.000000
34315 46.007206 -66.931999 -14.419317 1.000000
34316 45.606632 -65.702599 -13.362099 1.000000
34317 45.120232 -64.543266 -12.283369 1.000000
34318 44.841419 -63.148296 -11.110531 1.000000
34319 44.612099 -61.533794 -10.552328 1.000000
34320 45.024994 -60.140785 -10.152728 1.000000
34321 45.701042 -58.987740 -10.140517 1.000000
34322 43.634712 -60.456318 -10.825598 1.000000
34323 44.878204 -59.062256 -10.383737 1.000000
34324 46.404610 -58.024303 -10.527624 1.000000
34325 46.822060 -57.225098 -11.300224 1.000000
34326 47.161396 -56.416126 -12.275183 1.000000
34327 47.462475 -55.692574 -13.337496 1.000000
34328 48.007103 -54.845745 -14.220441 1.000000
34329 46.686573 -55.128899 -12.816716 1.000000
34332 42.874550 -56.112846 -10.363202 1.000000
34333 43.739113 -54.803883 -10.895407 1.000000
34338 39.827892 -62.126984 -12.706386 1.000000
34339 39.690666 -60.289867 -12.689925 1.000000
34340 39.866611 -58.722309 -12.751724 1.000000
34341 39.879284 -59.984192 -14.868777 1.000000
34342 39.903214 -58.559601 -13.938210 1.000000
34343 40.178753 -57.055138 -12.924452 1.000000
34344 40.330956 -55.368355 -12.912282 1.000000
34350 40.882153 -54.017231 -17.174597 1.000000
35926 44.748188 -70.096741 6.325889 1.000000
35927 44.244991 -69.666756 5.305356 1.000000
35928 45.126728 -70.961800 5.025587 1.000000
35929 45.277443 -71.578514 3.864480 1.000000
35930 45.193920 -72.125076 2.948912 1.000000
35931 47.027233 -73.684708 3.398921 1.000000
35932 46.004799 -73.249039 2.786662 1.000000
35933 44.794014 -72.733894 2.254025 1.000000
35934 44.487495 -73.431770 1.569316 1.000000
35935 44.264175 -74.067513 1.097812 1.000000
35936 44.085197 -74.620560 0.663614 1.000000
35937 47.252090 -78.942673 3.596088 1.000000
35938 47.138580 -78.550797 2.659035 1.000000
35939 46.934212 -77.805801 2.015666 1.000000
35940 45.973995 -80.212326 1.105421 1.000000
35941 46.487156 -78.648018 1.379550 1.000000
35942 46.423210 -77.100288 1.689398 1.000000
35943 45.613541 -76.412086 1.200765 1.000000
35944 44.797985 -75.981888 0.640799 1.000000
35945 43.947815 -75.432083 0.006029 1.000000
35946 43.752327 -76.166405 -0.944687 1.000000
35947 43.399925 -76.689468 -2.115087 1.000000
35948 43.047974 -77.216431 -3.296651 1.000000
35949 44.141052 -79.233994 -3.463754 1.000000
35950 43.578468 -78.458084 -4.084657 1.000000
35951 42.807426 -77.640877 -4.913773 1.000000
35952 42.946781 -77.875122 -6.554815 1.000000
35953 43.626060 -77.750603 -7.900281 1.000000
35954 44.240826 -77.601181 -9.024442 1.000000
35955 36.404266 -84.447952 -1.206870 1.000000
35956 37.487171 -85.270767 -1.336895 1.000000
35957 38.534466 -85.844536 -1.370274 1.000000
35958 36.680656 -87.890686 -2.571843 1.000000
35959 38.053394 -87.046494 -2.190647 1.000000
35960 39.426857 -86.357468 -1.679627 1.000000
35961 40.216789 -86.296852 -2.633005 1.000000
35962 40.620987 -85.623466 -3.498325 1.000000
35963 40.931194 -84.566063 -4.113994 1.000000
35964 33.312782 -89.454170 -7.047563 1.000000
35965 34.788818 -88.270798 -6.502162 1.000000
35966 36.119297 -87.236008 -6.246389 1.000000
35967 36.710888 -87.031265 -9.300494 1.000000
35968 37.014462 -86.313110 -7.597505 1.000000
35969 37.554272 -86.263306 -6.007512 1.000000
35970 38.905067 -85.368752 -5.742905 1.000000
35971 40.178440 -84.393364 -5.415898 1.000000
35972 41.382656 -83.504753 -4.870539 1.000000
35973 42.269348 -82.790245 -5.929608 1.000000
35974 43.274490 -82.285934 -6.918274 1.000000
35975 44.230461 -81.531662 -7.818470 1.000000
35976 43.348732 -83.266762 -9.702502 1.000000
35977 44.329182 -81.876053 -9.146278 1.000000
35978 44.767590 -80.557182 -8.477906 1.000000
35979 44.926228 -79.602959 -9.110118 1.000000
35980 44.813210 -78.622810 -9.735364 1.000000
35981 44.611313 -77.701263 -10.110531 1.000000
35982 44.471863 -77.864807 -11.158092 1.000000
35983 44.142628 -77.987350 -12.011446 1.000000
35984 43.460629 -78.108856 -12.658526 1.000000
35985 43.200348 -80.499931 -13.394450 1.000000
35986 43.066860 -79.269218 -13.372063 1.000000
35987 42.833729 -78.193810 -13.366658 1.000000
35988 42.146156 -78.080582 -14.027028 1.000000
35989 41.311161 -78.019539 -14.574964 1.000000
35990 40.295380 -77.903419 -14.951764 1.000000
35997 39.022228 -79.819107 -13.673398 1.000000
35998 39.097008 -78.738945 -14.303607 1.000000
35999 39.213631 -77.817276 -15.016329 1.000000
36000 38.129894 -77.627541 -14.938599 1.000000
36001 36.824089 -77.570755 -14.701385 1.000000
36002 35.875732 -77.394333 -14.238276 1.000000
36003 34.494671 -79.547134 -12.670513 1.000000
36004 34.824150 -78.232903 -13.134581 1.000000
36005 35.208023 -77.027412 -13.778669 1.000000
36006 34.821770 -76.637070 -13.233882 1.000000
36007 34.419270 -76.248367 -12.733385 1.000000
39026 52.236176 -49.597054 7.157731 1.000000
39027 53.224945 -50.638592 7.493474 1.000000
39035 52.711517 -51.230522 8.172615 1.000000
39036 54.111885 -51.554405 7.801814 1.000000
39037 54.844513 -52.516579 8.143291 1.000000
39038 55.434681 -53.601982 8.568523 1.000000
39039 55.875477 -54.605614 8.849639 1.000000
39040 54.090740 -54.624092 9.937318 1.000000
39041 55.034248 -55.053589 9.496574 1.000000
39042 55.820606 -55.586945 8.875119 1.000000
39043 55.463203 -56.348133 8.750345 1.000000
39044 54.662598 -56.890129 8.248177 1.000000
39045 53.712463 -57.137890 7.442930 1.000000
39064 52.166107 -56.176777 12.808803 1.000000
39065 52.992504 -56.725292 12.083365 1.000000
39066 53.259819 -57.075294 11.212313 1.000000
39067 51.215679 -57.276421 11.463806 1.000000
39068 52.212128 -57.227882 10.826805 1.000000
39069 52.998627 -57.146484 10.236403 1.000000
39070 52.818001 -57.023438 9.272844 1.000000
39071 52.689686 -57.035530 8.009575 1.000000
39072 52.671021 -57.276436 6.472350 1.000000
39073 51.607044 -57.790337 5.866112 1.000000
39074 50.539028 -58.409351 5.661168 1.000000
39075 49.525257 -58.894085 5.747056 1.000000
39076 48.095757 -57.520142 6.798036 1.000000
39077 48.269703 -58.349854 6.196985 1.000000
39078 48.513359 -59.188519 5.834013 1.000000
39079 47.489079 -59.516487 5.971586 1.000000
39080 46.400108 -59.739845 6.242875 1.000000
39081 45.433216 -60.132305 6.606814 1.000000
39082 43.775455 -57.227539 10.741554 1.000000
39083 43.567616 -57.431633 9.595776 1.000000
39084 43.516907 -57.959251 8.754088 1.000000
39085 41.496910 -58.533611 10.196329 1.000000
39086 42.450645 -58.516277 9.085299 1.000000
39087 43.557549 -58.601490 8.107619 1.000000
39088 43.772678 -59.314117 7.610862 1.000000
39089 44.190029 -60.024536 7.243715 1.000000
39090 44.613129 -60.745323 6.783897 1.000000
39091 43.916218 -61.429302 6.787435 1.000000
39092 43.232140 -62.088886 6.692925 1.000000
39093 42.663490 -63.101006 6.581717 1.000000
39094 41.086617 -62.808495 7.727755 1.000000
39095 41.753967 -63.554920 7.115644 1.000000
39096 42.357830 -64.340439 6.622192 1.000000
39097 42.356926 -65.618935 6.765302 1.000000
39098 42.716503 -66.931625 6.956921 1.000000
39099 43.353561 -68.173988 7.177888 1.000000
39124 50.362488 -62.523743 22.090023 1.000000
39125 48.689724 -62.274719 21.682510 1.000000
39149 44.699848 -64.192062 24.291433 1.000000
39164 38.651039 -66.958450 18.711842 1.000000
39165 38.252525 -66.325195 17.684282 1.000000
39166 39.743076 -68.782707 15.907776 1.000000
39167 38.762367 -67.339096 16.310383 1.000000
39168 37.940308 -65.718376 16.642570 1.000000
39169 37.858711 -65.028358 15.492297 1.000000
39170 38.003510 -64.338135 14.247772 1.000000
39171 38.281940 -63.591606 13.025011 1.000000
39172 39.037010 -64.379715 11.841898 1.000000
39173 39.718853 -65.248093 10.785123 1.000000
39174 40.609406 -66.340538 10.021769 1.000000
39175 41.484077 -67.982719 11.186724 1.000000
39176 41.429291 -67.711891 10.218789 1.000000
39177 41.461803 -67.312431 9.292822 1.000000
39178 42.343323 -68.111618 8.646093 1.000000
39179 43.353100 -68.855881 8.000709 1.000000
39180 44.375336 -69.494507 7.238318 1.000000
39181 45.383183 -70.650017 7.211294 1.000000
39206 37.112274 -81.135406 1.375463 1.000000
39207 35.567467 -81.511726 0.587853 1.000000
39232 34.092587 -80.229996 2.002618 1.000000
39233 33.936867 -81.187904 0.970810 1.000000
39234 33.933174 -82.077438 0.176881 1.000000
39235 32.520748 -82.882469 0.015296 1.000000
39236 31.109268 -83.993263 0.137388 1.000000
39237 29.753857 -85.402008 0.366020 1.000000
39238 28.551794 -84.619904 2.897057 1.000000
39250 27.189579 -90.621101 4.258615 1.000000
40312 32.793758 -78.393196 -10.370591 1.000000
40313 33.016739 -76.826950 -11.123790 1.000000
40404 37.186558 -62.958019 -17.153856 1.000000
40412 36.597202 -61.717762 -16.682428 1.000000
40413 38.002678 -60.981274 -17.728046 1.000000
40414 38.827988 -59.170845 -18.290699 1.000000
40415 39.424690 -57.181358 -18.798090 1.000000
40416 39.972294 -55.300800 -19.198029 1.000000
40417 37.792976 -54.956848 -17.862257 1.000000
40418 39.170845 -54.116161 -18.860788 1.000000
40419 40.463264 -53.387562 -19.600080 1.000000
40486 55.455128 -50.024414 5.708881 1.000000
40504 55.695942 -58.142262 5.059588 1.000000
40505 57.258686 -57.644909 4.788566 1.000000
40506 58.577110 -56.724884 4.429829 1.000000
40507 58.689491 -58.408497 3.819242 1.000000
40508 59.181347 -56.912903 3.846383 1.000000
40509 59.373615 -55.458778 3.997325 1.000000
40510 60.144459 -54.153450 3.591080 1.000000
40513 58.626503 -55.760571 0.622826 1.000000
40514 59.796558 -55.095196 0.628367 1.000000
40558 43.610920 -68.730583 4.521789 1.000000
40559 43.080982 -67.713058 3.885099 1.000000
40560 42.746746 -66.389618 3.240882 1.000000
40561 42.220085 -68.813377 2.188390 1.000000
40562 42.215843 -66.819969 2.449983 1.000000
40563 42.769478 -64.974976 2.780730 1.000000
40564 43.360588 -63.528095 2.529236 1.000000
40565 44.325058 -62.159046 2.278218 1.000000
40566 45.447884 -61.023827 1.918762 1.000000
40567 41.561897 -71.198158 -0.011429 1.000000
40568 41.263451 -69.105736 0.069032 1.000000
40569 41.326195 -66.610886 0.295329 1.000000
40570 41.183025 -65.303329 -1.050493 1.000000
40571 41.480114 -64.727280 -0.204478 1.000000
40572 41.809292 -64.192490 0.541752 1.000000
40573 43.092037 -62.105408 0.868600 1.000000
40574 44.929260 -60.824760 1.289286 1.000000
40575 46.722710 -59.893494 1.382657 1.000000
40576 47.991997 -58.922249 0.418629 1.000000
40577 49.215305 -58.189159 -0.724204 1.000000
40578 50.415531 -57.706043 -1.611624 1.000000
40579 48.934616 -58.540070 -1.916382 1.000000
40580 50.413101 -58.030769 -2.113118 1.000000
40581 51.565269 -57.600243 -2.570613 1.000000
40582 52.518944 -57.331715 -3.572184 1.000000
40583 53.273010 -56.735596 -4.519802 1.000000
40584 53.508595 -55.626076 -5.364955 1.000000
40585 43.753662 -73.675789 -8.619067 1.000000
40586 43.594231 -72.102158 -7.940771 1.000000
40587 43.311001 -70.281052 -7.451894 1.000000
40588 44.286121 -68.573914 -8.476001 1.000000
40589 43.707130 -68.302536 -7.675119 1.000000
40590 43.025826 -68.137894 -6.750998 1.000000
40591 42.961224 -66.082687 -6.183751 1.000000
40592 43.652428 -64.178406 -5.632927 1.000000
40593 45.054199 -62.807117 -5.147768 1.000000
40594 45.668972 -61.727966 -8.340908 1.000000
40595 46.155136 -61.862419 -7.737185 1.000000
40596 46.589439 -62.040791 -7.176178 1.000000
40597 50.010170 -60.380882 -8.158903 1.000000
40598 48.379856 -61.372658 -7.303012 1.000000
40599 46.822968 -62.128258 -6.755139 1.000000
40600 47.037178 -62.362537 -6.314678 1.000000
40601 46.963112 -62.392109 -5.620798 1.000000
40602 46.882793 -62.004414 -4.914162 1.000000
40603 48.690102 -61.291840 -4.811943 1.000000
40604 50.821793 -60.597614 -4.852307 1.000000
40605 52.474709 -59.779564 -4.824203 1.000000
40606 54.087933 -60.614849 -6.552633 1.000000
40607 53.835033 -59.553017 -5.890130 1.000000
40608 53.411762 -58.674335 -5.277469 1.000000
40609 53.774345 -57.430145 -5.598516 1.000000
40610 53.767048 -55.706093 -6.029743 1.000000
40611 53.739887 -54.081837 -6.290717 1.000000
40612 53.660805 -52.538185 -7.250760 1.000000
40613 53.714836 -51.251198 -8.093593 1.000000
40614 53.982594 -49.898930 -8.713220 1.000000
40615 54.665688 -52.461342 -9.970428 1.000000
40616 54.189587 -50.475231 -9.738164 1.000000
40666 48.728199 -53.640053 -15.094434 1.000000
