#!ascii label, from cvs_avg35 to fsaverage6
318
305 36.914459 -84.581070 15.153049 1.000000
306 33.660057 -76.544106 17.731607 1.000000
568 25.046844 -94.344139 11.798326 1.000000
577 37.366161 -76.306892 9.120874 1.000000
578 29.178364 -86.841843 8.740394 1.000000
1252 25.912485 -72.754784 25.037018 1.000000
1275 42.981438 -74.764099 10.583438 1.000000
1276 40.525658 -77.151154 14.204027 1.000000
1277 32.605724 -84.335007 13.121778 1.000000
1278 33.758442 -85.733528 11.019808 1.000000
1279 31.005774 -89.404861 13.058250 1.000000
1280 27.405298 -91.889328 10.141759 1.000000
1701 40.178596 -81.231117 17.168461 1.000000
1703 35.049377 -81.785194 17.260559 1.000000
1704 30.763678 -79.808716 13.391294 1.000000
2337 28.149378 -76.656166 14.940989 1.000000
2365 48.763847 -74.994278 10.198969 1.000000
2368 36.273144 -80.915604 12.629991 1.000000
2369 32.720844 -80.811020 7.833887 1.000000
3168 24.375183 -77.321548 32.231277 1.000000
3170 25.032988 -74.382195 30.043854 1.000000
3195 42.875072 -76.004837 14.276892 1.000000
3196 42.780083 -77.764503 16.112085 1.000000
3197 29.724222 -84.718727 12.656552 1.000000
3198 31.425299 -86.764313 13.001745 1.000000
3199 29.122675 -87.513176 13.319687 1.000000
3799 34.553791 -79.172073 17.735016 1.000000
3800 33.778179 -80.146866 15.112933 1.000000
3801 32.491341 -77.860619 15.419668 1.000000
5267 40.048576 -74.936691 9.727880 1.000000
5268 43.154762 -76.107895 8.664926 1.000000
5269 39.988270 -76.572433 7.129405 1.000000
5271 36.810032 -77.312210 6.257466 1.000000
5272 38.324677 -82.968727 16.216236 1.000000
5273 38.384987 -81.255844 14.874021 1.000000
5274 37.015953 -83.199997 13.588283 1.000000
5275 31.365971 -86.340172 9.717049 1.000000
5276 32.992767 -83.403603 9.387679 1.000000
5277 30.699909 -83.991440 7.744829 1.000000
5278 30.833807 -81.209984 5.726084 1.000000
5280 27.765203 -85.248962 4.539145 1.000000
5282 26.624851 -93.320786 10.835547 1.000000
5284 27.009180 -94.932205 8.751569 1.000000
6863 28.496393 -71.273460 20.621880 1.000000
6864 26.892252 -73.567368 22.310551 1.000000
6903 45.341125 -74.628036 11.866375 1.000000
6904 43.615376 -74.808548 12.848547 1.000000
6905 41.058216 -75.084213 12.302136 1.000000
6906 38.378563 -76.294754 11.993723 1.000000
6907 35.069717 -84.835442 14.245290 1.000000
6908 35.766975 -85.210678 12.886180 1.000000
6909 33.788902 -86.397224 12.851359 1.000000
6910 32.463158 -88.079697 11.833203 1.000000
6911 30.528027 -88.847404 10.596867 1.000000
6912 28.013571 -89.273178 9.575920 1.000000
6913 29.486874 -90.953712 11.817601 1.000000
6914 28.127203 -92.262161 12.924934 1.000000
7809 42.253658 -79.342018 17.985796 1.000000
7810 41.172947 -80.512985 19.559155 1.000000
7811 39.425205 -82.555984 18.603374 1.000000
7815 35.864960 -83.855370 16.592581 1.000000
7816 34.519844 -82.597282 14.463704 1.000000
7817 31.541784 -82.083504 13.051547 1.000000
7818 28.434931 -82.600014 12.634572 1.000000
9569 29.387690 -72.626175 18.355583 1.000000
9570 30.205975 -74.067574 16.418488 1.000000
9571 31.150356 -76.028915 15.486694 1.000000
9572 29.379040 -78.129463 13.772565 1.000000
9652 45.955669 -75.509415 10.268370 1.000000
9653 46.607319 -77.238052 8.651540 1.000000
9658 40.354946 -79.379242 15.877670 1.000000
9659 38.098396 -78.976242 13.677098 1.000000
9660 36.262566 -78.377090 11.275774 1.000000
9661 35.261086 -83.273697 11.376749 1.000000
9662 34.549458 -80.679062 10.187665 1.000000
9663 34.897453 -78.240479 8.301264 1.000000
9664 33.716343 -78.903214 5.702194 1.000000
9671 27.201681 -91.495163 5.167359 1.000000
10848 23.856619 -78.373459 30.604258 1.000000
10849 24.642565 -75.921860 31.086630 1.000000
10850 24.218010 -76.795387 29.415705 1.000000
10851 24.680450 -75.264801 28.446140 1.000000
10875 43.850586 -77.107468 16.140963 1.000000
10876 43.673809 -77.871605 17.263754 1.000000
10877 28.499674 -85.088272 12.728520 1.000000
10878 29.233318 -86.141678 12.952777 1.000000
11478 34.898399 -78.808426 18.994755 1.000000
11479 34.061089 -77.958778 17.768326 1.000000
11480 33.608864 -78.398582 16.498665 1.000000
11481 33.049339 -77.251701 16.595844 1.000000
12947 38.630440 -75.523788 9.467486 1.000000
12948 39.941002 -75.634514 8.390463 1.000000
12949 38.492924 -76.125992 8.027308 1.000000
12950 38.353649 -76.879044 6.693839 1.000000
12951 37.051971 -76.749847 7.670331 1.000000
12952 37.595901 -83.869995 15.641896 1.000000
12953 37.690922 -83.114899 14.763753 1.000000
12954 37.120384 -84.030846 14.264833 1.000000
12955 30.316858 -86.585548 9.134526 1.000000
12956 30.948969 -85.210587 8.752493 1.000000
12957 29.817764 -85.429672 8.245968 1.000000
12958 29.363504 -84.143539 7.082908 1.000000
12959 28.637299 -85.579468 7.691403 1.000000
12962 25.881016 -93.795799 11.294538 1.000000
12963 26.720251 -94.183861 9.810536 1.000000
12964 25.962978 -94.707253 10.276384 1.000000
12965 26.110147 -95.766861 9.206304 1.000000
12966 25.108139 -95.353836 10.661308 1.000000
15273 25.838413 -71.987000 26.491772 1.000000
15275 26.453089 -70.446465 25.692327 1.000000
15277 26.611195 -71.282059 24.127865 1.000000
15278 27.050648 -71.787750 22.765787 1.000000
15279 26.337189 -73.181877 23.667160 1.000000
15344 44.975098 -74.669754 14.163910 1.000000
15345 44.690765 -74.643448 13.208540 1.000000
15346 44.245647 -75.093643 13.775449 1.000000
15347 41.679176 -76.451065 14.206215 1.000000
15348 41.947834 -75.556984 13.314670 1.000000
15349 40.695469 -75.995140 13.288651 1.000000
15350 39.691956 -75.489952 12.199597 1.000000
15351 39.382912 -76.700706 13.223127 1.000000
15352 33.973869 -84.609886 13.641977 1.000000
15353 34.450294 -85.552322 13.512314 1.000000
15354 33.231148 -85.505966 13.220644 1.000000
15355 31.172428 -88.104385 13.183954 1.000000
15356 32.217491 -87.766075 12.821014 1.000000
15357 31.766138 -88.790352 12.431763 1.000000
15358 31.680033 -88.662285 11.200093 1.000000
15359 31.152868 -89.573135 11.786494 1.000000
15360 30.062719 -89.888458 11.185966 1.000000
15361 30.549175 -90.423386 12.387517 1.000000
17145 42.193020 -79.554535 20.225252 1.000000
17158 35.973885 -83.737968 18.024132 1.000000
17159 35.413891 -82.870583 16.982531 1.000000
17160 35.319191 -83.204651 15.476789 1.000000
17161 35.001301 -82.088646 15.769096 1.000000
17162 32.382687 -79.827316 14.082866 1.000000
17163 32.840298 -80.996834 13.806648 1.000000
17164 31.083368 -81.007324 13.160124 1.000000
17165 29.728054 -82.311028 12.610508 1.000000
17166 29.399731 -81.219604 12.908066 1.000000
21360 28.061783 -72.829018 20.131924 1.000000
21361 28.964819 -71.903931 19.462688 1.000000
21362 28.385977 -73.339478 18.951015 1.000000
21363 27.683819 -75.988876 15.977651 1.000000
21364 28.734737 -74.558861 16.624727 1.000000
21365 29.150723 -75.291000 15.665998 1.000000
21366 30.668188 -75.028183 15.780634 1.000000
21367 29.654932 -76.184158 14.978205 1.000000
21368 30.295904 -76.977867 14.536102 1.000000
21369 28.781094 -77.403358 14.173592 1.000000
21557 48.551487 -73.537842 10.468547 1.000000
21558 48.498058 -73.210953 9.397209 1.000000
21559 49.326794 -74.517395 9.247018 1.000000
21562 44.261314 -74.776672 11.205217 1.000000
21563 45.526855 -74.955765 10.960927 1.000000
21564 44.320206 -75.228195 10.205966 1.000000
21565 43.245049 -77.135811 7.671984 1.000000
21567 45.024158 -77.899757 7.689935 1.000000
21577 41.113476 -80.188103 17.613232 1.000000
21578 41.443192 -79.406570 16.883444 1.000000
21579 40.319534 -80.363548 16.534576 1.000000
21580 37.332390 -81.144005 13.772845 1.000000
21581 38.140369 -80.246811 14.404187 1.000000
21582 37.103043 -79.948776 13.272476 1.000000
21583 37.032032 -78.614479 12.519476 1.000000
21584 36.172970 -79.682671 12.107219 1.000000
21585 34.854401 -85.468277 11.900667 1.000000
21586 35.607777 -84.374725 12.018115 1.000000
21587 34.520943 -84.457069 11.019722 1.000000
21588 32.812691 -82.147392 8.618067 1.000000
21589 33.746994 -82.040886 9.728961 1.000000
21590 33.619560 -80.739540 8.907229 1.000000
21591 34.588104 -79.409485 9.311464 1.000000
21592 33.736481 -79.450554 7.986848 1.000000
21593 34.347717 -78.412628 6.984091 1.000000
21594 32.990898 -79.611740 6.853696 1.000000
21602 27.224981 -86.837402 4.943483 1.000000
21604 27.381718 -87.514023 3.904033 1.000000
21607 27.645407 -90.601936 9.859335 1.000000
21608 27.287714 -90.011299 8.739038 1.000000
21610 27.695354 -93.553101 6.643626 1.000000
21612 27.366032 -92.671860 5.205528 1.000000
24140 25.559822 -72.812767 28.953043 1.000000
24141 25.224373 -73.618561 27.466736 1.000000
24183 44.022480 -75.701515 14.361855 1.000000
24184 43.898682 -76.411766 15.092592 1.000000
24185 42.830357 -76.930618 15.114186 1.000000
24186 41.589947 -77.479385 15.115929 1.000000
24187 31.133636 -84.401978 12.755796 1.000000
24188 31.886974 -85.448013 12.886972 1.000000
24189 30.512915 -85.705338 12.772059 1.000000
24190 30.164886 -87.084396 13.113091 1.000000
25270 35.266048 -80.272598 18.970108 1.000000
25271 34.933922 -80.547867 17.580078 1.000000
25272 34.629177 -80.880341 16.152542 1.000000
25273 34.214134 -79.580406 16.428555 1.000000
25274 33.109985 -78.942993 15.322721 1.000000
25275 31.817204 -78.656158 14.279414 1.000000
27797 27.164709 -78.082779 14.481623 1.000000
27911 47.542793 -72.903328 11.139739 1.000000
27912 48.028603 -74.243927 11.145002 1.000000
27913 41.525032 -74.773605 10.091472 1.000000
27914 42.998100 -75.251083 9.604607 1.000000
27915 41.513939 -75.396439 8.953123 1.000000
27916 41.517189 -76.293297 7.889005 1.000000
27917 41.608479 -77.346054 6.794178 1.000000
27919 39.930725 -77.506454 6.014372 1.000000
27920 38.212158 -77.694077 5.447963 1.000000
27921 36.571075 -78.035049 4.956809 1.000000
27922 39.312233 -82.059509 16.671791 1.000000
27923 39.379410 -81.408554 15.995811 1.000000
27924 38.474491 -82.175980 15.424067 1.000000
27925 37.577568 -82.182281 14.254019 1.000000
27926 36.671131 -82.189232 13.049189 1.000000
27927 32.632721 -86.168907 10.359701 1.000000
27928 33.403770 -84.702805 10.143890 1.000000
27929 32.083668 -84.848396 9.407526 1.000000
27930 31.877777 -83.657150 8.492420 1.000000
27931 31.810308 -82.354744 7.662566 1.000000
27932 31.785547 -80.996544 6.771740 1.000000
27933 30.585644 -82.523186 6.787581 1.000000
27940 27.180246 -92.768875 10.460307 1.000000
27942 27.262741 -93.498306 9.441910 1.000000
27943 27.586288 -94.144188 8.276109 1.000000
31374 27.856735 -70.652420 21.913935 1.000000
31375 27.611414 -72.287712 21.394892 1.000000
31376 27.364185 -73.986488 20.967121 1.000000
31468 45.361706 -74.362556 12.867781 1.000000
31469 44.423767 -74.611259 12.272151 1.000000
31470 43.226456 -74.697571 11.743341 1.000000
31471 43.144005 -75.292915 13.509970 1.000000
31472 42.408627 -74.924500 12.521955 1.000000
31473 41.836132 -74.641289 11.377035 1.000000
31474 40.358692 -74.782082 11.023642 1.000000
31475 38.991722 -75.265152 10.888435 1.000000
31476 37.757793 -76.127563 10.629236 1.000000
31477 36.091743 -84.933456 14.808642 1.000000
31478 36.434971 -84.827133 13.907236 1.000000
31479 35.532459 -85.396507 13.730371 1.000000
31480 34.784828 -85.938751 12.835741 1.000000
31481 34.020515 -86.446777 11.954430 1.000000
31482 32.700356 -86.616577 12.973261 1.000000
31483 33.121902 -87.289955 12.351207 1.000000
31484 33.087776 -87.030762 11.313657 1.000000
31485 32.096100 -87.516418 10.687764 1.000000
31486 30.969448 -87.665405 10.040803 1.000000
31487 29.742926 -87.884850 9.636592 1.000000
31488 28.519939 -88.152039 9.193971 1.000000
31489 29.206074 -88.902931 10.165186 1.000000
31490 28.703485 -90.042343 10.650133 1.000000
31491 28.207565 -91.284523 11.021470 1.000000
31493 28.782047 -91.719109 12.293062 1.000000
31494 27.730810 -92.218697 11.411631 1.000000
31495 27.167698 -92.676422 11.919867 1.000000
33725 24.078602 -78.574982 33.383797 1.000000
33813 43.266926 -78.448219 18.388470 1.000000
33814 42.787067 -79.042999 19.325958 1.000000
33815 41.795769 -79.905167 18.870846 1.000000
33816 40.692322 -80.922188 18.247389 1.000000
33819 39.887295 -81.857422 17.783642 1.000000
33820 39.010872 -82.737030 17.457495 1.000000
33821 38.057152 -83.711449 17.176079 1.000000
33822 37.246674 -84.365921 16.590885 1.000000
33830 36.584465 -84.342041 17.515930 1.000000
33831 36.409420 -84.589256 15.991949 1.000000
33832 35.611931 -84.254387 15.258939 1.000000
33833 34.697960 -83.769302 14.352818 1.000000
33834 33.596272 -83.406403 13.610636 1.000000
33835 34.215122 -81.399155 14.774300 1.000000
33836 33.211540 -82.123909 13.687469 1.000000
33837 32.104836 -83.153038 12.997679 1.000000
33838 30.485071 -83.357552 12.660141 1.000000
33839 29.046621 -83.673973 12.511918 1.000000
33840 27.830053 -83.984756 12.705118 1.000000
38944 33.298126 -75.291771 17.517426 1.000000
38947 30.451899 -72.131592 18.116350 1.000000
38948 28.542740 -73.953735 17.822811 1.000000
38949 29.778492 -73.271942 17.335808 1.000000
38950 31.101282 -72.949333 17.329786 1.000000
38951 31.691273 -73.955475 16.704412 1.000000
38952 32.111122 -75.023064 16.473585 1.000000
38953 32.539146 -76.145721 16.447247 1.000000
38954 31.782406 -76.968552 15.398313 1.000000
38955 31.115149 -77.755264 14.402704 1.000000
38956 30.047598 -78.924477 13.575731 1.000000
38957 27.656250 -78.821106 13.831998 1.000000
38958 28.202686 -79.586502 13.501390 1.000000
38959 28.872416 -80.359978 13.184097 1.000000
38960 27.829731 -81.849106 12.945007 1.000000
39191 46.968956 -74.882309 11.179456 1.000000
39192 47.514076 -75.475410 10.471131 1.000000
39193 44.701813 -75.909973 9.326744 1.000000
39194 46.441532 -76.327530 9.566395 1.000000
39208 42.568077 -78.630051 17.068516 1.000000
39209 41.562630 -78.511986 16.014355 1.000000
39210 40.381004 -78.263863 15.057797 1.000000
39211 39.248699 -80.354767 15.519259 1.000000
39212 39.245449 -79.192825 14.818026 1.000000
39213 39.245300 -77.978439 14.038336 1.000000
39214 38.079868 -77.587860 12.847902 1.000000
39215 37.251003 -77.295151 11.638319 1.000000
39216 36.590347 -77.184692 10.242320 1.000000
39217 36.460110 -84.247597 13.164029 1.000000
39218 36.199413 -83.299706 12.443409 1.000000
39219 35.770355 -82.096069 11.937719 1.000000
39220 34.135288 -83.304863 10.382353 1.000000
39221 34.833755 -82.005005 10.853703 1.000000
39222 35.411732 -80.754013 11.469607 1.000000
39223 35.422508 -79.464478 10.815551 1.000000
39224 35.530388 -78.195602 9.692215 1.000000
39225 36.070343 -77.229965 8.677614 1.000000
39226 35.617233 -77.531174 7.267367 1.000000
39227 35.238136 -77.972763 5.970345 1.000000
39228 34.936302 -78.584915 4.525149 1.000000
39229 32.182697 -79.953651 5.684405 1.000000
39230 33.216042 -79.392906 4.335620 1.000000
39249 27.085077 -90.129562 5.155453 1.000000
