#!ascii label, from cvs_avg35 to fsaverage6
294
40 34.369762 -74.147354 -12.413473 1.000000
86 35.604057 -82.505836 -0.232182 1.000000
87 43.957687 -76.680290 -9.358671 1.000000
207 30.951773 -91.230255 -6.384674 1.000000
443 43.268974 -74.089149 0.226081 1.000000
829 36.417835 -76.069374 -14.615092 1.000000
833 35.674362 -68.282211 -14.260707 1.000000
978 39.915031 -85.390694 -0.731930 1.000000
980 34.808334 -89.289215 -10.732089 1.000000
1404 42.122463 -76.496567 -4.210741 1.000000
1406 42.503128 -70.039986 -6.437356 1.000000
1522 29.944576 -86.523453 -0.221205 1.000000
1523 34.099743 -88.288345 -2.493883 1.000000
1994 44.480568 -80.344551 -7.121550 1.000000
1996 41.237602 -85.236320 -9.247686 1.000000
1999 34.893005 -81.387886 -13.144684 1.000000
2000 32.656624 -80.348953 -11.009695 1.000000
2366 43.198154 -78.258339 6.718996 1.000000
2490 30.624826 -79.080963 -8.371894 1.000000
2498 28.832851 -77.164421 -8.003222 1.000000
2499 31.453241 -73.107681 -13.277365 1.000000
2749 35.425938 -75.254105 -13.399137 1.000000
2750 38.368732 -72.295189 -14.091578 1.000000
2751 36.676353 -71.465263 -12.851862 1.000000
2752 37.290539 -68.545197 -13.989944 1.000000
2753 34.897598 -71.093506 -12.790637 1.000000
2896 38.585495 -81.858177 1.428707 1.000000
2897 40.697426 -83.367630 1.305079 1.000000
2898 38.006771 -83.970123 -0.530872 1.000000
3324 42.633038 -76.837425 -7.257860 1.000000
3325 41.364712 -73.681290 -5.682565 1.000000
3326 42.862934 -73.688919 -7.803766 1.000000
4372 44.364418 -80.233192 -4.167748 1.000000
4373 43.244141 -82.058868 -5.382351 1.000000
4376 34.190086 -89.189842 -5.508649 1.000000
4377 37.364357 -88.952530 -12.328424 1.000000
4378 38.166161 -86.985802 -10.289274 1.000000
4387 33.173817 -80.961037 -12.332846 1.000000
5270 39.721764 -78.382431 4.984063 1.000000
5600 27.621761 -76.067894 -7.372047 1.000000
6099 38.476051 -76.500809 -15.445020 1.000000
6367 42.435741 -84.313049 0.390228 1.000000
6368 41.352333 -85.564751 -2.236221 1.000000
6370 32.677383 -90.413322 -8.514270 1.000000
6371 32.007957 -92.352013 -10.856428 1.000000
6372 34.133606 -91.228188 -12.678070 1.000000
7134 42.910362 -75.401047 -1.631812 1.000000
7136 40.963646 -73.109222 -3.216755 1.000000
7137 41.139309 -69.356476 -4.665710 1.000000
7390 32.569424 -83.936142 -0.656281 1.000000
7391 34.877220 -85.196732 -1.456799 1.000000
7392 31.918873 -87.354324 -1.529854 1.000000
7393 30.829111 -90.065308 -2.852408 1.000000
8562 43.886761 -78.016167 -2.718370 1.000000
8563 43.495422 -78.767090 -5.640435 1.000000
8564 44.511162 -78.526382 -8.399918 1.000000
8565 37.053139 -86.578873 -1.855339 1.000000
8567 39.712330 -85.487747 -4.541867 1.000000
8568 35.457504 -87.515907 -7.853432 1.000000
8569 38.535805 -85.502899 -7.310918 1.000000
8571 43.406849 -82.735977 -8.316720 1.000000
8573 44.851036 -78.838951 -10.924039 1.000000
8578 37.564018 -81.149597 -13.237226 1.000000
8579 37.979084 -78.545433 -14.218875 1.000000
8580 35.644005 -78.447456 -13.575862 1.000000
8581 34.369709 -77.977173 -12.702568 1.000000
8582 33.501431 -77.126419 -11.685354 1.000000
9657 35.664112 -80.627258 1.558715 1.000000
9666 32.372272 -82.018532 0.901328 1.000000
9667 29.631519 -84.347557 1.370321 1.000000
9668 27.754410 -87.097099 2.405117 1.000000
10025 31.722412 -79.882805 -9.471225 1.000000
10026 32.400826 -76.481476 -10.722252 1.000000
10051 29.687830 -78.054375 -8.082199 1.000000
10052 31.236303 -75.693642 -10.864474 1.000000
10053 32.992317 -73.476746 -12.678789 1.000000
10054 33.377548 -70.660233 -13.825716 1.000000
10429 34.977173 -74.730217 -12.881063 1.000000
10430 36.235756 -73.364967 -13.086334 1.000000
10431 35.474358 -72.792175 -12.672423 1.000000
10432 35.770557 -71.264107 -12.703045 1.000000
10433 34.668388 -72.625511 -12.607567 1.000000
10576 37.188225 -82.069733 0.477641 1.000000
10577 38.336620 -82.864693 0.463923 1.000000
10578 36.864330 -83.135056 -0.408520 1.000000
11004 43.432686 -76.684334 -8.402441 1.000000
11005 42.514782 -75.238205 -7.511395 1.000000
11006 43.361095 -75.213852 -8.638353 1.000000
12049 42.846790 -83.696175 -2.718708 1.000000
12050 43.928883 -82.557510 -2.067092 1.000000
12052 43.710823 -82.057831 -4.081706 1.000000
12056 32.492348 -90.007652 -6.010810 1.000000
12058 39.103966 -87.727409 -12.052727 1.000000
14004 37.277462 -76.380051 -15.125086 1.000000
14006 38.250648 -74.447983 -15.137733 1.000000
14014 36.442402 -68.405289 -14.043765 1.000000
14449 40.309937 -84.471039 0.167098 1.000000
14450 41.610672 -84.018959 1.018748 1.000000
14451 41.186821 -85.001511 -0.199801 1.000000
14452 41.962524 -85.134933 -0.940091 1.000000
15729 42.461109 -75.944603 -2.883903 1.000000
15730 41.778606 -74.414070 -2.359050 1.000000
15731 41.373577 -74.895210 -3.727717 1.000000
15732 41.893303 -71.872635 -5.964653 1.000000
15733 41.110149 -71.686760 -5.061691 1.000000
15734 41.681713 -69.777687 -5.510320 1.000000
16246 31.197592 -85.098473 -0.541172 1.000000
16247 32.255939 -85.625923 -1.136301 1.000000
16248 30.932251 -86.859116 -0.876378 1.000000
18871 44.922127 -78.121765 -0.966760 1.000000
18872 44.156258 -77.596176 -1.608911 1.000000
18873 44.529873 -78.672653 -2.190774 1.000000
18874 44.124065 -80.323112 -5.719295 1.000000
18875 44.002842 -79.526283 -4.983130 1.000000
18876 44.180420 -79.461014 -6.485003 1.000000
18877 43.889519 -78.673317 -7.224242 1.000000
18878 44.601887 -79.441635 -7.811834 1.000000
18879 34.495155 -86.721680 -1.813859 1.000000
18880 35.954350 -85.977684 -1.713603 1.000000
18881 35.629021 -87.419754 -2.104659 1.000000
18886 38.438904 -86.457970 -4.932224 1.000000
18887 33.596279 -89.819664 -9.630045 1.000000
18888 34.019218 -88.892479 -8.249483 1.000000
18889 35.095264 -88.213051 -9.576880 1.000000
18890 39.789238 -86.190598 -9.720286 1.000000
18891 38.362911 -86.178543 -8.836245 1.000000
18892 39.850964 -85.456833 -8.458432 1.000000
18893 39.917065 -84.723427 -6.955875 1.000000
18894 41.247883 -84.482094 -8.006711 1.000000
18912 34.318806 -82.928734 -13.504799 1.000000
18913 35.706696 -82.802238 -13.424884 1.000000
18914 36.154793 -81.320274 -13.230680 1.000000
18915 37.865421 -79.705551 -13.500168 1.000000
18916 36.590797 -79.674545 -13.370860 1.000000
18917 36.793213 -78.469627 -13.971517 1.000000
18918 35.360771 -79.729584 -13.076868 1.000000
18919 32.867264 -80.647598 -11.741250 1.000000
18920 34.015572 -79.337128 -12.088569 1.000000
18921 33.607807 -79.063171 -11.717322 1.000000
18922 33.972282 -77.584229 -12.249156 1.000000
18923 33.264446 -78.723648 -11.112890 1.000000
21565 43.245049 -77.135811 7.671984 1.000000
21567 45.024158 -77.899757 7.689935 1.000000
21572 37.970947 -78.538658 4.290152 1.000000
21573 39.368919 -79.164993 4.035524 1.000000
21574 37.635151 -79.336990 3.210824 1.000000
21575 37.275513 -80.187233 2.328090 1.000000
21576 35.953945 -79.694809 2.502459 1.000000
21600 30.971466 -83.055283 1.087717 1.000000
21605 27.288097 -88.616020 2.798913 1.000000
22498 31.201233 -79.433281 -8.873796 1.000000
22499 32.246483 -78.038101 -9.836883 1.000000
22500 31.685806 -77.600510 -9.397077 1.000000
22557 28.163670 -76.632378 -7.712329 1.000000
22563 29.329868 -77.612228 -8.004246 1.000000
22565 30.747137 -75.440826 -10.921247 1.000000
22566 31.489704 -74.564697 -12.247831 1.000000
22567 32.031750 -74.778374 -12.105042 1.000000
22568 32.223263 -73.430679 -13.092830 1.000000
22569 33.144951 -72.080063 -13.249431 1.000000
22574 35.002434 -65.414207 -15.450861 1.000000
22575 34.127258 -64.741348 -15.339017 1.000000
22728 44.248608 -72.063812 -8.869844 1.000000
23379 35.843365 -75.637169 -14.058889 1.000000
23380 37.435066 -74.155594 -14.482527 1.000000
23381 36.848862 -73.779587 -13.771541 1.000000
23382 37.641533 -71.956467 -13.388087 1.000000
23383 38.018456 -70.108864 -13.445066 1.000000
23385 37.025227 -69.793350 -13.134242 1.000000
23386 36.053944 -69.679871 -13.172839 1.000000
23387 35.208828 -69.663193 -13.396152 1.000000
23646 39.643288 -82.634689 1.431184 1.000000
23647 39.391670 -83.745766 0.392032 1.000000
23648 38.968105 -84.818436 -0.571378 1.000000
24414 42.124516 -76.763290 -5.843503 1.000000
24415 41.398460 -75.227882 -5.111723 1.000000
24416 41.682232 -75.336937 -6.377412 1.000000
24417 41.996681 -73.695084 -6.672817 1.000000
24418 42.680004 -72.035622 -6.928112 1.000000
26301 44.421257 -81.115868 -3.455735 1.000000
26302 44.064888 -81.244652 -4.899279 1.000000
26303 43.878616 -81.310036 -6.386752 1.000000
26305 35.100147 -88.776085 -2.873875 1.000000
26308 35.696602 -88.281357 -5.311333 1.000000
26309 36.138298 -89.123611 -11.616858 1.000000
26310 36.445389 -87.970398 -10.640878 1.000000
26311 37.815544 -87.982399 -11.397931 1.000000
26312 39.554516 -86.882683 -10.913095 1.000000
26326 33.121849 -82.827782 -13.333832 1.000000
26327 33.846493 -81.237503 -12.808950 1.000000
26328 32.223541 -82.530724 -13.000013 1.000000
26329 31.741924 -82.168106 -12.366838 1.000000
26330 31.533245 -81.940163 -11.484798 1.000000
27917 41.608479 -77.346054 6.794178 1.000000
27918 41.503986 -78.320175 5.757870 1.000000
28513 29.151432 -75.591171 -8.967621 1.000000
28514 29.692221 -76.106918 -9.092991 1.000000
30221 31.352436 -91.913712 -8.581753 1.000000
30222 32.305126 -91.408676 -9.671949 1.000000
30223 33.411232 -90.952652 -10.759636 1.000000
30225 33.160767 -91.927391 -11.873840 1.000000
30226 34.605755 -90.487610 -11.676666 1.000000
30227 35.723797 -89.992264 -12.439236 1.000000
30228 36.639545 -89.478455 -13.084651 1.000000
32004 43.203896 -74.859779 -0.475391 1.000000
32006 42.300255 -73.715744 -1.091429 1.000000
32007 41.261059 -72.496765 -1.983877 1.000000
32008 40.739998 -70.876770 -2.863769 1.000000
32009 40.890984 -73.521614 -4.485783 1.000000
32010 40.780201 -71.376976 -4.038445 1.000000
32674 34.098225 -83.074448 -0.573598 1.000000
32675 35.244576 -83.643234 -0.994613 1.000000
32676 33.779877 -84.456551 -1.181502 1.000000
32677 33.381626 -86.159988 -1.482224 1.000000
32678 32.959480 -87.737442 -2.024995 1.000000
32679 30.508900 -88.522804 -1.394999 1.000000
34299 44.372978 -76.650070 -10.316060 1.000000
34300 43.969112 -75.248184 -9.494360 1.000000
35945 43.947815 -75.432083 0.006029 1.000000
35946 43.752327 -76.166405 -0.944687 1.000000
35947 43.399925 -76.689468 -2.115087 1.000000
35948 43.047974 -77.216431 -3.296651 1.000000
35949 44.141052 -79.233994 -3.463754 1.000000
35950 43.578468 -78.458084 -4.084657 1.000000
35951 42.807426 -77.640877 -4.913773 1.000000
35952 42.946781 -77.875122 -6.554815 1.000000
35953 43.626060 -77.750603 -7.900281 1.000000
35954 44.240826 -77.601181 -9.024442 1.000000
35955 36.404266 -84.447952 -1.206870 1.000000
35956 37.487171 -85.270767 -1.336895 1.000000
35957 38.534466 -85.844536 -1.370274 1.000000
35959 38.053394 -87.046494 -2.190647 1.000000
35961 40.216789 -86.296852 -2.633005 1.000000
35962 40.620987 -85.623466 -3.498325 1.000000
35963 40.931194 -84.566063 -4.113994 1.000000
35964 33.312782 -89.454170 -7.047563 1.000000
35965 34.788818 -88.270798 -6.502162 1.000000
35966 36.119297 -87.236008 -6.246389 1.000000
35967 36.710888 -87.031265 -9.300494 1.000000
35968 37.014462 -86.313110 -7.597505 1.000000
35969 37.554272 -86.263306 -6.007512 1.000000
35970 38.905067 -85.368752 -5.742905 1.000000
35974 43.274490 -82.285934 -6.918274 1.000000
35975 44.230461 -81.531662 -7.818470 1.000000
35976 43.348732 -83.266762 -9.702502 1.000000
35977 44.329182 -81.876053 -9.146278 1.000000
35978 44.767590 -80.557182 -8.477906 1.000000
35979 44.926228 -79.602959 -9.110118 1.000000
35980 44.813210 -78.622810 -9.735364 1.000000
35981 44.611313 -77.701263 -10.110531 1.000000
35997 39.022228 -79.819107 -13.673398 1.000000
35998 39.097008 -78.738945 -14.303607 1.000000
36000 38.129894 -77.627541 -14.938599 1.000000
36001 36.824089 -77.570755 -14.701385 1.000000
36002 35.875732 -77.394333 -14.238276 1.000000
36003 34.494671 -79.547134 -12.670513 1.000000
36004 34.824150 -78.232903 -13.134581 1.000000
36005 35.208023 -77.027412 -13.778669 1.000000
36006 34.821770 -76.637070 -13.233882 1.000000
36007 34.419270 -76.248367 -12.733385 1.000000
36008 33.898094 -75.719681 -12.198034 1.000000
39202 41.192650 -79.153885 4.860347 1.000000
39205 38.661743 -80.812057 2.333012 1.000000
39206 37.112274 -81.135406 1.375463 1.000000
39207 35.567467 -81.511726 0.587853 1.000000
39232 34.092587 -80.229996 2.002618 1.000000
39233 33.936867 -81.187904 0.970810 1.000000
39234 33.933174 -82.077438 0.176881 1.000000
39235 32.520748 -82.882469 0.015296 1.000000
39236 31.109268 -83.993263 0.137388 1.000000
39237 29.753857 -85.402008 0.366020 1.000000
39239 28.522480 -85.663101 1.851640 1.000000
39240 28.596308 -86.830566 0.876931 1.000000
40308 31.114731 -81.940842 -10.780928 1.000000
40310 30.611053 -81.727654 -9.906427 1.000000
40311 32.234779 -80.194664 -10.205760 1.000000
40312 32.793758 -78.393196 -10.370591 1.000000
40313 33.016739 -76.826950 -11.123790 1.000000
40314 33.244625 -75.414658 -11.907969 1.000000
40389 30.092667 -78.504868 -8.106214 1.000000
40390 30.140026 -76.417473 -9.297729 1.000000
40391 30.537216 -76.634567 -9.397682 1.000000
40392 31.129669 -77.004532 -9.298484 1.000000
40393 31.802526 -76.026627 -10.739470 1.000000
40394 32.708015 -75.047241 -11.976043 1.000000
40395 33.660698 -73.760696 -12.456289 1.000000
40396 33.898262 -72.320183 -12.827329 1.000000
40397 34.163147 -70.824852 -13.329781 1.000000
40398 34.506981 -69.400726 -13.968012 1.000000
40410 33.333649 -64.070877 -15.166371 1.000000
40411 34.979897 -62.658104 -15.607907 1.000000
40585 43.753662 -73.675789 -8.619067 1.000000
40586 43.594231 -72.102158 -7.940771 1.000000
40587 43.311001 -70.281052 -7.451894 1.000000
