#!ascii label, from cvs_avg35 to fsaverage6
464
39 30.847980 -41.658279 -9.109663 1.000000
85 17.651413 -38.353844 -7.775804 1.000000
343 33.600613 -52.820282 -7.623767 1.000000
344 29.769217 -46.065037 -15.481267 1.000000
441 21.463385 -41.684162 -10.139488 1.000000
608 26.902370 -39.048698 -7.734376 1.000000
821 27.623127 -47.725548 -6.406194 1.000000
822 29.030735 -53.360268 -5.436177 1.000000
823 34.118111 -46.567818 -7.145372 1.000000
824 36.384117 -45.389252 -11.104990 1.000000
825 35.587654 -40.037487 -10.727483 1.000000
971 20.308292 -45.233868 -6.769857 1.000000
973 16.270885 -45.393135 -6.865170 1.000000
975 18.325802 -39.614700 -9.924239 1.000000
1355 32.923145 -38.771179 -6.983270 1.000000
1519 23.675089 -51.439106 -2.246937 1.000000
1520 20.553265 -44.767998 -4.167698 1.000000
1767 23.355274 -60.245197 -6.633065 1.000000
1770 29.803955 -55.291088 -12.795598 1.000000
1771 33.088970 -50.356750 -12.238289 1.000000
1772 34.777058 -42.587654 -15.922534 1.000000
1988 22.668606 -49.089359 -8.076935 1.000000
1989 25.682720 -42.027630 -8.967400 1.000000
2462 19.727734 -35.020302 -13.127088 1.000000
2463 24.364899 -36.112572 -13.867815 1.000000
2471 21.668036 -31.125256 -17.231918 1.000000
2472 30.358067 -35.397148 -14.312248 1.000000
2741 29.650669 -44.507805 -7.267806 1.000000
2742 31.026043 -47.140057 -6.128818 1.000000
2743 32.881020 -43.949394 -7.648423 1.000000
2744 35.164532 -43.353096 -8.818338 1.000000
2745 33.498909 -40.893867 -9.652107 1.000000
2891 19.261469 -41.477451 -7.282557 1.000000
2892 18.270863 -45.813564 -6.915076 1.000000
2893 18.570198 -42.247013 -8.084761 1.000000
2894 17.650906 -42.616810 -8.594289 1.000000
2895 18.052103 -38.833366 -9.036280 1.000000
3275 35.191170 -38.127312 -7.286636 1.000000
3276 32.179192 -37.539917 -9.472079 1.000000
3494 17.372150 -41.741814 -4.959602 1.000000
3904 31.909565 -53.134430 -5.752877 1.000000
3905 29.120825 -56.544212 -5.124303 1.000000
3906 31.650478 -56.542442 -5.742152 1.000000
3908 32.893875 -56.111103 -7.964020 1.000000
3909 32.672127 -54.962624 -10.423417 1.000000
3910 33.869946 -51.947014 -9.920524 1.000000
3911 37.324287 -41.631214 -12.949976 1.000000
3912 36.028328 -44.178375 -13.546652 1.000000
3913 37.014416 -40.309341 -15.469172 1.000000
4361 20.141861 -45.029289 -9.792541 1.000000
4362 20.248039 -48.588329 -9.293480 1.000000
4363 22.406036 -45.597656 -9.064928 1.000000
4364 24.415424 -45.358974 -7.753198 1.000000
4365 23.382317 -42.018341 -9.399074 1.000000
5501 30.433990 -40.034878 -4.591204 1.000000
5502 29.757980 -40.279411 -1.733265 1.000000
5503 27.413494 -40.637623 -5.678110 1.000000
5506 19.456451 -34.953789 -8.420045 1.000000
5510 19.931393 -32.506557 -13.121611 1.000000
5511 21.871355 -35.703323 -13.696718 1.000000
5512 20.486233 -32.855827 -14.818166 1.000000
5534 25.360357 -33.369385 -16.858582 1.000000
5611 29.272663 -50.310032 -14.087088 1.000000
5612 28.286953 -53.520111 -14.196894 1.000000
5613 28.218342 -48.513836 -15.439443 1.000000
6085 25.354706 -51.302387 -6.612626 1.000000
6086 26.036572 -54.093506 -6.082419 1.000000
6087 28.579062 -50.613319 -5.595883 1.000000
6088 31.861099 -50.030151 -5.690622 1.000000
6089 34.227467 -49.639599 -7.221237 1.000000
6090 35.025887 -49.055340 -9.307199 1.000000
6091 35.721565 -46.130013 -8.820261 1.000000
6092 36.718735 -42.621216 -10.632827 1.000000
6093 37.127419 -38.974609 -12.418199 1.000000
6355 20.237331 -48.849426 -5.477819 1.000000
6357 17.754734 -49.005089 -5.290839 1.000000
6358 15.115744 -48.392494 -4.873505 1.000000
6362 18.128014 -43.579887 -9.418833 1.000000
6363 19.671938 -40.902988 -10.331186 1.000000
7046 32.923321 -39.373283 -4.229924 1.000000
7047 30.201849 -39.247295 -7.360710 1.000000
7048 26.026926 -37.000813 -9.160830 1.000000
7049 29.314930 -37.701847 -9.526562 1.000000
7050 27.931763 -35.682693 -11.068736 1.000000
7111 30.562267 -42.252411 -17.647419 1.000000
7385 22.668922 -48.354912 -3.300533 1.000000
7386 21.928860 -48.563393 -4.715258 1.000000
7387 20.943922 -44.599220 -5.535581 1.000000
7388 18.415203 -41.313713 -6.004173 1.000000
7389 16.773344 -38.455589 -6.332967 1.000000
7962 26.281368 -56.873299 -5.869438 1.000000
7969 31.479605 -57.556744 -10.734377 1.000000
7970 31.257278 -52.647400 -12.666507 1.000000
7971 31.438431 -48.167515 -14.021573 1.000000
7972 34.830097 -47.938690 -11.645832 1.000000
7973 33.782845 -46.360252 -13.815535 1.000000
7974 32.081200 -44.296490 -15.885867 1.000000
7975 33.035671 -40.727222 -18.084824 1.000000
8550 22.853659 -52.072449 -7.512996 1.000000
8551 25.087698 -48.622520 -6.738907 1.000000
8552 26.802393 -44.941231 -7.317201 1.000000
8553 28.243967 -41.986233 -8.958265 1.000000
9936 17.894192 -36.469460 -7.210158 1.000000
9937 17.873140 -36.186085 -8.939484 1.000000
9938 17.959192 -36.539047 -10.463408 1.000000
9939 19.024090 -37.362724 -11.547017 1.000000
9941 18.792994 -34.425659 -11.792994 1.000000
9942 20.913458 -38.169106 -11.818547 1.000000
9943 23.238501 -38.756672 -11.369153 1.000000
9944 25.598850 -39.078064 -11.212537 1.000000
9945 28.183599 -39.148312 -11.319460 1.000000
9970 22.514751 -33.542870 -16.283117 1.000000
9971 27.315577 -36.023815 -14.049721 1.000000
9972 31.228964 -38.589577 -11.577888 1.000000
9973 33.541286 -37.672131 -12.015841 1.000000
10421 30.353252 -43.050365 -8.096526 1.000000
10422 31.274189 -44.212891 -7.307709 1.000000
10423 31.985294 -42.718193 -8.281761 1.000000
10424 33.302620 -42.436272 -8.591610 1.000000
10425 32.193005 -41.292965 -9.343390 1.000000
10571 18.343668 -39.829494 -7.594483 1.000000
10572 19.089409 -41.940502 -7.811213 1.000000
10573 18.538342 -40.135880 -8.190043 1.000000
10574 18.363087 -40.325661 -8.574059 1.000000
10575 17.920973 -38.498585 -8.499881 1.000000
10956 35.019489 -37.738155 -8.564018 1.000000
11584 32.960327 -53.042847 -6.559889 1.000000
11585 31.729410 -54.863850 -5.777757 1.000000
11586 32.746895 -54.742310 -6.666100 1.000000
11587 32.443775 -56.413391 -6.701956 1.000000
11588 33.279331 -54.477966 -7.804631 1.000000
11589 33.413490 -54.129997 -8.910847 1.000000
11590 33.837547 -52.499767 -8.708943 1.000000
11591 37.653931 -39.681335 -13.829193 1.000000
11592 37.260376 -41.015198 -14.234347 1.000000
11593 37.660545 -39.037689 -15.058446 1.000000
12041 21.005732 -43.557114 -9.922636 1.000000
12042 21.368589 -45.516235 -9.708864 1.000000
12043 22.029362 -43.771950 -9.585344 1.000000
12044 22.938450 -43.762489 -9.022277 1.000000
12045 22.390287 -41.938141 -9.802622 1.000000
13181 28.828049 -39.916767 -6.507603 1.000000
13182 28.918249 -40.396008 -5.039262 1.000000
13183 27.118027 -39.903389 -6.830490 1.000000
13184 25.623968 -39.549591 -6.865653 1.000000
13185 25.240860 -38.483265 -7.587681 1.000000
13187 24.795986 -37.413479 -8.180079 1.000000
13191 20.065458 -32.642967 -14.015846 1.000000
13291 29.529312 -48.169800 -14.630716 1.000000
13292 28.618475 -49.346870 -14.769275 1.000000
13293 28.872858 -47.164719 -15.449966 1.000000
13981 26.536285 -49.533649 -6.280363 1.000000
13982 26.981146 -50.912098 -6.026451 1.000000
13983 28.159464 -49.181858 -5.965622 1.000000
13984 32.675911 -46.843590 -6.430497 1.000000
13985 31.519440 -48.567242 -5.743844 1.000000
13986 32.987709 -48.373249 -6.252076 1.000000
13987 33.213581 -49.840340 -6.306577 1.000000
13988 34.280937 -48.103905 -7.088872 1.000000
13989 35.084358 -47.845264 -7.993558 1.000000
13990 35.032940 -46.402626 -7.879819 1.000000
13991 35.469337 -41.724277 -9.763117 1.000000
13992 36.039429 -43.016373 -9.628778 1.000000
13993 36.335239 -41.266602 -10.598099 1.000000
13994 36.985828 -40.788441 -11.542102 1.000000
13995 36.469090 -39.514526 -11.521764 1.000000
14431 20.307312 -47.134094 -6.151311 1.000000
14432 19.046848 -49.052746 -5.502673 1.000000
14433 19.301659 -47.392670 -6.314891 1.000000
14434 17.088341 -45.608166 -6.761630 1.000000
14435 16.698166 -47.202408 -5.879435 1.000000
14440 15.952426 -45.303123 -7.236484 1.000000
14441 18.268744 -41.181396 -9.237905 1.000000
14442 17.678776 -42.992046 -9.094175 1.000000
14443 18.462254 -41.868931 -9.569522 1.000000
14444 19.065769 -42.513424 -9.823855 1.000000
14445 18.893820 -40.316166 -10.161726 1.000000
15581 34.130207 -38.875572 -5.637674 1.000000
15583 33.019993 -39.168842 -5.630963 1.000000
15584 31.779932 -39.409405 -5.746400 1.000000
15585 31.596653 -39.021751 -7.175994 1.000000
15586 29.764233 -38.544201 -8.622923 1.000000
15587 31.349298 -38.437332 -8.321148 1.000000
15588 31.529440 -36.796501 -10.554776 1.000000
15589 30.136301 -36.807861 -10.499423 1.000000
15590 29.460873 -35.894325 -11.264574 1.000000
15591 27.122120 -34.549671 -11.707391 1.000000
15691 31.120136 -40.305122 -18.912933 1.000000
15692 30.007061 -41.169727 -18.694698 1.000000
15693 30.598373 -39.190681 -19.915348 1.000000
16230 23.035660 -51.678352 -2.922646 1.000000
16236 21.795050 -46.601860 -3.745663 1.000000
16237 22.403187 -48.376865 -4.078876 1.000000
16238 21.773827 -46.511158 -4.481935 1.000000
16239 21.529072 -46.573921 -5.202096 1.000000
16240 20.837385 -44.601002 -4.799806 1.000000
16242 17.904408 -41.506325 -5.434662 1.000000
16244 17.309704 -39.761627 -6.287207 1.000000
16245 16.396585 -38.636684 -5.692895 1.000000
17469 27.465061 -53.660938 -5.668322 1.000000
17470 26.254663 -55.370808 -5.967683 1.000000
17471 27.693172 -55.061409 -5.590727 1.000000
17473 27.594646 -58.126873 -5.145545 1.000000
17486 32.846382 -52.654224 -11.340467 1.000000
17487 32.135506 -53.894970 -11.715711 1.000000
17488 32.157799 -51.438984 -12.471189 1.000000
17489 31.246166 -50.251522 -13.313036 1.000000
17490 32.333496 -49.289375 -13.235085 1.000000
17491 35.745018 -47.213013 -10.152969 1.000000
17492 35.061085 -48.553211 -10.508945 1.000000
17493 35.734077 -46.725060 -11.385679 1.000000
17494 35.480370 -43.401604 -14.741026 1.000000
17495 34.956768 -45.275513 -13.714993 1.000000
17496 34.282978 -44.469124 -14.877800 1.000000
17497 32.988194 -45.384224 -14.858454 1.000000
17498 33.379555 -43.530540 -16.015518 1.000000
17499 32.533653 -42.506325 -17.050241 1.000000
17500 33.943970 -41.670555 -17.054379 1.000000
18844 21.502094 -49.033497 -8.967649 1.000000
18849 23.976452 -50.472130 -7.013312 1.000000
18850 23.824230 -49.009911 -7.264236 1.000000
18851 25.088827 -43.584129 -8.222655 1.000000
18852 25.553616 -45.173767 -7.431910 1.000000
18853 26.345514 -43.468464 -8.061265 1.000000
18854 27.656704 -43.337013 -8.040356 1.000000
18855 26.962976 -42.034550 -8.943885 1.000000
22264 28.567348 -40.749256 -2.248947 1.000000
22266 28.292881 -40.694546 -0.873651 1.000000
22276 17.844536 -36.238873 -8.053324 1.000000
22278 19.149557 -34.540733 -9.247830 1.000000
22279 18.354183 -35.238174 -9.454398 1.000000
22280 18.235588 -35.287670 -10.360235 1.000000
22281 18.375439 -36.941792 -11.100406 1.000000
22282 18.304937 -35.411339 -11.104812 1.000000
22283 25.433071 -35.907486 -9.740511 1.000000
22286 19.326908 -33.469879 -12.441591 1.000000
22287 19.321642 -33.379936 -11.585762 1.000000
22288 19.113636 -34.724953 -12.571574 1.000000
22289 19.372143 -36.093319 -12.286777 1.000000
22290 20.240974 -36.482269 -12.587800 1.000000
22291 22.031082 -38.506889 -11.632868 1.000000
22292 21.421347 -36.892097 -12.654401 1.000000
22293 23.059010 -35.921124 -13.803833 1.000000
22294 23.987951 -37.476044 -12.537708 1.000000
22295 25.191998 -37.614902 -12.542934 1.000000
22296 26.859898 -39.181007 -11.264601 1.000000
22297 26.480602 -37.687290 -12.612591 1.000000
22359 21.087486 -32.099617 -16.006327 1.000000
22360 21.941250 -32.375343 -16.901569 1.000000
22361 27.891689 -34.215637 -15.533359 1.000000
22362 26.336329 -34.506973 -15.439359 1.000000
22363 28.842663 -35.755951 -14.174545 1.000000
22364 29.469381 -37.360287 -12.815417 1.000000
22365 30.934845 -36.999275 -12.948374 1.000000
22366 32.403477 -38.180553 -11.757642 1.000000
22367 32.095024 -36.549431 -13.121252 1.000000
22591 30.109760 -57.761696 -11.848928 1.000000
23365 28.692013 -46.055046 -6.737447 1.000000
23366 29.315475 -47.422108 -6.193991 1.000000
23367 30.404011 -45.755611 -6.683995 1.000000
23368 32.082001 -45.491009 -6.795850 1.000000
23369 33.633198 -45.207932 -7.299548 1.000000
23370 34.747887 -44.990913 -7.975854 1.000000
23371 34.095680 -43.672844 -8.154973 1.000000
23372 34.469810 -42.041157 -9.124607 1.000000
23373 34.568085 -40.494850 -10.105351 1.000000
23635 20.003151 -43.255470 -7.037799 1.000000
23636 19.401524 -45.625221 -7.005527 1.000000
23637 19.424097 -43.717793 -7.440037 1.000000
23638 18.465521 -44.036583 -7.546561 1.000000
23639 17.523096 -43.994865 -7.553945 1.000000
23640 16.946402 -43.907711 -7.789974 1.000000
23641 17.991440 -42.394657 -8.294008 1.000000
23642 18.249603 -40.739548 -8.847650 1.000000
23643 18.180521 -39.188576 -9.485739 1.000000
24326 35.152626 -38.456169 -5.838056 1.000000
24327 34.071526 -38.450768 -7.140234 1.000000
24328 32.692993 -38.214577 -8.206575 1.000000
24329 33.845474 -37.942791 -8.416479 1.000000
24331 32.831440 -36.652935 -10.644369 1.000000
25457 23.479933 -59.020527 -6.556713 1.000000
25458 30.548920 -53.209423 -5.413554 1.000000
25459 29.185604 -54.900898 -5.343275 1.000000
25460 30.585306 -54.829273 -5.361854 1.000000
25461 30.477484 -56.520569 -5.208430 1.000000
25462 30.324163 -58.169666 -4.981799 1.000000
25464 31.412380 -58.174995 -5.676402 1.000000
25465 32.246899 -58.046165 -6.798693 1.000000
25466 32.565411 -57.632973 -8.157076 1.000000
25467 32.477329 -57.080711 -9.424143 1.000000
25468 32.941422 -55.543617 -9.212748 1.000000
25469 33.251522 -53.492096 -10.098455 1.000000
25470 33.555183 -51.260242 -11.077312 1.000000
25471 36.930412 -43.504250 -12.051367 1.000000
25472 36.362370 -44.833549 -12.333855 1.000000
25473 36.817310 -42.928963 -13.280617 1.000000
25474 36.527496 -42.288197 -14.512276 1.000000
25475 36.002651 -41.519150 -15.748049 1.000000
25476 35.380348 -40.735279 -16.887100 1.000000
25477 36.567375 -39.570324 -16.643681 1.000000
26281 18.819460 -46.001015 -9.429332 1.000000
26282 18.793491 -47.698128 -9.050737 1.000000
26283 20.206341 -46.819221 -9.620854 1.000000
26284 21.519396 -47.314648 -9.374166 1.000000
26285 22.593565 -47.426266 -8.585137 1.000000
26286 23.675894 -47.274364 -7.746021 1.000000
26287 23.345345 -45.585552 -8.320074 1.000000
26288 23.952902 -43.715149 -8.501251 1.000000
26289 24.496487 -42.063484 -9.076322 1.000000
28333 31.471996 -39.790810 -2.886323 1.000000
28334 30.964874 -39.872566 -1.526228 1.000000
28335 30.288660 -40.227978 -3.123685 1.000000
28336 28.935246 -40.675896 -3.606147 1.000000
28337 27.414242 -41.031101 -4.307236 1.000000
28338 26.042746 -41.031368 -4.775210 1.000000
28339 25.907242 -40.465668 -5.871284 1.000000
28350 19.570354 -33.707344 -13.291651 1.000000
28351 20.713341 -35.414864 -13.518048 1.000000
28352 20.135380 -33.928383 -13.933653 1.000000
28353 20.976234 -34.250427 -14.486160 1.000000
28354 22.048111 -34.551693 -14.913211 1.000000
28392 23.135662 -32.470882 -17.551991 1.000000
28396 31.486734 -34.979149 -14.508367 1.000000
28531 29.401123 -52.685925 -13.543246 1.000000
28532 28.932379 -54.343285 -13.495359 1.000000
28533 28.633625 -51.723949 -14.188083 1.000000
28534 28.163172 -50.935661 -14.846815 1.000000
29557 24.286524 -52.977406 -6.936269 1.000000
29558 24.581745 -54.508858 -6.606267 1.000000
29559 25.748636 -52.714508 -6.308433 1.000000
29560 27.325634 -52.336273 -5.739909 1.000000
29561 28.831615 -52.015739 -5.439666 1.000000
29562 29.846951 -48.809715 -5.694926 1.000000
29563 30.231979 -50.283875 -5.419178 1.000000
29564 30.444967 -51.727783 -5.376968 1.000000
29565 31.974583 -51.539207 -5.724629 1.000000
29566 33.130520 -51.408173 -6.393701 1.000000
29567 33.946861 -51.168152 -7.398689 1.000000
29568 34.320156 -50.831631 -8.533491 1.000000
29569 34.757458 -49.370239 -8.232996 1.000000
29570 35.505997 -47.632454 -8.997059 1.000000
29571 36.191704 -45.830086 -9.919467 1.000000
29572 35.628990 -44.688164 -8.775930 1.000000
29573 36.315941 -44.389488 -9.753722 1.000000
29574 36.740700 -44.016518 -10.812319 1.000000
29575 37.161102 -42.169750 -11.768793 1.000000
29576 37.430962 -40.296764 -12.611201 1.000000
29577 37.573006 -38.385342 -13.410708 1.000000
30190 17.494289 -50.611687 -4.376895 1.000000
30192 18.004284 -47.412472 -6.135458 1.000000
30195 13.810585 -49.423115 -4.089924 1.000000
30202 16.754704 -43.988586 -8.273506 1.000000
30203 17.035944 -44.367764 -8.724911 1.000000
30204 17.705788 -45.086216 -9.117146 1.000000
30205 19.030869 -44.313652 -9.664650 1.000000
30206 19.970509 -43.109966 -9.975286 1.000000
30207 20.510700 -41.396492 -10.327263 1.000000
31801 31.779648 -39.665333 -4.234125 1.000000
31802 30.415945 -39.700668 -6.002538 1.000000
31803 28.513931 -39.232849 -7.685460 1.000000
31804 26.513391 -38.041943 -8.507288 1.000000
31805 28.169453 -38.452065 -8.619612 1.000000
31806 27.698765 -37.484516 -9.452307 1.000000
31807 27.099524 -36.436680 -10.082796 1.000000
31808 30.755825 -37.689079 -9.522477 1.000000
31809 28.629017 -36.703045 -10.304689 1.000000
31810 26.390116 -35.286190 -10.768795 1.000000
31811 25.649618 -34.109238 -11.279504 1.000000
31951 30.035852 -44.019581 -16.616070 1.000000
31952 29.057995 -45.067787 -16.339626 1.000000
31953 29.512323 -43.080059 -17.493246 1.000000
32661 23.236988 -49.980999 -2.839275 1.000000
32662 22.728970 -50.101192 -3.544741 1.000000
32663 22.025249 -50.353973 -4.068136 1.000000
32664 21.159885 -50.422661 -4.453425 1.000000
32665 21.156956 -48.687561 -5.217725 1.000000
32666 21.052649 -46.904060 -5.791360 1.000000
32667 20.840034 -44.939026 -6.245291 1.000000
32668 19.470661 -42.997883 -5.114390 1.000000
32669 19.879553 -42.924793 -5.707446 1.000000
32670 20.122625 -42.967850 -6.398793 1.000000
32671 19.002640 -41.297264 -6.664341 1.000000
32672 17.886637 -39.705849 -6.956369 1.000000
32673 17.179243 -38.320610 -7.082637 1.000000
34224 24.811731 -55.898357 -6.410436 1.000000
34225 24.905809 -57.175220 -6.329630 1.000000
34226 24.837101 -58.590260 -6.267086 1.000000
34227 27.722538 -56.605968 -5.428577 1.000000
34228 26.238037 -58.316628 -5.756495 1.000000
34229 24.710005 -59.884071 -6.189060 1.000000
34245 30.708496 -56.495331 -11.835515 1.000000
34246 32.089100 -56.308941 -10.688906 1.000000
34247 31.373615 -55.234306 -11.829817 1.000000
34248 30.400818 -53.918041 -12.755913 1.000000
34249 30.187769 -51.377159 -13.408447 1.000000
34250 30.328339 -49.185097 -13.996610 1.000000
34251 30.585186 -47.068073 -14.774178 1.000000
34252 34.391201 -50.515770 -9.624116 1.000000
34253 34.261620 -49.964928 -10.763382 1.000000
34254 33.943558 -49.206676 -11.941989 1.000000
34255 35.462624 -46.071697 -12.571425 1.000000
34256 34.410446 -47.213589 -12.736415 1.000000
34257 33.426601 -48.303223 -12.980780 1.000000
34258 32.643967 -47.292480 -13.930864 1.000000
34259 31.763391 -46.221992 -14.869555 1.000000
34260 30.846783 -45.116352 -15.722043 1.000000
34261 31.227179 -43.265839 -16.768070 1.000000
34262 31.737461 -41.401630 -17.977127 1.000000
34263 32.307884 -39.623238 -19.057297 1.000000
34264 34.616573 -39.894451 -17.924137 1.000000
34265 33.762642 -38.875866 -19.058430 1.000000
35916 23.014475 -53.367027 -7.461656 1.000000
35917 24.143179 -51.747761 -6.984395 1.000000
35918 25.242846 -50.030518 -6.579183 1.000000
35919 26.275721 -48.138100 -6.477353 1.000000
35920 24.797138 -46.985031 -7.092571 1.000000
35921 26.014606 -46.696178 -6.808643 1.000000
35922 27.289557 -46.350212 -6.779263 1.000000
35923 28.264288 -44.696484 -7.256658 1.000000
35924 29.009979 -43.243355 -8.051279 1.000000
35925 29.560902 -41.866474 -9.019544 1.000000
40015 16.935135 -37.940815 -5.280631 1.000000
40016 17.061077 -37.631435 -5.990186 1.000000
40017 17.177395 -37.367336 -6.766519 1.000000
40044 17.402430 -37.181873 -7.552020 1.000000
40045 17.598486 -37.193569 -8.335675 1.000000
40046 17.746305 -37.401741 -9.138712 1.000000
40047 17.835743 -37.713428 -9.870456 1.000000
40048 18.417912 -35.316517 -8.630440 1.000000
40049 17.873943 -36.309734 -9.800829 1.000000
40050 18.119915 -38.051571 -10.398354 1.000000
40051 18.707621 -38.607265 -10.829659 1.000000
40052 19.517355 -39.008968 -11.091027 1.000000
40053 20.388889 -39.522728 -11.107782 1.000000
40059 18.752666 -34.300728 -10.951303 1.000000
40060 18.695477 -35.739399 -11.798311 1.000000
40061 19.875561 -37.738380 -11.808863 1.000000
40062 21.387470 -39.894737 -10.916090 1.000000
40063 22.358334 -40.134422 -10.575094 1.000000
40064 23.466679 -40.311665 -10.225918 1.000000
40065 24.605555 -40.402699 -10.024673 1.000000
40066 22.681080 -37.208046 -12.616855 1.000000
40067 24.432484 -38.908092 -11.237254 1.000000
40068 25.793488 -40.496857 -9.945412 1.000000
40069 27.012720 -40.618668 -9.964693 1.000000
40070 28.336954 -40.601280 -10.028884 1.000000
40071 29.656149 -40.441399 -10.138885 1.000000
40144 20.499628 -31.738407 -14.949674 1.000000
40145 21.383669 -33.284557 -15.631021 1.000000
40146 23.340651 -34.737602 -15.246676 1.000000
40147 23.977898 -33.622456 -16.655460 1.000000
40148 24.782463 -34.688343 -15.363197 1.000000
40149 25.839621 -36.128811 -13.996991 1.000000
40150 27.984030 -37.611935 -12.705793 1.000000
40151 29.724453 -38.989048 -11.406711 1.000000
40152 31.217188 -40.159115 -10.259244 1.000000
40153 32.445782 -39.781090 -10.497938 1.000000
40154 33.672558 -39.283504 -10.814587 1.000000
40155 34.701843 -38.785271 -11.213881 1.000000
40156 33.160896 -36.006783 -13.383189 1.000000
40157 34.591892 -37.039978 -12.426931 1.000000
40158 35.653339 -38.251373 -11.795471 1.000000
40426 28.526901 -55.938721 -13.529694 1.000000
40432 28.421417 -46.230579 -16.286741 1.000000
