#!ascii label, from cvs_avg35 to fsaverage6
544
129 7.760413 -50.163280 8.412362 1.000000
133 23.259502 -62.459461 13.236807 1.000000
203 23.103733 -50.710136 1.531345 1.000000
204 20.176449 -52.133873 -3.751784 1.000000
289 13.097193 -56.651051 20.474686 1.000000
290 16.389521 -55.141197 13.335938 1.000000
439 8.314111 -60.545799 4.019128 1.000000
549 10.394827 -47.420166 4.499763 1.000000
559 21.913349 -54.859180 6.887292 1.000000
683 16.570385 -47.081623 0.864439 1.000000
684 19.056248 -46.154045 -1.519227 1.000000
770 7.651498 -57.722557 15.034271 1.000000
970 15.403272 -61.997841 1.949671 1.000000
972 14.377199 -51.399544 -2.906871 1.000000
1225 24.284758 -61.340069 18.987789 1.000000
1226 22.277502 -67.946114 16.371119 1.000000
1227 19.491457 -65.444878 12.656999 1.000000
1229 19.552046 -64.994972 7.867990 1.000000
1231 22.774326 -63.885937 7.926173 1.000000
1232 11.272628 -53.743935 10.715128 1.000000
1233 19.023886 -56.441357 8.980632 1.000000
1234 13.481947 -53.742882 8.009296 1.000000
1235 15.543818 -51.416821 6.303813 1.000000
1236 9.041914 -48.863537 6.368552 1.000000
1518 21.176365 -57.243237 -0.463228 1.000000
1519 23.675089 -51.439106 -2.246937 1.000000
1671 14.027870 -61.293129 24.412434 1.000000
1672 17.820890 -57.527264 22.904818 1.000000
1673 20.404453 -56.558208 19.025883 1.000000
1674 21.002562 -57.842934 14.198114 1.000000
1675 14.751987 -54.769661 17.602184 1.000000
1984 13.826082 -58.059032 0.477234 1.000000
2289 11.301842 -45.442802 2.832106 1.000000
2313 22.683605 -60.092609 8.739891 1.000000
2316 23.543427 -53.047234 4.651629 1.000000
2317 16.922552 -49.389210 3.790358 1.000000
2603 13.315249 -44.937420 0.523888 1.000000
2604 14.439517 -44.530174 -0.613224 1.000000
2890 19.954372 -62.610943 0.865820 1.000000
3145 24.055477 -61.850574 16.060787 1.000000
3146 23.496021 -64.775192 15.039813 1.000000
3147 22.150211 -64.894394 12.475897 1.000000
3148 18.860596 -65.216393 10.462970 1.000000
3149 21.455587 -65.025635 10.139066 1.000000
3150 21.428476 -64.895554 7.695889 1.000000
3151 22.682087 -63.313946 10.571917 1.000000
3152 9.017273 -52.749584 8.633145 1.000000
3153 12.420850 -53.957813 9.397523 1.000000
3154 10.152696 -52.188622 7.728613 1.000000
3155 11.042995 -51.705910 6.680911 1.000000
3156 8.464156 -49.519745 7.408343 1.000000
3490 24.042271 -50.928169 -0.425906 1.000000
3491 15.868088 -43.026711 -2.946000 1.000000
3747 15.356016 -56.894951 22.131815 1.000000
3748 19.637728 -56.902672 21.178404 1.000000
3749 16.930595 -55.839607 20.430971 1.000000
3750 17.683081 -55.348339 18.701838 1.000000
3751 14.034248 -55.461201 19.172167 1.000000
4346 8.399883 -62.223167 5.654611 1.000000
4351 20.546650 -54.713989 -2.019009 1.000000
4352 17.985647 -57.719654 -0.079372 1.000000
4353 17.432558 -55.435467 -1.785742 1.000000
4354 12.793708 -50.512474 -3.389710 1.000000
4355 11.727480 -53.686474 -1.190468 1.000000
5137 18.787104 -56.339622 14.007048 1.000000
5138 21.459717 -59.277058 11.282759 1.000000
5139 19.642445 -57.674580 11.401881 1.000000
5140 20.587017 -55.717834 7.695042 1.000000
5141 22.958567 -57.903755 7.633688 1.000000
5142 24.665979 -57.516979 6.890835 1.000000
5146 22.996363 -54.015381 5.941826 1.000000
5147 12.839470 -49.890213 5.006686 1.000000
5148 16.449564 -50.393585 5.126002 1.000000
5149 13.464157 -48.956169 3.946247 1.000000
5150 13.656763 -47.746849 2.849063 1.000000
5151 10.812866 -46.437271 3.653903 1.000000
5837 20.008499 -48.832233 1.379930 1.000000
5838 21.538538 -48.585182 0.048592 1.000000
5839 17.977659 -46.701069 -0.299995 1.000000
5840 15.210286 -43.820068 -1.754216 1.000000
5994 10.352776 -56.990765 17.971449 1.000000
6353 11.829204 -63.354694 3.833880 1.000000
6354 11.453241 -61.119946 3.759541 1.000000
6356 17.318180 -52.262825 -3.497447 1.000000
6814 23.641846 -64.314377 20.901808 1.000000
6815 24.091793 -64.863190 17.737051 1.000000
6816 21.138487 -66.742790 14.325648 1.000000
6817 17.041142 -64.905762 14.028819 1.000000
6818 13.156955 -64.170158 11.672045 1.000000
6819 16.359707 -64.460152 11.189812 1.000000
6820 17.014282 -64.617935 8.116091 1.000000
6824 22.287424 -66.041458 6.980896 1.000000
6825 23.766056 -64.679222 7.041788 1.000000
6826 13.792414 -54.442200 12.342570 1.000000
6827 17.262184 -56.436737 11.148829 1.000000
6828 14.781713 -55.354820 10.618620 1.000000
6829 16.057938 -55.168568 8.892962 1.000000
6830 17.355581 -54.123413 7.895654 1.000000
6831 18.729603 -52.954918 6.785907 1.000000
6832 14.528534 -52.543385 7.196074 1.000000
6833 11.917569 -50.810143 5.901735 1.000000
6834 9.728868 -48.192104 5.396653 1.000000
7380 22.434414 -60.033348 0.187359 1.000000
7382 22.754181 -54.417297 -1.800624 1.000000
7383 22.206753 -51.857536 -3.377748 1.000000
7384 22.561234 -48.404327 -1.659429 1.000000
7739 17.887711 -59.783897 24.693737 1.000000
7741 15.836719 -59.206337 23.909367 1.000000
7742 20.139042 -58.553223 23.577772 1.000000
7743 22.109928 -58.211987 21.737633 1.000000
7744 22.988543 -58.505669 19.246853 1.000000
7745 22.924301 -59.008312 16.533976 1.000000
7746 22.666992 -59.984169 13.892082 1.000000
7747 20.840271 -56.884296 16.774408 1.000000
7748 18.312389 -55.414299 16.466093 1.000000
7749 15.510553 -54.479042 15.513728 1.000000
7750 11.076319 -55.881855 16.947153 1.000000
7751 11.643618 -54.833153 15.607120 1.000000
7752 12.544153 -54.070965 14.043292 1.000000
7753 9.902398 -54.231861 11.726374 1.000000
7754 7.927279 -53.615074 9.215248 1.000000
8536 18.853872 -59.961895 0.736272 1.000000
8537 14.719999 -59.969349 1.567579 1.000000
8538 10.732447 -59.369713 2.456947 1.000000
8539 14.045848 -54.748180 -1.195272 1.000000
8540 10.817359 -57.161415 0.469248 1.000000
9429 11.718053 -44.200016 2.145219 1.000000
9471 22.518978 -67.898743 19.506517 1.000000
9495 22.546656 -61.210869 11.068972 1.000000
9496 23.172985 -62.164227 8.438019 1.000000
9497 24.531746 -62.625866 7.313626 1.000000
9498 21.253855 -58.124046 8.873912 1.000000
9499 24.320429 -60.228760 7.630104 1.000000
9506 23.510258 -51.957275 3.165533 1.000000
9507 19.723808 -51.980469 5.716178 1.000000
9508 20.176052 -51.000786 4.486821 1.000000
9509 20.250647 -49.990219 2.976832 1.000000
9510 16.930580 -48.301643 2.321970 1.000000
9511 13.713892 -46.462433 1.652541 1.000000
10283 12.394857 -43.759571 0.895272 1.000000
10284 12.860827 -43.588013 0.274869 1.000000
10825 23.662609 -62.101208 14.741379 1.000000
10826 23.518377 -63.536377 14.228785 1.000000
10827 23.004942 -63.780762 12.891119 1.000000
10828 21.707636 -64.980904 11.349943 1.000000
10829 22.605438 -63.983978 11.569245 1.000000
10830 22.255833 -64.319176 10.320915 1.000000
10831 22.888000 -62.985310 11.878386 1.000000
10832 8.111042 -51.720257 8.072961 1.000000
10833 9.625137 -52.431286 8.251879 1.000000
10834 8.666489 -51.369530 7.667018 1.000000
10835 9.148233 -51.034702 7.290146 1.000000
10836 8.133783 -49.853642 7.902670 1.000000
11170 23.698902 -50.767570 0.591667 1.000000
11172 16.291065 -42.724007 -3.466682 1.000000
11425 12.192202 -57.309589 21.124317 1.000000
11428 16.272167 -56.363453 21.367239 1.000000
11429 15.024854 -56.022045 20.700600 1.000000
11430 15.531929 -55.515881 19.963099 1.000000
11431 13.630987 -56.001076 19.848663 1.000000
12026 8.391015 -61.231972 5.005730 1.000000
12031 20.334175 -53.506744 -2.893854 1.000000
12032 19.121037 -55.141876 -1.957046 1.000000
12033 18.914921 -53.769798 -2.836075 1.000000
12798 16.243626 -65.903885 15.704788 1.000000
12817 17.610796 -55.723919 13.691919 1.000000
12818 19.161921 -57.031414 12.707811 1.000000
12819 17.978931 -56.430115 12.482911 1.000000
12820 21.229387 -55.285084 7.315198 1.000000
12821 22.671362 -56.448151 7.313799 1.000000
12822 23.450294 -56.123615 6.899859 1.000000
12824 24.087051 -55.756390 6.397871 1.000000
12825 24.567488 -55.331657 5.840788 1.000000
12826 22.457020 -54.443184 6.470609 1.000000
12827 11.460192 -48.814766 4.530287 1.000000
12828 13.160833 -49.438217 4.465636 1.000000
12829 11.810732 -48.353855 4.030641 1.000000
12830 11.979032 -47.813774 3.552745 1.000000
12831 10.664518 -47.004135 4.048896 1.000000
13568 18.278723 -47.987907 1.111068 1.000000
13569 19.100809 -47.834343 0.527020 1.000000
13570 17.313126 -46.926712 0.305825 1.000000
13571 13.704165 -42.989323 -0.861807 1.000000
13572 14.884656 -44.232594 -1.190452 1.000000
13574 14.349805 -42.154396 -2.023989 1.000000
14429 11.700370 -62.236237 3.934844 1.000000
14430 13.368711 -61.667358 2.863639 1.000000
14435 16.698166 -47.202408 -5.879435 1.000000
15195 24.044310 -61.128723 20.329540 1.000000
15196 24.202036 -62.838238 19.991562 1.000000
15197 24.423840 -63.090279 18.449642 1.000000
15198 21.708471 -65.577942 13.463943 1.000000
15199 22.461779 -65.955467 14.540736 1.000000
15200 20.319952 -65.863258 13.623187 1.000000
15201 18.991192 -65.858620 14.158522 1.000000
15202 18.334749 -65.130783 13.306448 1.000000
15203 16.499577 -64.659966 12.598397 1.000000
15204 17.790396 -64.993416 12.106099 1.000000
15205 19.074787 -65.114792 9.173383 1.000000
15206 17.863531 -64.782097 9.423834 1.000000
15207 18.374655 -64.780045 7.975254 1.000000
15211 19.985233 -65.474121 6.895290 1.000000
15212 22.199553 -64.509010 7.804649 1.000000
15213 21.774485 -65.271660 6.902191 1.000000
15214 22.590458 -64.803040 7.029993 1.000000
15216 23.145947 -64.212669 7.212348 1.000000
15217 12.498035 -54.091633 11.642507 1.000000
15218 14.310099 -54.868511 11.461780 1.000000
15219 13.045688 -54.394489 10.874932 1.000000
15220 12.866905 -54.056751 8.709322 1.000000
15221 14.070646 -54.841637 9.286570 1.000000
15222 14.719131 -54.464466 8.557595 1.000000
15223 16.803173 -54.622414 8.347982 1.000000
15224 15.307882 -53.896545 8.059853 1.000000
15225 15.807360 -53.331886 7.668994 1.000000
15226 13.989522 -53.185310 7.544679 1.000000
15227 9.943325 -50.378235 6.336832 1.000000
15228 11.459163 -51.317101 6.258120 1.000000
15229 10.348276 -49.964832 5.917832 1.000000
15230 10.734817 -49.584492 5.417788 1.000000
15231 9.401296 -48.526775 5.893089 1.000000
16226 24.057810 -52.756886 -1.514400 1.000000
16227 23.772203 -54.287636 -1.473884 1.000000
16228 23.350821 -52.968678 -2.199228 1.000000
16229 22.432003 -53.193958 -2.567054 1.000000
16230 23.035660 -51.678352 -2.922646 1.000000
16231 20.484776 -47.464237 -0.717465 1.000000
16232 22.118702 -48.476124 -0.776897 1.000000
16994 16.054714 -60.482124 24.459625 1.000000
16998 15.463231 -57.964966 23.168369 1.000000
16999 14.508367 -58.911671 23.676609 1.000000
17000 16.778004 -58.249092 23.559288 1.000000
17001 17.905462 -58.599335 23.943806 1.000000
17002 18.995192 -57.932972 23.272268 1.000000
17003 21.203808 -58.225487 22.783436 1.000000
17004 20.081335 -57.509632 22.486063 1.000000
17005 20.148066 -56.722328 20.147253 1.000000
17006 21.508413 -57.389782 20.411068 1.000000
17007 21.819599 -57.421867 19.185072 1.000000
17008 22.999720 -58.752117 17.886345 1.000000
17009 21.917057 -57.535145 17.945690 1.000000
17010 21.992496 -57.841125 16.674942 1.000000
17011 20.680134 -56.669273 17.940651 1.000000
17012 16.280869 -54.893532 18.236069 1.000000
17013 18.003639 -55.224945 17.597233 1.000000
17014 16.587589 -54.764843 17.221783 1.000000
17015 16.934269 -54.821022 16.047642 1.000000
17016 15.101782 -54.566582 16.602219 1.000000
17017 8.993195 -57.343910 16.525244 1.000000
17018 10.781890 -56.386833 17.466322 1.000000
17019 9.405863 -56.799721 16.023996 1.000000
17021 10.052660 -55.687855 14.956453 1.000000
17022 10.215808 -55.133148 14.268392 1.000000
17023 12.023305 -54.380211 14.844864 1.000000
17024 10.610275 -54.564465 13.659861 1.000000
17025 11.211066 -54.133106 13.002556 1.000000
17026 9.388306 -54.736855 12.228135 1.000000
17030 7.221578 -52.482624 8.817032 1.000000
18811 21.811977 -58.692818 -0.049797 1.000000
18812 20.754395 -60.067158 0.414921 1.000000
18813 20.149748 -58.604500 0.154367 1.000000
18814 15.919785 -58.088341 0.127618 1.000000
18815 16.361425 -59.047218 0.771305 1.000000
18816 14.284244 -59.104042 1.169955 1.000000
18817 12.598372 -59.784554 2.129632 1.000000
18818 12.165363 -58.813652 1.556516 1.000000
18819 15.869779 -51.927315 -3.215453 1.000000
18820 15.766869 -53.579559 -2.325668 1.000000
18821 14.220169 -53.100201 -1.991672 1.000000
18822 10.643858 -55.085686 -0.759214 1.000000
18823 11.286849 -55.398094 -0.399649 1.000000
18824 10.104750 -56.647095 0.079095 1.000000
18825 9.495742 -58.209461 1.183402 1.000000
21113 23.438059 -66.435242 18.616503 1.000000
21114 23.209446 -66.177628 20.290203 1.000000
21115 22.538584 -68.076813 17.832726 1.000000
21135 13.337733 -64.118698 10.030733 1.000000
21136 11.518587 -64.461075 10.451330 1.000000
21172 21.936880 -58.799358 14.105078 1.000000
21173 22.562389 -60.626171 12.463278 1.000000
21174 21.998991 -59.566517 12.662783 1.000000
21175 21.942081 -59.795776 9.786590 1.000000
21176 22.413475 -60.757957 9.739233 1.000000
21177 23.054617 -61.150658 8.604469 1.000000
21178 23.824219 -62.353588 7.743875 1.000000
21179 23.774261 -61.287071 7.894580 1.000000
21180 18.087538 -56.763344 9.982045 1.000000
21181 19.294453 -57.405750 10.013129 1.000000
21182 20.209702 -57.256165 8.906136 1.000000
21183 24.724070 -58.881653 7.367581 1.000000
21184 23.770811 -58.970345 7.682349 1.000000
21185 25.236027 -60.194252 7.265924 1.000000
21186 25.493259 -61.594673 7.110153 1.000000
21202 17.082232 -52.148796 6.676898 1.000000
21203 19.259050 -52.441853 6.269948 1.000000
21204 17.581438 -51.623810 6.080347 1.000000
21205 16.718960 -49.881832 4.458475 1.000000
21206 18.356274 -50.699581 4.835267 1.000000
21207 18.577345 -50.172871 4.111238 1.000000
21208 20.280422 -50.511147 3.761480 1.000000
21209 18.570410 -49.635384 3.414186 1.000000
21210 18.592228 -49.178989 2.675655 1.000000
21211 16.934019 -48.881001 3.053252 1.000000
21212 12.233002 -46.657501 2.574552 1.000000
21213 13.801481 -47.146675 2.256200 1.000000
21214 12.269979 -45.995026 2.115112 1.000000
21215 12.375273 -45.352951 1.609015 1.000000
21216 11.472708 -44.824608 2.459902 1.000000
23117 14.983419 -46.074268 0.608270 1.000000
23118 15.620334 -45.907055 0.098443 1.000000
23119 13.963359 -44.815708 -0.037155 1.000000
23120 13.317146 -43.354256 -0.252046 1.000000
23634 17.654793 -62.388512 1.236408 1.000000
24093 24.293640 -61.643238 17.525900 1.000000
24094 24.350809 -63.235970 16.980305 1.000000
24095 24.012058 -63.364021 15.657572 1.000000
24096 22.875053 -64.738022 13.809671 1.000000
24097 20.971121 -65.406166 12.335566 1.000000
24098 18.961605 -65.335785 11.624887 1.000000
24099 20.373529 -65.390358 11.270473 1.000000
24100 20.241743 -65.351891 10.191303 1.000000
24101 20.336193 -65.215370 8.994498 1.000000
24102 20.490936 -64.986389 7.803228 1.000000
24103 21.352728 -64.983604 8.915735 1.000000
24104 22.146618 -64.437210 8.967567 1.000000
24105 22.653980 -63.631947 9.136670 1.000000
24106 10.022272 -53.366913 9.678272 1.000000
24107 11.907443 -53.845448 10.064386 1.000000
24108 10.721259 -53.181122 9.218046 1.000000
24109 11.341505 -53.128357 8.574789 1.000000
24110 11.732984 -53.004936 7.934747 1.000000
24111 12.264060 -52.838104 7.339841 1.000000
24112 10.606837 -51.979198 7.165700 1.000000
24113 9.524411 -50.664909 6.819417 1.000000
24114 8.778641 -49.144424 6.942877 1.000000
24713 24.498095 -52.476166 -0.714458 1.000000
24714 24.003674 -51.172779 -1.371745 1.000000
24715 17.452951 -44.644341 -2.323938 1.000000
24716 19.526066 -45.830772 -2.178027 1.000000
24717 17.872181 -44.245750 -2.949732 1.000000
25176 14.234785 -57.572899 22.853144 1.000000
25177 16.579945 -57.236305 22.469700 1.000000
25178 18.881731 -57.084106 22.140089 1.000000
25180 18.281717 -56.436176 20.812702 1.000000
25181 18.768543 -56.066334 19.865759 1.000000
25182 19.075752 -55.908825 18.943384 1.000000
25183 17.339279 -55.536915 19.593996 1.000000
25184 15.920326 -55.160484 19.141657 1.000000
25185 14.375114 -55.041100 18.421146 1.000000
25188 6.811468 -57.296337 13.035902 1.000000
25189 7.180476 -56.668083 12.403687 1.000000
25190 7.520735 -56.015003 11.751503 1.000000
25191 7.884573 -55.365650 11.124380 1.000000
26256 6.984936 -62.971718 6.429053 1.000000
26263 20.799606 -55.877296 -1.201815 1.000000
26264 19.670757 -57.338428 -0.278765 1.000000
26265 19.321331 -56.277142 -1.104797 1.000000
26266 17.570271 -56.746075 -0.896116 1.000000
26267 15.672381 -56.897503 -0.714576 1.000000
26268 13.353038 -50.879066 -3.006535 1.000000
26269 12.929868 -52.474285 -1.954100 1.000000
26270 12.170183 -52.124939 -2.254745 1.000000
26271 11.284493 -53.456341 -1.682243 1.000000
27679 19.893290 -57.025360 14.213590 1.000000
27680 21.143738 -58.533966 12.787887 1.000000
27681 20.220222 -57.725639 12.819763 1.000000
27682 20.629204 -58.417614 11.419618 1.000000
27683 21.278229 -58.907818 9.926264 1.000000
27684 19.835138 -56.094353 8.213427 1.000000
27685 21.078211 -57.090405 8.136384 1.000000
27686 21.965292 -56.752357 7.585332 1.000000
27687 23.871679 -57.663483 7.338874 1.000000
27688 25.615093 -58.764538 6.840491 1.000000
27696 23.329365 -53.545250 5.309203 1.000000
27697 14.221884 -50.713566 5.692720 1.000000
27698 16.011103 -50.847069 5.734991 1.000000
27699 14.589765 -50.197289 5.136531 1.000000
27700 15.016943 -49.731251 4.565764 1.000000
27701 15.202345 -49.204315 3.916104 1.000000
27702 15.316084 -48.671520 3.305888 1.000000
27703 13.614868 -48.397125 3.420298 1.000000
27704 12.125012 -47.257225 3.059556 1.000000
27705 11.025750 -45.946869 3.229489 1.000000
28979 21.596991 -49.719093 1.524388 1.000000
28980 22.384388 -49.662811 0.770234 1.000000
28981 20.837290 -48.728790 0.709010 1.000000
28982 19.782137 -47.657959 -0.103406 1.000000
28983 18.589634 -46.469467 -0.895787 1.000000
28984 16.165583 -45.662487 -0.499634 1.000000
28985 16.641521 -45.372753 -1.097141 1.000000
28986 17.085785 -45.080116 -1.712482 1.000000
28987 15.573471 -43.413589 -2.409823 1.000000
29346 11.767105 -56.803326 19.288044 1.000000
30184 10.066773 -62.797585 4.934800 1.000000
30185 9.910646 -61.633446 4.818990 1.000000
30186 9.717199 -60.674480 4.192743 1.000000
30187 20.107819 -50.551826 -4.660865 1.000000
30188 18.795055 -52.291393 -3.716298 1.000000
30189 18.856873 -50.694847 -4.620419 1.000000
30191 16.038921 -50.302330 -4.047778 1.000000
30193 16.328632 -48.730125 -4.981760 1.000000
30194 14.643694 -49.828766 -3.854202 1.000000
30195 13.810585 -49.423115 -4.089924 1.000000
31260 24.011686 -64.608742 19.347651 1.000000
31261 23.358540 -66.554665 16.987875 1.000000
31262 23.913013 -64.910500 16.296576 1.000000
31263 23.037590 -66.332108 15.658295 1.000000
31264 21.784807 -67.450096 15.123278 1.000000
31265 19.607683 -67.041389 14.501697 1.000000
31266 17.751499 -65.856285 14.937808 1.000000
31267 15.318828 -64.969620 14.479235 1.000000
31268 13.040861 -64.729568 13.276628 1.000000
31269 14.893076 -64.522743 13.006493 1.000000
31270 14.852097 -64.145866 11.442707 1.000000
31271 15.043287 -64.077324 9.765347 1.000000
31272 17.644194 -64.866371 10.842038 1.000000
31273 16.564941 -64.360619 9.508451 1.000000
31274 15.387677 -64.635208 8.303186 1.000000
31282 20.903351 -65.429741 6.929183 1.000000
31288 15.118741 -54.691231 12.972219 1.000000
31289 16.764099 -55.797218 12.270201 1.000000
31290 15.572836 -55.310066 11.960249 1.000000
31291 16.044079 -55.828667 10.960914 1.000000
31292 16.748613 -56.033455 9.909651 1.000000
31293 13.548239 -54.789532 10.087956 1.000000
31294 15.374001 -55.500427 9.687819 1.000000
31295 17.658367 -55.743019 9.025944 1.000000
31296 18.324551 -55.281788 8.368695 1.000000
31297 19.005260 -54.867767 7.858861 1.000000
31298 19.681158 -54.359180 7.341185 1.000000
31299 20.345440 -53.885445 6.896565 1.000000
31300 18.032864 -53.550171 7.367753 1.000000
31301 16.474323 -52.734276 7.227360 1.000000
31302 15.032640 -51.947075 6.765221 1.000000
31303 12.785956 -52.323158 6.946812 1.000000
31304 13.262224 -51.754280 6.591264 1.000000
31305 13.760691 -51.211647 6.172194 1.000000
31306 12.420240 -50.391144 5.480570 1.000000
31307 11.079023 -49.167244 4.957926 1.000000
31308 10.045340 -47.780056 5.012643 1.000000
32649 22.543034 -57.285072 -0.538187 1.000000
32651 23.273386 -55.787403 -1.066756 1.000000
32652 22.032276 -55.799873 -1.176985 1.000000
32653 21.662521 -54.547676 -1.939321 1.000000
32654 21.390726 -53.325829 -2.783516 1.000000
32655 21.205845 -51.963951 -3.652672 1.000000
32656 22.988092 -49.657539 -0.102738 1.000000
32657 23.344645 -49.634331 -1.041249 1.000000
32658 23.442020 -49.819977 -1.982279 1.000000
32661 23.236988 -49.980999 -2.839275 1.000000
32662 22.728970 -50.101192 -3.544741 1.000000
32663 22.025249 -50.353973 -4.068136 1.000000
32664 21.159885 -50.422661 -4.453425 1.000000
33630 17.024715 -59.481956 24.275122 1.000000
33631 19.050165 -59.044563 24.276728 1.000000
33633 22.211414 -59.286781 22.940924 1.000000
33634 23.021906 -59.400482 21.849253 1.000000
33635 23.557461 -59.615955 20.532541 1.000000
33636 20.908497 -57.397346 21.576105 1.000000
33637 22.654400 -58.335426 20.532898 1.000000
33638 23.779541 -59.850708 19.196365 1.000000
33639 23.803181 -60.111946 17.784573 1.000000
33640 23.630875 -60.431091 16.331949 1.000000
33641 23.381651 -60.785908 14.921936 1.000000
33642 23.121714 -61.192955 13.593356 1.000000
33643 22.811131 -59.483215 15.242193 1.000000
33644 22.041142 -58.297688 15.449878 1.000000
33645 20.980597 -57.302319 15.522161 1.000000
33646 19.324566 -55.879120 17.860140 1.000000
33647 19.572283 -56.086803 16.710112 1.000000
33648 19.768757 -56.504509 15.456866 1.000000
33649 18.591702 -55.797791 15.210367 1.000000
33650 17.288048 -55.120796 14.866325 1.000000
33651 15.929645 -54.657787 14.415680 1.000000
33652 12.185984 -56.138771 18.734476 1.000000
33653 12.580042 -55.582397 18.158348 1.000000
33654 12.849399 -55.115685 17.450735 1.000000
33656 11.404886 -55.348358 16.318853 1.000000
33657 13.125608 -54.717552 16.688356 1.000000
33658 13.548970 -54.378735 15.809796 1.000000
33659 14.005232 -54.239941 14.893051 1.000000
33660 14.534193 -54.341316 13.938612 1.000000
33661 13.163412 -54.153576 13.228401 1.000000
33662 11.800966 -53.983223 12.275366 1.000000
33663 10.554602 -53.834572 11.287794 1.000000
33664 8.322826 -54.725994 10.717052 1.000000
33665 8.867905 -54.155750 10.394621 1.000000
33666 9.424109 -53.732220 10.032127 1.000000
33667 8.481027 -53.166615 8.940222 1.000000
33668 7.671094 -52.083076 8.450518 1.000000
35873 19.305006 -61.252655 0.801446 1.000000
35874 17.171810 -61.067883 1.283860 1.000000
35875 18.323513 -58.754932 0.466401 1.000000
35876 16.852859 -59.976704 1.099101 1.000000
35877 15.162909 -60.875835 1.870397 1.000000
35878 13.040471 -60.647667 2.553438 1.000000
35879 11.089450 -60.229988 3.124382 1.000000
35880 9.519405 -59.913635 3.242732 1.000000
35881 17.351051 -53.859962 -2.655180 1.000000
35882 15.656168 -55.266273 -1.531143 1.000000
35883 13.768695 -56.626434 -0.458837 1.000000
35884 12.714334 -54.176453 -0.972785 1.000000
35885 12.363699 -55.995789 -0.306633 1.000000
35886 11.979314 -57.725502 0.712844 1.000000
35887 10.496435 -58.499809 1.609392 1.000000
35888 9.314008 -59.114422 2.312179 1.000000
38510 9.604950 -46.786095 5.820464 1.000000
38523 11.152372 -44.743664 3.846702 1.000000
38651 22.373560 -67.636536 21.158617 1.000000
38676 11.218786 -64.648712 11.983942 1.000000
38677 9.527754 -65.073692 11.326474 1.000000
38721 22.895569 -61.761242 12.219957 1.000000
38722 22.742172 -62.296253 10.844468 1.000000
38723 22.773123 -62.704170 9.442165 1.000000
38724 22.070349 -60.202721 11.243444 1.000000
38725 22.705221 -61.765923 9.627855 1.000000
38726 23.110107 -63.112602 8.146482 1.000000
38727 23.555080 -63.319225 7.405854 1.000000
38728 24.178425 -63.688599 7.212911 1.000000
38730 18.519398 -57.162312 11.297565 1.000000
38731 20.453272 -58.112366 9.978218 1.000000
38732 22.057514 -59.085541 8.778091 1.000000
38733 22.077948 -58.096081 8.078710 1.000000
38734 22.887985 -59.105957 8.061071 1.000000
38735 23.458090 -60.211243 8.091627 1.000000
38736 24.601564 -61.437275 7.471138 1.000000
38756 23.313671 -51.336266 2.345928 1.000000
38757 20.902813 -53.356659 6.449222 1.000000
38758 21.312572 -52.891205 5.943495 1.000000
38759 21.646105 -52.444977 5.319546 1.000000
38760 18.030025 -51.111233 5.495380 1.000000
38761 19.967064 -51.484779 5.115182 1.000000
38762 21.858856 -51.916943 4.625957 1.000000
38763 21.904570 -51.385597 3.921900 1.000000
38764 21.820618 -50.851917 3.148016 1.000000
38765 21.773373 -50.342834 2.348773 1.000000
38766 20.227589 -49.449493 2.204765 1.000000
38767 18.519409 -48.632111 1.905852 1.000000
38768 16.814104 -47.755741 1.574413 1.000000
38769 15.379934 -48.101471 2.656015 1.000000
38770 15.348984 -47.461693 1.986289 1.000000
38771 15.174008 -46.822151 1.306299 1.000000
38772 13.554624 -45.738453 1.064205 1.000000
38773 12.305288 -44.581871 1.185001 1.000000
