#!ascii label, from cvs_avg35 to fsaverage6
843
7 46.091331 -43.958580 7.236150 1.000000
89 53.214897 -31.127811 1.439064 1.000000
138 53.735291 -57.563774 5.979241 1.000000
209 46.138573 -36.760406 5.093200 1.000000
210 45.039528 -36.945793 -2.708164 1.000000
211 51.372368 -43.647636 0.496788 1.000000
449 45.969723 -27.356424 -2.513105 1.000000
450 52.325478 -32.853020 -9.136168 1.000000
569 44.766472 -48.149231 13.100924 1.000000
570 54.605785 -50.980816 7.118955 1.000000
571 49.918453 -54.662140 13.293402 1.000000
572 45.459114 -57.037529 12.086878 1.000000
587 49.932480 -39.654121 11.925762 1.000000
689 44.782608 -40.411827 6.370833 1.000000
690 45.384499 -41.540871 2.207478 1.000000
691 48.541656 -43.859428 4.096315 1.000000
985 53.255424 -25.676533 -1.106333 1.000000
986 49.259209 -28.849407 0.601732 1.000000
987 51.057629 -39.400646 -4.620005 1.000000
988 47.828903 -35.367249 -6.209002 1.000000
989 55.323128 -36.300682 -6.530830 1.000000
1259 43.744984 -48.672935 16.799671 1.000000
1260 46.842400 -51.404388 12.505964 1.000000
1261 44.428391 -52.615410 16.518248 1.000000
1265 40.835407 -58.281109 12.505903 1.000000
1266 40.104534 -59.618248 18.166615 1.000000
1303 46.221928 -45.271812 16.306950 1.000000
1396 56.691120 -55.144653 8.295436 1.000000
1397 58.080402 -50.732750 5.225610 1.000000
1527 49.264412 -34.285347 2.994975 1.000000
1528 45.725250 -32.796986 1.246113 1.000000
1529 44.337868 -37.331890 1.433742 1.000000
1530 47.749886 -41.278923 -1.766246 1.000000
1531 55.000896 -43.052811 -2.936178 1.000000
1774 49.912098 -59.743927 5.423093 1.000000
1775 56.314049 -60.490410 4.080681 1.000000
1777 51.705971 -58.484234 0.940778 1.000000
2006 44.169670 -31.845654 -2.491155 1.000000
2007 45.417854 -30.814856 -7.081560 1.000000
2345 45.866043 -46.239372 10.098761 1.000000
2346 50.404476 -47.238060 6.193825 1.000000
2347 49.155071 -49.847977 9.212068 1.000000
2348 52.358604 -53.239838 9.897058 1.000000
2349 53.788200 -56.864948 10.555833 1.000000
2351 50.977955 -57.449577 13.129869 1.000000
2352 49.186989 -56.681202 8.270219 1.000000
2353 44.694389 -58.035572 7.811540 1.000000
2398 45.599335 -43.324619 13.532862 1.000000
2399 45.469257 -40.812099 10.503374 1.000000
2424 56.003185 -32.945290 3.651219 1.000000
2426 48.252167 -38.120274 8.299043 1.000000
2509 53.783173 -46.851780 3.732948 1.000000
2510 57.520557 -45.866558 1.923543 1.000000
2609 45.024807 -42.249969 6.805544 1.000000
2610 45.812859 -42.624901 4.969717 1.000000
2611 47.141041 -44.002983 5.626060 1.000000
2905 53.442909 -28.004633 0.870076 1.000000
2906 51.273224 -29.774464 1.494797 1.000000
2908 53.137611 -37.786663 -5.454331 1.000000
2909 56.901928 -38.526237 -5.616965 1.000000
2910 58.722107 -36.918232 -6.208659 1.000000
2911 60.728497 -39.423008 -5.670432 1.000000
3180 43.624062 -50.751694 16.569010 1.000000
3316 55.619953 -56.714703 7.684955 1.000000
3317 58.051399 -55.376179 6.666739 1.000000
3504 47.626240 -35.301727 4.241541 1.000000
3505 45.994072 -35.289085 2.825038 1.000000
3506 44.913857 -37.048923 3.368740 1.000000
3507 48.119442 -42.947212 1.094836 1.000000
3508 46.385700 -41.628826 0.090056 1.000000
3509 49.581589 -42.745575 -0.942521 1.000000
3510 51.243214 -42.175636 -2.585308 1.000000
3511 53.249153 -43.443714 -1.365556 1.000000
3917 51.150532 -61.346703 4.880319 1.000000
3918 48.918903 -61.816597 5.191812 1.000000
3920 49.594254 -60.507275 2.328888 1.000000
4392 49.341797 -26.584820 -1.600762 1.000000
4393 51.230083 -24.782463 -2.302252 1.000000
4394 47.591572 -25.552568 -3.003380 1.000000
4395 46.319386 -24.472080 -4.685323 1.000000
4396 44.978477 -26.536350 -4.571384 1.000000
4397 44.085213 -34.817726 -0.578412 1.000000
4398 44.537384 -32.213661 -0.346367 1.000000
4399 44.314781 -34.428474 -2.772275 1.000000
4401 46.534481 -33.174046 -6.747012 1.000000
5219 45.449837 -47.422062 11.630167 1.000000
5220 47.513706 -48.155464 9.418367 1.000000
5221 46.644577 -49.306446 10.930880 1.000000
5222 48.350197 -53.060345 12.857180 1.000000
5223 49.579521 -52.412159 10.999544 1.000000
5224 51.237213 -54.140614 11.609556 1.000000
5225 53.590363 -55.233593 10.661545 1.000000
5226 52.696156 -55.897869 12.030652 1.000000
5231 50.123596 -57.662842 14.627020 1.000000
5232 48.202446 -57.041248 12.496730 1.000000
5233 49.758114 -56.955853 10.893490 1.000000
5234 47.102287 -56.676750 9.898193 1.000000
5235 46.958790 -57.188068 7.540050 1.000000
5236 44.753788 -57.049480 9.539087 1.000000
5350 44.788902 -46.437508 14.977255 1.000000
5351 45.875172 -44.411713 15.010968 1.000000
5352 44.875622 -45.826172 13.436951 1.000000
5353 44.833969 -44.751942 11.944494 1.000000
5413 59.558929 -32.529991 4.099990 1.000000
5415 53.935982 -34.113270 4.966079 1.000000
5418 51.009083 -37.775364 8.483377 1.000000
5419 49.169247 -38.661793 10.130558 1.000000
5420 46.671364 -39.192272 9.606161 1.000000
5421 47.342632 -39.981976 11.426743 1.000000
5626 52.557442 -49.026924 6.419137 1.000000
5627 51.971722 -47.095909 4.881305 1.000000
5628 54.300995 -49.071724 5.328565 1.000000
5629 59.972374 -50.545788 4.428608 1.000000
5630 57.970501 -48.478596 3.245391 1.000000
5631 60.124249 -47.654282 2.514912 1.000000
5847 45.124359 -38.585964 5.739314 1.000000
5848 44.457760 -39.116005 3.819913 1.000000
5849 44.870392 -41.022320 4.338637 1.000000
5850 46.795799 -42.858223 3.091865 1.000000
5851 49.937248 -43.753868 2.209136 1.000000
6380 55.458992 -26.284397 0.062233 1.000000
6381 51.344353 -27.243143 -0.203717 1.000000
6382 47.364769 -28.169872 -0.846174 1.000000
6383 47.581551 -38.352997 -3.850986 1.000000
6384 46.204475 -36.204147 -4.522870 1.000000
6385 49.436954 -37.248817 -5.275941 1.000000
6386 51.654285 -36.056675 -6.746710 1.000000
6387 53.956642 -34.725044 -8.482500 1.000000
6388 56.400352 -33.076530 -9.700693 1.000000
6389 57.561470 -35.150303 -8.050280 1.000000
6875 44.143223 -48.604801 14.829854 1.000000
6876 45.582909 -50.022316 12.610594 1.000000
6877 44.529907 -50.390064 14.469070 1.000000
6878 45.635811 -52.127357 14.452669 1.000000
6879 46.942272 -53.588390 14.741102 1.000000
6884 44.736256 -57.616131 14.547734 1.000000
6885 43.047752 -57.463024 12.059721 1.000000
6886 42.255978 -57.888233 14.939116 1.000000
6887 40.155403 -58.748718 15.395566 1.000000
6955 44.930645 -46.806236 16.469568 1.000000
6996 52.605865 -39.540810 12.269117 1.000000
7120 56.088642 -53.014965 7.835721 1.000000
7121 56.404846 -50.913712 6.089003 1.000000
7122 57.967010 -53.072243 6.788302 1.000000
7123 59.381256 -53.107399 5.670673 1.000000
7401 51.090851 -32.925743 1.930598 1.000000
7402 49.116180 -31.689789 1.838011 1.000000
7403 47.394924 -33.566238 2.136956 1.000000
7404 44.720871 -34.997169 1.307702 1.000000
7405 44.401562 -37.277813 -0.659724 1.000000
7406 44.472820 -39.629784 1.648326 1.000000
7407 45.096001 -39.725914 -0.495517 1.000000
7408 46.187668 -39.243336 -2.403261 1.000000
7409 49.370430 -40.512627 -3.333141 1.000000
7410 53.021065 -41.295998 -3.977376 1.000000
7978 51.870186 -58.903656 5.309300 1.000000
7979 54.880566 -59.251350 4.840791 1.000000
7980 53.240448 -60.663910 4.737500 1.000000
7981 54.243725 -62.114788 3.930843 1.000000
7984 51.955555 -60.708031 2.315974 1.000000
8594 47.262016 -30.716766 1.085146 1.000000
8595 45.731380 -30.050842 -0.345344 1.000000
8596 44.743793 -29.426727 -2.249493 1.000000
8597 45.194225 -33.890572 -4.870439 1.000000
8598 44.463966 -31.396912 -4.863542 1.000000
8599 44.271080 -28.858509 -4.727167 1.000000
9593 46.107330 -44.897690 8.685460 1.000000
9594 48.258965 -45.617928 6.699191 1.000000
9595 47.994995 -46.666241 7.878915 1.000000
9596 49.986111 -48.458828 7.746240 1.000000
9597 51.814148 -50.330761 7.901924 1.000000
9598 48.029766 -50.816978 10.819992 1.000000
9599 50.791138 -51.445812 9.403347 1.000000
9600 53.541893 -52.150707 8.541116 1.000000
9601 54.761127 -54.134632 9.268714 1.000000
9602 54.968666 -56.023384 9.432635 1.000000
9603 53.734398 -57.026085 8.768042 1.000000
9605 45.674229 -54.052269 16.699818 1.000000
9606 48.529018 -54.939075 15.076663 1.000000
9609 51.469971 -56.327301 13.591847 1.000000
9610 52.586071 -57.276379 11.872192 1.000000
9611 51.834969 -57.045006 9.727354 1.000000
9612 51.557716 -57.073296 7.024524 1.000000
9613 49.356342 -57.929005 6.081856 1.000000
9614 47.163918 -58.721729 6.371104 1.000000
9616 42.430920 -57.931438 9.838045 1.000000
9748 52.598122 -41.081978 13.914813 1.000000
9749 49.851372 -41.069172 13.486163 1.000000
9751 47.609585 -42.683033 14.503797 1.000000
9752 47.370369 -41.350883 12.963567 1.000000
9753 45.509693 -42.058208 11.958055 1.000000
9754 44.946663 -43.548393 10.413817 1.000000
9755 44.948086 -42.435326 8.877528 1.000000
9827 58.307293 -31.972769 2.291978 1.000000
9828 54.662586 -32.656731 2.027466 1.000000
9829 52.634880 -33.684685 3.299969 1.000000
9830 50.660629 -34.621067 4.695951 1.000000
9831 48.846600 -35.856285 5.707154 1.000000
9833 49.963623 -36.964928 6.955682 1.000000
9834 47.190117 -37.376007 6.640704 1.000000
9835 45.892231 -38.871323 7.718015 1.000000
9836 45.065697 -40.547760 8.432747 1.000000
10081 49.739906 -45.491779 5.386281 1.000000
10082 51.308392 -45.147736 4.137974 1.000000
10083 52.920837 -44.558083 2.852123 1.000000
10084 56.096107 -48.892570 4.223376 1.000000
10085 55.587841 -46.333466 2.959420 1.000000
10086 54.659283 -44.392895 1.250045 1.000000
10087 56.315819 -44.481609 -0.526575 1.000000
10289 45.448456 -43.114437 7.012459 1.000000
10290 45.861145 -43.238525 6.109625 1.000000
10291 46.565533 -43.997692 6.402719 1.000000
10585 53.440838 -29.494720 1.387450 1.000000
10586 52.286163 -30.404135 1.606352 1.000000
10588 55.932579 -39.297832 -5.346801 1.000000
10589 57.854454 -39.725334 -5.375695 1.000000
10590 58.761738 -38.920616 -5.653159 1.000000
10996 54.697338 -57.160229 6.885268 1.000000
10997 55.985329 -56.929790 6.603658 1.000000
10998 55.078224 -57.526375 5.812219 1.000000
11184 46.885044 -35.982445 4.720645 1.000000
11185 46.106739 -36.029846 3.989290 1.000000
11186 45.471523 -36.888882 4.272582 1.000000
11187 49.691414 -43.257854 0.617361 1.000000
11188 48.796570 -42.850677 -0.011189 1.000000
11189 50.464436 -43.222546 -0.369626 1.000000
11190 51.354542 -43.124306 -1.235495 1.000000
11191 52.343445 -43.604889 -0.498547 1.000000
11597 48.314732 -60.963306 5.507118 1.000000
11598 47.290565 -61.224873 5.679478 1.000000
12072 47.541801 -26.931335 -1.935535 1.000000
12073 48.464760 -26.111835 -2.308434 1.000000
12074 46.715096 -26.456711 -2.756211 1.000000
12075 46.060432 -25.944824 -3.648117 1.000000
12076 45.354343 -26.943054 -3.492398 1.000000
12077 44.289536 -35.968163 -1.771525 1.000000
12078 44.122581 -34.618767 -1.695046 1.000000
12079 44.594521 -35.697216 -2.821843 1.000000
12899 45.154297 -47.836746 12.373117 1.000000
12900 45.995872 -48.439953 11.168730 1.000000
12901 45.522346 -48.738510 12.027730 1.000000
12902 49.130119 -53.853935 13.111676 1.000000
12903 49.818172 -53.608795 12.230433 1.000000
12904 50.598812 -54.439125 12.453768 1.000000
12905 52.032246 -55.052589 11.874148 1.000000
12906 51.449303 -55.284325 12.640446 1.000000
12910 46.313564 -57.197937 13.365030 1.000000
12911 47.653816 -57.190685 13.450604 1.000000
12912 46.817993 -56.913940 12.262692 1.000000
12913 47.474693 -56.848682 11.195751 1.000000
12914 46.222389 -56.824535 10.952257 1.000000
12915 45.909290 -56.762341 9.636077 1.000000
12916 45.004482 -56.967449 10.765570 1.000000
13030 44.596199 -47.320805 14.037555 1.000000
13031 44.818146 -46.205769 14.229550 1.000000
13032 44.768494 -47.039265 13.308368 1.000000
13033 44.974991 -46.646950 12.573702 1.000000
13097 50.909161 -38.968636 11.166954 1.000000
13098 50.536720 -38.499413 10.227124 1.000000
13099 49.479649 -39.075558 10.988333 1.000000
13100 48.220284 -39.248280 10.793584 1.000000
13101 48.599117 -39.758327 11.680721 1.000000
13306 53.632812 -50.009174 6.814928 1.000000
13307 53.439564 -49.045570 5.888568 1.000000
13308 54.529835 -50.009708 6.332360 1.000000
13309 60.996326 -50.204853 3.946524 1.000000
13310 60.190685 -49.087799 3.532830 1.000000
13311 61.183746 -48.656532 3.144873 1.000000
13584 44.911572 -39.485302 6.086931 1.000000
13585 44.662239 -39.798481 5.077553 1.000000
13586 44.750553 -40.744877 5.364786 1.000000
13587 47.059280 -43.339855 4.458035 1.000000
13588 46.282944 -42.758495 4.054114 1.000000
13589 47.654030 -43.415199 3.546857 1.000000
13590 48.304279 -43.409019 2.595203 1.000000
13591 49.255119 -43.796181 3.144774 1.000000
14472 51.318317 -28.415180 0.803930 1.000000
14473 52.378395 -27.568247 0.382083 1.000000
14474 50.249577 -28.034113 0.184431 1.000000
14475 49.263306 -27.730785 -0.482785 1.000000
14476 48.279919 -28.509115 -0.103807 1.000000
14477 49.266136 -38.863110 -4.272803 1.000000
14478 48.467236 -37.798485 -4.572391 1.000000
14479 50.200401 -38.291466 -4.871591 1.000000
14480 54.237587 -36.960991 -5.902068 1.000000
14481 52.367085 -36.826088 -5.989998 1.000000
14482 53.499512 -36.170288 -6.699043 1.000000
14483 52.817982 -35.467560 -7.665094 1.000000
14484 54.688427 -35.565285 -7.544960 1.000000
14485 55.808178 -34.907825 -8.380301 1.000000
14486 56.368713 -35.745277 -7.261293 1.000000
14487 60.487617 -37.273167 -6.215269 1.000000
14488 59.668499 -36.285698 -6.656989 1.000000
15299 43.867275 -48.636379 15.800458 1.000000
15300 44.186897 -49.491802 14.641497 1.000000
15301 43.806515 -49.557365 15.637835 1.000000
15302 44.005188 -51.765728 16.473013 1.000000
15303 44.476738 -51.512184 15.415289 1.000000
15304 45.035419 -52.375652 15.439049 1.000000
15305 46.293213 -52.910423 14.594424 1.000000
15306 45.662231 -53.115307 15.548353 1.000000
15315 43.459698 -57.692005 14.738794 1.000000
15316 43.422523 -58.117481 16.054968 1.000000
15318 41.055916 -58.625099 16.641603 1.000000
15319 40.036545 -59.158813 16.836582 1.000000
15320 39.216309 -59.556190 15.533689 1.000000
15321 39.077515 -59.971527 16.954021 1.000000
15430 44.299767 -47.861767 17.503780 1.000000
15431 45.065372 -47.037876 17.331755 1.000000
15432 44.223656 -47.734161 16.568298 1.000000
15433 44.277184 -47.623375 15.686742 1.000000
15500 53.598774 -38.968624 11.517179 1.000000
15501 53.962975 -39.557964 12.483722 1.000000
15706 56.538513 -54.087288 8.162294 1.000000
15707 57.029613 -53.093578 7.286366 1.000000
15708 57.467072 -54.186401 7.570516 1.000000
15710 58.886719 -54.294147 6.173743 1.000000
16269 50.143459 -33.706535 2.444064 1.000000
16270 49.126572 -33.197918 2.151251 1.000000
16271 48.282772 -33.975075 2.505338 1.000000
16272 44.850204 -36.189220 2.282171 1.000000
16273 45.313576 -35.177437 2.081992 1.000000
16274 44.440289 -36.155033 1.396658 1.000000
16275 44.228996 -36.123680 0.386171 1.000000
16276 44.270134 -37.379143 0.356128 1.000000
16277 44.608860 -40.392052 3.021571 1.000000
16278 44.385639 -39.406883 2.731755 1.000000
16279 44.821114 -40.659344 1.904876 1.000000
16280 47.041210 -41.560570 -0.869567 1.000000
16281 45.657326 -40.787788 -0.199434 1.000000
16282 46.256157 -40.650993 -1.216312 1.000000
16283 45.609684 -39.586048 -1.487990 1.000000
16284 46.944202 -40.335201 -2.117771 1.000000
16285 47.665840 -39.937408 -2.904386 1.000000
16286 48.526775 -40.905426 -2.560426 1.000000
16287 53.148811 -42.585625 -2.773941 1.000000
16288 52.148933 -41.767239 -3.312014 1.000000
16289 54.071815 -42.167793 -3.505424 1.000000
16290 54.986279 -41.622417 -4.131776 1.000000
17506 50.882870 -59.412331 5.351446 1.000000
17507 52.558266 -59.833508 4.995932 1.000000
17508 51.565773 -60.228016 5.042974 1.000000
17509 51.709423 -62.213268 4.531526 1.000000
17510 52.770355 -61.973866 4.515431 1.000000
17517 50.672596 -59.524891 1.749300 1.000000
17519 51.836609 -59.475548 1.792430 1.000000
17520 52.982269 -59.637489 1.845142 1.000000
17521 52.761669 -58.469013 1.072452 1.000000
17522 53.644966 -57.315845 0.127836 1.000000
17525 52.350231 -56.685486 -2.073948 1.000000
18934 54.354271 -24.869394 -1.572945 1.000000
18942 45.214848 -25.100239 -5.672427 1.000000
18943 45.887215 -24.002522 -5.651830 1.000000
18944 45.100052 -24.756889 -6.837507 1.000000
18947 47.249443 -32.168816 1.665964 1.000000
18948 48.185402 -31.136013 1.562183 1.000000
18949 46.366886 -31.741587 1.181193 1.000000
18950 44.230217 -32.002617 -1.388465 1.000000
18951 45.063957 -31.069336 -0.298651 1.000000
18952 44.638126 -30.812124 -1.270694 1.000000
18953 45.184837 -29.690908 -1.292010 1.000000
18954 44.330284 -30.598522 -2.379347 1.000000
18955 46.968616 -35.779404 -5.384126 1.000000
18956 45.642372 -35.042236 -4.730295 1.000000
18957 46.324146 -34.711086 -5.622317 1.000000
18959 45.297569 -32.341034 -5.950033 1.000000
18960 44.869804 -31.099091 -6.035960 1.000000
18961 44.278141 -30.125080 -4.823456 1.000000
18962 44.561806 -29.855377 -6.047578 1.000000
18963 44.439259 -28.619080 -5.992637 1.000000
18964 45.034878 -29.631664 -7.147779 1.000000
21419 45.987110 -45.582935 9.368414 1.000000
21420 46.966663 -45.823841 8.251519 1.000000
21421 46.802540 -46.508244 8.970906 1.000000
21422 48.354378 -49.055157 9.337687 1.000000
21423 48.692459 -48.296974 8.562481 1.000000
21424 49.634666 -49.166012 8.497195 1.000000
21425 50.925793 -49.317253 7.778514 1.000000
21426 50.470264 -50.077179 8.508272 1.000000
21427 46.141827 -50.713562 12.565163 1.000000
21428 46.716808 -50.414833 11.658312 1.000000
21429 47.404427 -51.129765 11.709579 1.000000
21430 50.998745 -52.869476 10.426320 1.000000
21431 50.133263 -51.901379 10.201629 1.000000
21432 51.567284 -52.319092 9.636168 1.000000
21433 52.199097 -51.793171 8.887617 1.000000
21434 52.996552 -52.642017 9.192308 1.000000
21435 54.263203 -53.115601 8.894995 1.000000
21436 53.592358 -53.622375 9.600995 1.000000
21437 53.886829 -56.105324 10.731779 1.000000
21438 54.367096 -55.629314 10.096519 1.000000
21439 54.317078 -56.484245 9.998133 1.000000
21440 54.583733 -56.776245 9.264812 1.000000
21441 53.764893 -56.995544 9.734659 1.000000
21448 47.034756 -54.445854 15.820093 1.000000
21449 47.909630 -55.170319 15.904704 1.000000
21453 50.443733 -57.519135 13.852313 1.000000
21455 51.154247 -57.096485 14.229990 1.000000
21456 50.728176 -56.373085 14.440445 1.000000
21457 51.793343 -57.043526 13.484167 1.000000
21458 52.410454 -56.971313 12.824018 1.000000
21459 51.781261 -57.387524 12.533285 1.000000
21460 49.385517 -56.742695 9.625326 1.000000
21461 50.782597 -56.982368 10.313251 1.000000
21462 50.488392 -56.751057 8.972509 1.000000
21463 51.605145 -56.891693 8.518819 1.000000
21464 50.309395 -56.828896 7.587854 1.000000
21465 50.347324 -57.432686 6.359649 1.000000
21466 49.183811 -57.109016 6.985641 1.000000
21467 45.845589 -57.550365 7.592845 1.000000
21468 46.984489 -57.894951 6.817729 1.000000
21469 45.917099 -58.297890 7.026774 1.000000
21470 46.139275 -59.083107 6.624407 1.000000
21471 44.809978 -58.757721 7.281339 1.000000
21472 41.905369 -57.788158 12.223391 1.000000
21473 42.574455 -57.557678 10.880954 1.000000
21474 41.472214 -58.060291 11.109911 1.000000
21807 51.328022 -41.778858 14.496553 1.000000
21808 51.197121 -41.013668 13.693464 1.000000
21809 49.925240 -41.784554 14.251785 1.000000
21810 47.396782 -44.891701 16.667521 1.000000
21813 45.767803 -43.860519 14.310397 1.000000
21814 46.726223 -43.463589 14.798523 1.000000
21815 46.520691 -42.903347 14.084926 1.000000
21816 47.451382 -42.047493 13.719816 1.000000
21817 46.383781 -42.293602 13.332634 1.000000
21818 46.319641 -41.637501 12.588091 1.000000
21819 45.531528 -42.751507 12.750648 1.000000
21820 45.167667 -45.521740 10.998395 1.000000
21821 44.897522 -44.118778 11.224112 1.000000
21822 45.289124 -44.961540 10.182528 1.000000
21823 45.356075 -44.298901 9.463547 1.000000
22000 57.802757 -32.691914 3.847822 1.000000
22001 58.911549 -32.147816 3.219992 1.000000
22002 57.146221 -32.470787 2.981902 1.000000
22003 56.464905 -32.336220 2.149296 1.000000
22004 55.348145 -32.854401 2.796491 1.000000
22005 53.590782 -33.209694 2.594630 1.000000
22006 54.337059 -33.307308 3.469605 1.000000
22008 52.340340 -34.353050 4.840432 1.000000
22009 51.270805 -34.954292 5.418878 1.000000
22010 49.705360 -35.178917 5.209885 1.000000
22011 50.351082 -35.639816 5.905114 1.000000
22015 49.646595 -37.897339 8.412596 1.000000
22016 50.561821 -37.456383 7.641805 1.000000
22017 49.087715 -37.650978 7.565714 1.000000
22018 48.547134 -37.113453 6.832262 1.000000
22019 47.733089 -37.807762 7.480310 1.000000
22020 46.497486 -38.166958 7.186952 1.000000
22021 46.959698 -38.380798 8.107205 1.000000
22022 45.987209 -39.937214 10.084220 1.000000
22023 45.722343 -39.750267 9.067817 1.000000
22024 45.238148 -40.586586 9.467405 1.000000
22025 44.884186 -41.421265 8.714372 1.000000
22026 44.961658 -41.573639 9.753997 1.000000
22636 49.394794 -46.428558 6.384566 1.000000
22637 48.968811 -45.593613 6.020477 1.000000
22638 50.106964 -46.390522 5.714010 1.000000
22639 52.922691 -47.032402 4.253623 1.000000
22640 51.765503 -46.199280 4.485414 1.000000
22641 52.646442 -45.981121 3.898408 1.000000
22642 52.115917 -44.849396 3.510451 1.000000
22643 53.432789 -45.719601 3.549738 1.000000
22644 57.261517 -50.877552 5.512035 1.000000
22645 56.310619 -49.891689 5.219161 1.000000
22646 57.149666 -49.854988 4.789027 1.000000
22647 57.842079 -47.050285 2.518428 1.000000
22648 56.789581 -47.376884 2.930533 1.000000
22649 56.536854 -46.127201 2.431089 1.000000
22650 55.320557 -45.211098 2.363108 1.000000
22651 56.159210 -45.043224 1.625110 1.000000
22652 55.547260 -44.486656 0.314625 1.000000
22653 56.969261 -44.934826 0.867133 1.000000
22659 55.645794 -59.965424 4.478747 1.000000
22660 56.496735 -58.904457 4.584484 1.000000
22661 57.328514 -59.520485 4.260728 1.000000
23127 44.808113 -41.307793 6.602376 1.000000
23128 44.984840 -41.609985 5.630355 1.000000
23129 45.357353 -42.476379 5.858512 1.000000
23130 46.458645 -43.320499 5.267350 1.000000
23131 47.807384 -43.947975 4.870683 1.000000
23661 52.383739 -28.860760 1.222170 1.000000
23662 50.306293 -29.263977 1.148573 1.000000
23663 52.947548 -39.767941 -4.813712 1.000000
23664 52.046253 -38.677227 -5.100317 1.000000
23665 53.982372 -38.919071 -5.239678 1.000000
23666 55.032570 -38.093941 -5.528030 1.000000
23667 56.068737 -37.339397 -5.862687 1.000000
23668 57.043915 -36.583237 -6.331747 1.000000
23669 57.809776 -37.707367 -5.912888 1.000000
23670 59.689007 -38.052376 -5.999473 1.000000
24156 43.459278 -49.682293 16.684008 1.000000
24400 56.350533 -56.024059 8.158717 1.000000
24401 57.448742 -55.257324 7.591164 1.000000
24402 56.869598 -56.171112 7.300236 1.000000
24403 57.337105 -56.269970 6.260135 1.000000
24738 48.460136 -34.753563 3.609821 1.000000
24739 47.510616 -34.680305 2.969381 1.000000
24740 46.787586 -35.333103 3.576908 1.000000
24741 45.354057 -36.114437 3.154361 1.000000
24742 44.532692 -37.205261 2.440985 1.000000
24743 46.622288 -42.327122 1.596704 1.000000
24744 45.837273 -41.619946 1.159431 1.000000
24745 47.207310 -42.348228 0.582059 1.000000
24746 47.859444 -42.302341 -0.425636 1.000000
24747 48.623344 -42.089264 -1.356848 1.000000
24748 49.467266 -41.803459 -2.252383 1.000000
24749 50.415966 -42.536797 -1.780300 1.000000
24750 52.279369 -42.851433 -2.033071 1.000000
24751 54.163280 -43.339520 -2.199488 1.000000
25480 48.921593 -59.984020 5.608729 1.000000
25481 50.555950 -60.475647 5.170166 1.000000
25482 49.467949 -60.729034 5.284356 1.000000
25483 50.087505 -61.621185 5.057148 1.000000
25484 50.616699 -62.305321 4.562102 1.000000
25485 47.610325 -61.597046 3.106771 1.000000
25486 48.626713 -61.469887 2.986284 1.000000
25487 48.500984 -60.672630 2.477003 1.000000
25488 49.534302 -59.725330 1.778856 1.000000
25489 50.586891 -58.680748 0.985376 1.000000
26336 51.275654 -26.108204 -1.314369 1.000000
26337 52.269966 -25.288479 -1.709032 1.000000
26338 50.243088 -25.725256 -1.968825 1.000000
26340 48.525536 -24.638773 -3.193450 1.000000
26342 46.883904 -25.000996 -3.798739 1.000000
26343 45.566826 -25.509922 -4.644335 1.000000
26344 44.776237 -26.233484 -5.750284 1.000000
26345 44.604717 -33.657665 0.513727 1.000000
26346 45.059032 -32.510540 0.547186 1.000000
26347 44.230385 -33.446682 -0.475300 1.000000
26348 44.078911 -33.305527 -1.514335 1.000000
26349 44.173279 -33.091438 -2.621981 1.000000
26350 48.843941 -34.802284 -7.061497 1.000000
26351 47.181450 -34.283062 -6.534625 1.000000
26352 48.096870 -33.806541 -7.329009 1.000000
27827 45.725605 -46.899921 10.823690 1.000000
27828 46.645134 -47.195732 9.704584 1.000000
27829 46.340405 -47.885742 10.430161 1.000000
27830 47.162193 -48.849152 10.191650 1.000000
27831 47.902168 -49.614502 10.067175 1.000000
27832 47.581879 -52.298443 12.628583 1.000000
27833 48.184143 -51.924126 11.703974 1.000000
27834 49.014496 -52.753387 11.891940 1.000000
27835 50.417553 -53.298439 11.292301 1.000000
27836 51.789604 -53.769417 10.749898 1.000000
27837 52.972088 -54.199780 10.321187 1.000000
27838 52.509956 -54.681694 11.115138 1.000000
27839 53.147717 -55.620827 11.309491 1.000000
27840 53.422901 -56.423035 11.368421 1.000000
27846 48.710785 -57.940815 15.486267 1.000000
27849 49.052101 -57.371613 13.595289 1.000000
27850 49.618031 -57.236561 12.745336 1.000000
27851 50.394005 -57.243206 12.048979 1.000000
27852 48.899010 -56.997383 11.578682 1.000000
27853 48.353302 -56.799000 10.356484 1.000000
27854 48.108837 -56.650230 9.041372 1.000000
27855 48.039669 -56.860981 7.777853 1.000000
27856 46.892868 -56.739117 8.620378 1.000000
27857 45.808235 -57.012268 8.480196 1.000000
27858 44.745918 -57.441780 8.491220 1.000000
27859 39.933929 -58.971344 12.711886 1.000000
27860 40.591801 -58.694244 11.432089 1.000000
28060 51.833820 -43.154987 15.994398 1.000000
28062 45.342045 -45.764336 15.746295 1.000000
28063 46.028053 -44.892174 15.652174 1.000000
28064 45.229919 -45.448517 15.004555 1.000000
28065 45.133644 -45.034924 14.295847 1.000000
28066 45.072948 -44.542656 13.580676 1.000000
28067 45.021511 -43.963688 12.828174 1.000000
28068 44.859856 -45.307304 12.705487 1.000000
28069 45.092186 -46.110329 11.764583 1.000000
28177 58.379028 -33.205349 4.678577 1.000000
28178 56.668507 -33.255863 4.510364 1.000000
28179 55.006367 -33.457409 4.333078 1.000000
28180 55.566753 -33.939308 5.113552 1.000000
28185 51.431042 -38.090343 9.422503 1.000000
28186 50.122627 -38.181000 9.317549 1.000000
28187 48.822769 -38.317009 9.241059 1.000000
28188 47.500347 -38.580677 9.000585 1.000000
28189 47.853111 -38.840847 9.921128 1.000000
28190 47.041859 -39.495090 10.518412 1.000000
28191 46.252804 -40.301476 11.013708 1.000000
28558 51.478954 -48.142761 6.230781 1.000000
28559 51.142372 -47.199345 5.551138 1.000000
28560 52.294849 -48.114708 5.600266 1.000000
28561 53.142456 -48.140663 4.968957 1.000000
28562 54.074318 -48.070251 4.331876 1.000000
28563 59.005634 -50.673553 4.849599 1.000000
28564 58.089165 -49.699219 4.352589 1.000000
28565 59.109112 -49.496201 3.939105 1.000000
28566 59.114155 -48.159187 2.879733 1.000000
28567 58.825012 -46.726982 2.059935 1.000000
28568 58.330353 -45.667530 1.417446 1.000000
29001 45.599300 -37.629635 5.384747 1.000000
29002 44.993187 -37.810760 4.532452 1.000000
29003 44.754517 -38.794228 4.792288 1.000000
29004 44.580467 -40.093922 4.053419 1.000000
29005 45.067242 -41.291607 3.284435 1.000000
29006 45.306221 -41.878319 4.642446 1.000000
29007 45.681389 -42.083374 3.695383 1.000000
29008 46.102753 -42.251148 2.656886 1.000000
29009 47.442238 -42.920082 2.053670 1.000000
29010 48.977486 -43.335144 1.601587 1.000000
29011 50.644379 -43.659111 1.389483 1.000000
30243 56.394966 -25.435318 -0.392973 1.000000
30244 54.324024 -25.997656 -0.518298 1.000000
30246 53.328758 -26.782990 -0.049417 1.000000
30247 52.259022 -26.474482 -0.651849 1.000000
30248 50.300575 -26.962885 -0.911543 1.000000
30249 48.397278 -27.370621 -1.205990 1.000000
30250 46.659924 -27.749584 -1.647462 1.000000
30251 46.145485 -37.687653 -3.379733 1.000000
30252 45.566124 -36.560783 -3.655939 1.000000
30253 46.833607 -37.242863 -4.194815 1.000000
30254 47.664448 -36.790382 -4.995180 1.000000
30255 48.646091 -36.316895 -5.794946 1.000000
30256 51.193859 -37.529110 -5.404950 1.000000
30257 50.525764 -36.639133 -5.980279 1.000000
30258 49.696190 -35.761585 -6.610188 1.000000
30259 50.854931 -35.241508 -7.421735 1.000000
30260 51.957020 -34.554714 -8.194384 1.000000
30261 53.173676 -33.785454 -8.927193 1.000000
30262 54.475567 -32.950020 -9.549424 1.000000
30263 55.124725 -33.933174 -9.114985 1.000000
30264 57.094929 -34.118462 -9.042879 1.000000
30265 58.753216 -34.388832 -8.736002 1.000000
30266 58.081654 -35.985176 -6.959428 1.000000
30267 59.155560 -35.344261 -7.662584 1.000000
31403 44.425560 -48.365139 13.956340 1.000000
31404 45.049480 -49.111153 12.830629 1.000000
31405 44.626820 -49.391205 13.665306 1.000000
31406 44.993416 -50.176441 13.530034 1.000000
31407 45.558224 -50.981487 13.468027 1.000000
31408 44.006767 -50.530251 15.493240 1.000000
31409 44.982033 -51.287102 14.434874 1.000000
31410 46.261101 -51.790180 13.438540 1.000000
31411 46.920631 -52.580635 13.601067 1.000000
31412 47.710239 -53.370964 13.758670 1.000000
31413 48.447308 -54.086815 13.995581 1.000000
31423 46.064426 -57.518604 14.478414 1.000000
31424 44.957939 -57.282539 13.314127 1.000000
31425 44.217697 -57.265553 12.056331 1.000000
31426 43.742870 -57.471489 13.363879 1.000000
31427 42.556629 -57.664497 13.471870 1.000000
31428 41.396194 -57.993782 13.727974 1.000000
31429 42.238770 -58.249012 16.349316 1.000000
31430 41.133057 -58.274696 15.151843 1.000000
31431 40.397259 -58.529583 13.941908 1.000000
31432 39.474415 -59.266846 14.151825 1.000000
31588 45.757027 -46.314621 17.136456 1.000000
31589 45.465954 -46.037605 16.416880 1.000000
31590 44.792820 -46.660194 15.709898 1.000000
31591 44.398720 -47.484806 14.831137 1.000000
31684 53.257172 -38.473034 10.575068 1.000000
31685 52.225075 -38.974304 11.363306 1.000000
31686 51.254768 -39.600880 12.090882 1.000000
31972 55.412128 -51.919853 7.515778 1.000000
31973 55.530621 -50.968018 6.638985 1.000000
31974 56.383972 -51.947914 6.965722 1.000000
31975 57.231133 -51.936363 6.445153 1.000000
31976 58.045856 -51.937183 5.969314 1.000000
31977 58.256824 -54.263573 6.905612 1.000000
31978 58.785542 -53.143898 6.334390 1.000000
31979 58.893578 -51.840992 5.584147 1.000000
31980 59.692604 -51.853310 5.066004 1.000000
32703 52.121300 -32.051048 1.620568 1.000000
32704 51.183361 -31.412231 1.715320 1.000000
32705 50.064415 -32.356880 1.894510 1.000000
32706 48.196190 -32.650185 1.978382 1.000000
32707 46.514381 -33.173740 1.748643 1.000000
32708 46.679726 -34.439552 2.430172 1.000000
32709 45.877522 -34.149193 1.898723 1.000000
32710 45.147717 -33.896332 1.260708 1.000000
32711 44.305595 -34.873543 0.439126 1.000000
32712 44.170715 -36.001373 -0.697910 1.000000
32713 44.649445 -37.160595 -1.685446 1.000000
32714 44.623871 -38.029182 3.622086 1.000000
32715 44.357391 -38.267433 2.648740 1.000000
32716 44.292004 -38.487919 1.493490 1.000000
32717 45.160206 -40.758530 0.820847 1.000000
32718 44.720970 -39.777473 0.564825 1.000000
32719 44.431347 -38.589527 0.384658 1.000000
32720 44.721088 -38.592228 -0.700153 1.000000
32721 45.092644 -38.362011 -1.654614 1.000000
32722 45.575172 -38.027637 -2.599014 1.000000
32723 46.848152 -38.798363 -3.195257 1.000000
32724 48.415306 -39.429737 -3.626984 1.000000
32725 50.145973 -39.983082 -4.061635 1.000000
32726 50.252480 -41.428673 -3.052606 1.000000
32727 51.101070 -40.964523 -3.726996 1.000000
32728 52.001801 -40.381981 -4.333193 1.000000
32729 53.977703 -40.723843 -4.545335 1.000000
34270 52.852234 -58.212074 5.476615 1.000000
34271 54.266380 -58.319313 5.230432 1.000000
34272 53.453789 -59.169415 4.959548 1.000000
34273 54.136627 -60.092339 4.684516 1.000000
34274 54.762196 -60.851673 4.415910 1.000000
34275 52.224010 -61.101624 4.820474 1.000000
34276 53.818176 -61.524231 4.477869 1.000000
34277 55.321716 -61.432545 4.061722 1.000000
34293 52.476105 -56.867016 -1.144707 1.000000
34294 53.260944 -56.057171 -2.194144 1.000000
36032 47.150085 -23.498425 -4.701510 1.000000
36038 50.223335 -30.715302 1.715515 1.000000
36039 49.211353 -30.160542 1.395030 1.000000
36040 48.241905 -29.747265 0.892771 1.000000
36042 46.437672 -30.327244 0.440437 1.000000
36043 47.317829 -29.400965 0.271658 1.000000
36044 46.531067 -29.029221 -0.512931 1.000000
36045 45.821846 -28.674763 -1.396091 1.000000
36046 45.259335 -28.336096 -2.401910 1.000000
36047 45.074928 -35.403336 -3.771710 1.000000
36048 44.698952 -34.157471 -3.826011 1.000000
36049 44.409012 -32.864105 -3.787252 1.000000
36050 45.766670 -33.534946 -5.802404 1.000000
36051 44.798016 -32.680927 -4.894566 1.000000
36052 44.210552 -31.628073 -3.699732 1.000000
36053 44.203739 -30.374592 -3.601687 1.000000
36054 44.416588 -29.173075 -3.535749 1.000000
36055 44.804993 -27.999058 -3.539718 1.000000
36056 44.539989 -27.682293 -4.646836 1.000000
39017 46.117466 -44.384106 7.978414 1.000000
39018 47.075390 -44.787010 7.001831 1.000000
39019 47.075378 -45.264828 7.597997 1.000000
39020 48.181709 -46.091805 7.243234 1.000000
39021 49.317635 -46.954987 6.953621 1.000000
39022 47.807350 -47.385406 8.646439 1.000000
39023 49.061363 -47.552170 7.741132 1.000000
39024 50.243462 -47.742619 6.894166 1.000000
39025 51.286308 -48.658848 6.985325 1.000000
39026 52.236176 -49.597054 7.157731 1.000000
39027 53.224945 -50.638592 7.493474 1.000000
39028 46.134380 -49.680397 11.742826 1.000000
39029 47.346397 -50.083485 10.796209 1.000000
39030 48.601460 -50.383461 9.985120 1.000000
39031 48.732079 -51.536388 10.879232 1.000000
39032 49.362263 -51.117290 10.078980 1.000000
39033 49.944523 -50.640545 9.209619 1.000000
39034 51.318634 -50.963913 8.635266 1.000000
39035 52.711517 -51.230522 8.172615 1.000000
39036 54.111885 -51.554405 7.801814 1.000000
39037 54.844513 -52.516579 8.143291 1.000000
39038 55.434681 -53.601982 8.568523 1.000000
39039 55.875477 -54.605614 8.849639 1.000000
39040 54.090740 -54.624092 9.937318 1.000000
39041 55.034248 -55.053589 9.496574 1.000000
39042 55.820606 -55.586945 8.875119 1.000000
39043 55.463203 -56.348133 8.750345 1.000000
39044 54.662598 -56.890129 8.248177 1.000000
39045 53.712463 -57.137890 7.442930 1.000000
39051 45.024231 -53.355297 16.566677 1.000000
39052 46.252693 -53.791840 15.701559 1.000000
39053 47.739017 -54.227379 14.918057 1.000000
39054 49.285301 -54.832802 14.093768 1.000000
39062 50.004848 -55.634499 14.285892 1.000000
39063 50.769356 -55.507801 13.446424 1.000000
39064 52.166107 -56.176777 12.808803 1.000000
39065 52.992504 -56.725292 12.083365 1.000000
39066 53.259819 -57.075294 11.212313 1.000000
39067 51.215679 -57.276421 11.463806 1.000000
39068 52.212128 -57.227882 10.826805 1.000000
39069 52.998627 -57.146484 10.236403 1.000000
39070 52.818001 -57.023438 9.272844 1.000000
39071 52.689686 -57.035530 8.009575 1.000000
39072 52.671021 -57.276436 6.472350 1.000000
39073 51.607044 -57.790337 5.866112 1.000000
39074 50.539028 -58.409351 5.661168 1.000000
39075 49.525257 -58.894085 5.747056 1.000000
39076 48.095757 -57.520142 6.798036 1.000000
39077 48.269703 -58.349854 6.196985 1.000000
39078 48.513359 -59.188519 5.834013 1.000000
39079 47.489079 -59.516487 5.971586 1.000000
39082 43.775455 -57.227539 10.741554 1.000000
39083 43.567616 -57.431633 9.595776 1.000000
39084 43.516907 -57.959251 8.754088 1.000000
39085 41.496910 -58.533611 10.196329 1.000000
39086 42.450645 -58.516277 9.085299 1.000000
39087 43.557549 -58.601490 8.107619 1.000000
39481 53.930103 -41.113609 14.151011 1.000000
39482 53.912865 -40.309288 13.350754 1.000000
39483 52.551128 -40.244545 13.076590 1.000000
39484 51.209267 -40.291222 12.915701 1.000000
39485 49.817753 -40.354053 12.717259 1.000000
39488 49.052631 -43.125469 15.552744 1.000000
39489 46.885883 -43.975067 15.461278 1.000000
39490 47.824211 -43.204159 15.194819 1.000000
39491 48.828041 -42.493851 14.827370 1.000000
39492 48.665386 -41.900261 14.021666 1.000000
39493 48.570320 -41.205353 13.253408 1.000000
39494 48.539021 -40.488819 12.508932 1.000000
39495 47.310158 -40.646748 12.203890 1.000000
39496 46.238838 -40.959080 11.790144 1.000000
39497 45.420540 -41.416294 11.195126 1.000000
39498 44.974178 -43.376400 12.024740 1.000000
39499 45.013649 -42.715519 11.257944 1.000000
39500 44.982559 -42.156071 10.450026 1.000000
39501 44.946072 -42.961945 9.642334 1.000000
39502 45.394497 -43.738022 8.747127 1.000000
39503 45.347450 -43.258251 7.993401 1.000000
39715 60.660301 -32.018806 3.493592 1.000000
39716 60.048481 -31.671228 2.561211 1.000000
39720 53.898354 -32.095943 1.502961 1.000000
39721 52.882923 -32.884865 1.922502 1.000000
39722 51.831184 -33.546791 2.481328 1.000000
39723 50.899284 -34.031227 3.158689 1.000000
39724 53.313873 -33.790470 4.158061 1.000000
39725 51.642464 -34.127033 4.014347 1.000000
39726 49.982662 -34.442184 3.841481 1.000000
39727 49.061932 -34.917599 4.477313 1.000000
39728 48.198395 -35.508434 5.023551 1.000000
39729 47.413559 -36.215790 5.479784 1.000000
39736 49.413483 -36.397812 6.368693 1.000000
39737 47.953865 -36.608803 6.175593 1.000000
39738 46.680714 -36.994671 5.874825 1.000000
39739 45.995052 -37.871635 6.283298 1.000000
39740 45.509041 -38.718559 6.690389 1.000000
39741 45.139614 -39.583542 7.083247 1.000000
39742 46.346024 -38.996613 8.694932 1.000000
39743 45.381310 -39.683022 8.113855 1.000000
39744 44.907791 -40.458206 7.384952 1.000000
39745 44.834724 -41.441540 7.631254 1.000000
39746 44.984745 -42.342407 7.829835 1.000000
40477 47.712460 -44.770271 6.256795 1.000000
40478 48.383980 -44.712303 5.564718 1.000000
40479 49.133038 -44.556198 4.904374 1.000000
40480 50.962578 -46.328392 5.030508 1.000000
40481 50.537514 -45.349163 4.791438 1.000000
40482 49.841724 -44.355289 4.146249 1.000000
40483 50.640289 -44.176857 3.285064 1.000000
40484 51.366722 -44.032631 2.428015 1.000000
40485 52.072441 -43.944324 1.656002 1.000000
40486 55.455128 -50.024414 5.708881 1.000000
40487 55.194439 -48.990520 4.756457 1.000000
40488 54.938641 -47.800194 3.794713 1.000000
40489 56.996349 -48.773811 3.735299 1.000000
40490 55.861839 -47.638985 3.332493 1.000000
40491 54.646309 -46.566391 3.379462 1.000000
40492 54.374138 -45.377544 3.022264 1.000000
40493 53.761452 -44.415779 2.089579 1.000000
40494 53.016735 -43.993095 0.776047 1.000000
40495 54.037056 -44.041237 -0.192810 1.000000
40496 54.851665 -44.040943 -1.012793 1.000000
40497 55.674084 -43.892860 -1.832169 1.000000
