#!ascii label, resampled from fsaverage7 to fsaverage6
145
135 -36.244152 -83.423508 26.565063 1.000000
297 -42.265747 -74.963219 30.260761 1.000000
564 -31.575516 -75.011169 31.538589 1.000000
775 -39.796646 -69.465103 32.574696 1.000000
776 -39.830101 -73.509201 33.388161 1.000000
1248 -34.010368 -81.021683 33.153503 1.000000
1250 -32.344368 -81.130783 29.047113 1.000000
1687 -37.539700 -77.525406 29.096384 1.000000
1689 -39.930485 -75.485855 26.065130 1.000000
2695 -40.812832 -68.870239 30.131922 1.000000
3168 -35.003544 -82.399612 29.864277 1.000000
3169 -32.674519 -82.128197 31.606625 1.000000
3170 -34.175671 -83.128738 28.027243 1.000000
3171 -33.987812 -81.767670 25.774548 1.000000
3172 -35.250286 -83.385231 24.828146 1.000000
3174 -36.840336 -84.142349 23.784414 1.000000
3768 -41.595333 -74.675140 32.314827 1.000000
3770 -39.976044 -76.048431 31.974411 1.000000
3771 -37.822186 -77.308777 31.688797 1.000000
3772 -39.965797 -75.758553 30.135202 1.000000
3773 -38.998810 -76.015602 27.675379 1.000000
3774 -41.411846 -74.742104 28.508251 1.000000
5186 -31.641790 -77.339066 33.688618 1.000000
5192 -31.179291 -72.787506 29.454174 1.000000
6005 -39.990253 -71.598083 32.929527 1.000000
6007 -44.224358 -73.749672 30.124887 1.000000
6857 -31.550003 -80.203720 32.781456 1.000000
6858 -31.780224 -78.346512 29.824551 1.000000
7775 -35.772205 -78.816200 33.696556 1.000000
7776 -35.905220 -79.811684 30.994205 1.000000
7777 -36.977928 -81.159027 27.760614 1.000000
7778 -37.847862 -82.722588 25.270823 1.000000
7779 -38.158150 -79.257721 26.229229 1.000000
7780 -39.529747 -78.316689 24.747156 1.000000
7782 -42.318787 -74.003395 26.538548 1.000000
10848 -35.710732 -82.962845 28.153971 1.000000
10849 -34.478741 -83.053108 29.052582 1.000000
10850 -35.138428 -83.390869 27.306866 1.000000
10851 -34.769997 -83.328110 26.350000 1.000000
10852 -35.711109 -83.658562 25.789499 1.000000
10853 -36.097771 -83.889854 24.314529 1.000000
10854 -36.595955 -83.784668 25.182142 1.000000
11448 -42.049187 -75.016975 31.286060 1.000000
11449 -40.821434 -75.431038 32.166550 1.000000
11450 -41.143250 -75.542038 31.202892 1.000000
11451 -40.123581 -75.960953 31.133602 1.000000
11452 -41.165142 -75.334190 30.258158 1.000000
11453 -40.767353 -75.168503 29.414139 1.000000
11454 -41.998695 -74.833633 29.410862 1.000000
12866 -31.575687 -76.280701 32.576321 1.000000
12868 -31.944067 -74.434135 33.613140 1.000000
12870 -31.780487 -73.287819 32.555794 1.000000
12871 -31.490143 -72.216652 31.550602 1.000000
12872 -31.467545 -73.787857 30.539286 1.000000
13847 -39.986500 -70.514587 32.808620 1.000000
13849 -42.445721 -71.658615 31.309727 1.000000
13850 -43.583984 -72.176323 30.704483 1.000000
13851 -43.431465 -73.252213 31.112061 1.000000
15263 -34.006035 -80.284958 34.595539 1.000000
15265 -33.024078 -81.121117 34.086510 1.000000
15266 -32.413544 -81.865219 30.331793 1.000000
15267 -31.937826 -81.211044 32.158787 1.000000
15268 -31.809437 -80.705673 30.849924 1.000000
15269 -31.665363 -79.349899 31.292440 1.000000
15272 -32.509254 -80.193130 27.780117 1.000000
15273 -34.528934 -81.845833 24.122984 1.000000
15274 -34.080193 -80.788956 24.630146 1.000000
17067 -38.125263 -75.608147 35.022232 1.000000
17072 -36.673439 -77.738632 33.750061 1.000000
17073 -37.761005 -77.403297 30.609570 1.000000
17074 -36.726082 -78.407204 31.444647 1.000000
17075 -36.768547 -78.790764 30.019144 1.000000
17076 -36.365715 -80.364990 29.455639 1.000000
17077 -37.105251 -79.325806 28.381109 1.000000
17078 -37.595840 -80.176529 27.043036 1.000000
17079 -37.714867 -78.160774 27.643147 1.000000
17080 -39.490196 -75.709274 26.853189 1.000000
17081 -38.968651 -77.033081 26.111771 1.000000
17082 -39.531319 -76.848572 25.395079 1.000000
17084 -39.912796 -76.572754 24.680319 1.000000
21375 -38.471504 -82.190720 24.584484 1.000000
21376 -38.075703 -83.574356 23.975491 1.000000
23285 -41.479008 -69.837753 30.490320 1.000000
23286 -42.738640 -70.349365 29.611456 1.000000
24134 -34.360359 -81.756165 31.560583 1.000000
24135 -33.244091 -81.848282 32.476780 1.000000
24136 -33.802284 -82.489426 30.837641 1.000000
24137 -33.371529 -82.696304 29.701782 1.000000
24138 -33.136295 -82.309395 28.565357 1.000000
24139 -33.090771 -81.546509 27.452911 1.000000
24140 -33.995491 -82.610641 26.949539 1.000000
24141 -34.603962 -82.700241 25.249044 1.000000
24142 -34.932003 -82.763184 23.649931 1.000000
25214 -40.946289 -74.221390 33.034172 1.000000
25219 -37.769421 -77.165421 32.641342 1.000000
25220 -38.973030 -76.585381 31.803818 1.000000
25221 -38.929588 -76.500687 30.928497 1.000000
25222 -38.706963 -76.406700 29.776556 1.000000
25223 -38.352680 -76.607780 28.438305 1.000000
25224 -39.558651 -75.615181 29.070257 1.000000
25225 -40.098095 -75.178207 28.255823 1.000000
25226 -40.643135 -74.869469 27.408625 1.000000
27766 -31.635416 -78.322289 34.971748 1.000000
29371 -39.959015 -72.556198 33.058083 1.000000
29372 -41.038372 -71.185226 31.988598 1.000000
29373 -41.231167 -72.253746 32.288666 1.000000
29374 -41.191826 -73.205696 32.585529 1.000000
29375 -42.149452 -73.736847 32.137173 1.000000
29376 -42.899746 -74.266945 31.282867 1.000000
29377 -43.304935 -74.494919 30.217840 1.000000
29378 -43.230736 -74.468735 29.252176 1.000000
31357 -32.359867 -81.458038 33.270950 1.000000
31358 -31.710846 -80.729309 34.013706 1.000000
31359 -31.536932 -79.783669 34.514778 1.000000
31360 -31.495672 -78.935951 33.158089 1.000000
31361 -31.656399 -77.852013 31.852322 1.000000
31362 -31.661228 -76.718384 30.717993 1.000000
31363 -31.574757 -75.577583 29.628040 1.000000
31364 -31.833225 -77.278000 28.561909 1.000000
31367 -33.247181 -80.573021 26.289515 1.000000
31368 -33.484161 -79.519249 25.018778 1.000000
33713 -38.313255 -74.624245 34.767735 1.000000
33721 -34.870384 -79.945824 33.507225 1.000000
33722 -36.725430 -78.102066 32.569466 1.000000
33723 -35.820183 -79.289734 32.398567 1.000000
33724 -34.945980 -80.574173 32.092194 1.000000
33725 -35.377125 -81.285439 30.512127 1.000000
33726 -36.152199 -81.878693 28.823627 1.000000
33727 -36.685646 -82.597145 27.203907 1.000000
33728 -37.068890 -83.196205 25.951908 1.000000
33729 -37.499931 -81.889832 26.565714 1.000000
33730 -38.110752 -81.160423 25.747992 1.000000
33731 -38.701538 -80.441452 25.010403 1.000000
33732 -38.362202 -77.384552 26.880392 1.000000
33733 -38.810337 -78.670815 25.396376 1.000000
33734 -39.385487 -79.947433 24.296110 1.000000
33738 -42.773212 -74.463814 28.331125 1.000000
33739 -42.004749 -74.451920 27.526709 1.000000
33740 -40.972759 -74.575790 26.528194 1.000000
33741 -42.399254 -73.373085 25.574352 1.000000
33742 -41.143726 -74.095009 25.638754 1.000000
33743 -40.167606 -75.119431 25.239241 1.000000
35427 -39.987968 -68.435204 30.902782 1.000000
38918 -31.464727 -74.516190 28.399618 1.000000
38963 -37.398571 -83.784767 24.558756 1.000000
