#!ascii label, resampled from fsaverage7 to fsaverage6
206
32 34.450764 -72.597961 28.797527 1.000000
303 39.232666 -72.419876 29.746643 1.000000
417 34.767483 -67.997025 39.216461 1.000000
782 34.399399 -75.852936 34.536095 1.000000
783 36.230042 -79.842400 32.227650 1.000000
784 35.607796 -78.388817 27.601278 1.000000
1270 42.333752 -75.251488 24.499731 1.000000
1698 38.218868 -75.343849 34.570911 1.000000
1699 39.609516 -78.102699 28.175360 1.000000
1934 34.402138 -72.936867 39.494350 1.000000
1935 33.788490 -70.704880 34.611683 1.000000
2359 43.881947 -69.474472 29.655346 1.000000
2703 34.871208 -77.410431 30.863474 1.000000
2704 34.953880 -75.553383 28.117437 1.000000
3190 43.018944 -76.327591 22.106396 1.000000
3787 37.720505 -74.232376 39.820507 1.000000
3789 37.204918 -76.395287 36.951996 1.000000
3790 37.111595 -81.241013 29.269495 1.000000
3791 37.714367 -79.466850 30.105860 1.000000
3792 39.079456 -80.623154 27.511047 1.000000
3793 40.996227 -78.862213 25.672424 1.000000
4247 35.686707 -68.230125 41.650616 1.000000
4248 35.717468 -70.662827 41.855854 1.000000
4249 34.585350 -70.549423 39.203419 1.000000
4250 33.728989 -72.174881 37.247108 1.000000
4251 33.678223 -69.563293 37.057606 1.000000
5251 43.718407 -70.900269 31.948544 1.000000
5252 41.340977 -70.482224 30.381983 1.000000
5254 40.872608 -67.869019 26.645275 1.000000
6016 34.769653 -76.632530 37.234234 1.000000
6017 35.921906 -78.367691 36.017124 1.000000
6018 34.979980 -78.565224 33.735184 1.000000
6019 35.606476 -79.946030 30.277109 1.000000
6894 40.682259 -74.209572 26.829533 1.000000
6896 40.727337 -72.973083 25.106031 1.000000
6897 40.191757 -71.519218 23.463619 1.000000
7803 37.147530 -77.864273 33.719997 1.000000
7804 37.712292 -76.676239 30.908655 1.000000
7805 39.082680 -75.440651 28.589722 1.000000
7806 41.519264 -76.620247 26.390091 1.000000
8401 39.941845 -69.836388 42.081978 1.000000
8402 38.433327 -72.032372 42.155113 1.000000
8405 35.665779 -72.815872 42.045761 1.000000
8406 34.808147 -74.968422 39.678993 1.000000
8407 34.133034 -74.436729 37.383446 1.000000
8408 34.202362 -73.235237 34.543224 1.000000
9535 33.771793 -66.958679 37.837379 1.000000
9536 33.279728 -68.039589 35.379807 1.000000
9565 34.031597 -70.656837 25.897709 1.000000
9633 45.856026 -67.690773 28.911617 1.000000
9634 41.348640 -69.337677 28.369314 1.000000
9635 43.703251 -68.221703 27.261097 1.000000
9636 45.728149 -66.878937 26.548223 1.000000
10384 34.657383 -74.047897 28.437927 1.000000
10385 34.855625 -74.454781 27.010418 1.000000
10386 34.576351 -73.034744 27.333729 1.000000
11467 36.681904 -75.342041 39.539333 1.000000
11468 37.336506 -75.268227 38.364361 1.000000
11469 36.508781 -76.452560 38.017269 1.000000
11471 38.097347 -81.193703 28.370550 1.000000
11927 35.214905 -68.226616 40.410557 1.000000
11928 35.286568 -69.451843 40.391869 1.000000
11929 34.804668 -69.221611 39.171207 1.000000
11930 34.102478 -70.095261 38.128983 1.000000
11931 34.206818 -68.810410 38.140209 1.000000
13867 34.500572 -76.328346 35.940804 1.000000
13868 34.808208 -77.668877 35.558266 1.000000
13869 34.629021 -77.256775 34.218666 1.000000
13870 35.302719 -77.913834 29.234106 1.000000
13871 35.220604 -78.833290 30.612259 1.000000
13872 35.567680 -79.328865 29.031300 1.000000
13873 35.992638 -80.616348 28.764597 1.000000
13874 35.901924 -79.842789 27.519012 1.000000
15330 41.715332 -74.781387 25.703442 1.000000
15331 40.877735 -73.602913 25.899231 1.000000
15332 41.777809 -74.128815 24.802902 1.000000
15334 41.213268 -72.757278 23.098650 1.000000
17124 40.135361 -71.632057 38.268486 1.000000
17130 36.092331 -79.172096 34.113686 1.000000
17131 36.646420 -78.345604 34.993729 1.000000
17132 36.727657 -79.061005 32.979092 1.000000
17133 38.573772 -78.936264 29.062840 1.000000
17134 37.715103 -78.099548 30.467381 1.000000
17135 38.477997 -77.533752 29.278278 1.000000
17136 38.187195 -76.072174 29.625996 1.000000
17137 39.414154 -76.815292 28.336788 1.000000
17138 40.461388 -76.088989 27.485983 1.000000
17139 40.709431 -77.323868 27.390385 1.000000
17141 41.757004 -78.134872 24.640230 1.000000
18498 38.936768 -70.813675 43.537025 1.000000
18499 37.884701 -71.880928 43.253654 1.000000
18500 37.398766 -73.168533 42.094513 1.000000
18501 36.876385 -72.938148 42.761925 1.000000
18505 34.955536 -71.975410 40.493198 1.000000
18506 35.651875 -71.898918 42.010624 1.000000
18508 35.108398 -73.874939 40.845493 1.000000
18511 34.077599 -73.785835 38.564381 1.000000
18513 33.889572 -72.661263 35.997448 1.000000
18514 33.992161 -71.958618 34.547897 1.000000
18515 34.191856 -72.508316 32.967857 1.000000
21277 33.248970 -66.313248 37.264969 1.000000
21278 33.469292 -67.452385 36.725334 1.000000
21279 33.044701 -66.668053 35.939472 1.000000
21519 40.454292 -70.260391 28.193333 1.000000
21521 41.984276 -67.123512 26.131977 1.000000
21524 44.858929 -67.630112 26.817856 1.000000
23296 34.387997 -75.181458 33.044250 1.000000
23297 34.602539 -76.668869 32.725689 1.000000
23299 34.895214 -76.483459 29.492437 1.000000
23300 35.306149 -76.871010 27.841787 1.000000
23301 35.473072 -77.306961 26.346029 1.000000
23303 35.092316 -74.863930 25.490095 1.000000
24174 42.660713 -75.767525 23.351505 1.000000
24175 42.337635 -74.644150 23.826675 1.000000
24176 42.703148 -75.123009 22.558414 1.000000
25249 38.732292 -72.914261 39.931831 1.000000
25250 39.299412 -72.706024 38.476112 1.000000
25251 38.335587 -73.970665 38.531761 1.000000
25252 38.075768 -74.977890 37.095928 1.000000
25253 37.835289 -75.922668 35.796844 1.000000
25254 36.632664 -80.468857 30.717892 1.000000
25255 36.986252 -79.790421 31.222080 1.000000
25256 37.505745 -80.524918 29.855297 1.000000
25257 38.470985 -80.162216 28.844046 1.000000
25258 39.444485 -79.400436 27.928305 1.000000
25259 40.488945 -78.566483 27.090893 1.000000
25260 40.087296 -79.736794 26.625961 1.000000
26077 36.049721 -68.238029 42.971798 1.000000
26078 36.215691 -69.310013 43.062248 1.000000
26079 35.813240 -69.381210 41.660305 1.000000
26080 35.177032 -70.742180 40.438824 1.000000
26081 34.455067 -71.835373 39.333809 1.000000
26082 34.012775 -72.631020 38.461483 1.000000
26083 33.962193 -71.478592 38.220299 1.000000
26084 33.678886 -70.957352 37.074883 1.000000
26085 33.513042 -70.185654 35.814808 1.000000
27882 42.196186 -72.085213 33.563866 1.000000
27883 43.359489 -71.333878 33.182663 1.000000
29398 35.254185 -76.561569 38.235191 1.000000
29399 35.843605 -77.300858 37.486595 1.000000
29400 35.218758 -77.729591 36.717693 1.000000
29401 35.335621 -78.723251 35.000175 1.000000
29402 35.551857 -79.560776 32.994648 1.000000
29403 34.895031 -78.170593 32.286949 1.000000
29404 35.246994 -79.408020 31.823673 1.000000
29405 35.924999 -80.138893 31.365406 1.000000
29406 36.236805 -80.804611 29.891825 1.000000
30046 35.767891 -67.333145 42.764591 1.000000
30047 35.377117 -67.292870 41.556293 1.000000
31445 46.110657 -65.719910 29.246338 1.000000
31448 40.061523 -72.889809 27.140499 1.000000
31449 40.151279 -72.362518 26.321634 1.000000
31451 41.511116 -73.469276 24.039713 1.000000
31452 40.492218 -72.223236 24.314709 1.000000
31453 39.674599 -70.868759 24.782272 1.000000
33784 40.572815 -68.332458 38.512611 1.000000
33794 38.886482 -73.076553 30.921169 1.000000
33795 36.563320 -77.550781 36.595264 1.000000
33796 37.203411 -77.224022 35.535488 1.000000
33797 37.495613 -76.651527 34.236595 1.000000
33798 37.216125 -78.659157 31.706738 1.000000
33799 37.382153 -77.295502 32.338112 1.000000
33800 37.708134 -75.898422 32.903339 1.000000
33801 37.914848 -75.257050 31.588623 1.000000
33802 38.272377 -74.640709 30.310684 1.000000
33803 38.964775 -73.981003 29.169714 1.000000
33804 39.994881 -74.791023 27.715313 1.000000
33805 41.324341 -75.399559 26.644543 1.000000
33806 42.080132 -75.892944 25.328106 1.000000
33807 41.337811 -77.751236 26.106030 1.000000
33808 41.977638 -77.050331 24.990030 1.000000
35487 39.588127 -70.774796 40.829304 1.000000
35488 39.757610 -69.847427 43.559425 1.000000
35489 39.273781 -70.854797 42.243412 1.000000
35490 38.888622 -71.977783 40.976841 1.000000
35491 38.029320 -73.211990 40.993019 1.000000
35493 36.087101 -75.079247 40.279438 1.000000
35497 36.252174 -70.470222 43.277306 1.000000
35498 36.280876 -71.577553 43.306648 1.000000
35499 36.499794 -72.351089 43.203014 1.000000
35500 35.892200 -73.589500 41.970985 1.000000
35501 35.483601 -74.672958 40.672577 1.000000
35502 35.285809 -75.698135 39.464783 1.000000
35503 34.762012 -75.799477 38.495792 1.000000
35504 34.443260 -75.589638 37.348858 1.000000
35505 34.309464 -75.059509 36.003078 1.000000
35506 33.886635 -73.285233 37.308044 1.000000
35507 34.148338 -73.823959 36.001251 1.000000
35508 34.314018 -74.517639 34.530933 1.000000
35509 34.278427 -73.882164 32.983574 1.000000
38846 33.803768 -68.146851 37.408726 1.000000
38848 33.482151 -69.352798 34.909878 1.000000
38849 32.961182 -67.119576 34.523483 1.000000
38850 33.409187 -68.481003 33.931442 1.000000
38851 33.790180 -69.828506 33.529526 1.000000
38935 34.312653 -71.610596 27.285336 1.000000
38936 34.405869 -72.118942 25.832901 1.000000
39135 46.276955 -66.773033 28.506414 1.000000
39137 41.411114 -69.877480 29.325628 1.000000
39138 42.568764 -69.406898 29.007175 1.000000
39139 41.085533 -68.664490 27.519495 1.000000
39140 42.447048 -68.793335 27.931683 1.000000
39141 43.848370 -68.831848 28.448084 1.000000
39142 45.041798 -68.159058 27.880207 1.000000
39143 45.925762 -67.317017 27.525686 1.000000
39145 46.600803 -66.039185 26.443378 1.000000
